9,840,1.0
355,719,0.9456512598054042
840,9,0.9275695536648533
355,634,0.8347433795455798
355,95,0.812513792312552
355,97,0.7928211883551872
421,530,0.7887349564836527
421,594,0.7886359906442016
355,1188,0.7822364626771174
421,592,0.7625195716344381
421,243,0.7601933955297836
355,1115,0.7532531664919202
355,378,0.7499767754653168
421,1179,0.7369097851742237
421,765,0.7356042820213327
421,452,0.7340389763598446
421,515,0.7320788042190756
355,639,0.7305227123274451
355,1130,0.724403934722556
355,633,0.7226420273724202
355,398,0.7205005798597592
421,1118,0.7202310082782246
421,569,0.7191519904168964
356,969,0.7121317878893431
421,903,0.7104917580385804
421,537,0.7019637876991816
421,483,0.6992801269207594
421,799,0.6990748292040335
355,1098,0.6981156996954642
840,968,0.6971728173869515
421,346,0.6920794017356255
421,693,0.687031678628091
421,382,0.6868421489057944
355,252,0.686729508303237
421,323,0.6846613020462932
421,842,0.6830034584858214
355,866,0.6803191960980127
355,987,0.6801103847256925
421,203,0.6777293568899588
355,805,0.6695769846604451
421,1164,0.6684597867639458
355,973,0.6661238213554037
421,532,0.6620295612863366
355,609,0.6598591500692531
355,60,0.6592585830873892
355,380,0.6552350115375506
355,164,0.6541090167390943
421,631,0.654026260273715
421,860,0.653653460048149
355,859,0.6507858961192362
355,311,0.6495546220182834
421,1055,0.6481732834648911
355,222,0.6480261979028316
421,1082,0.6467860287221742
9,968,0.6445411054775044
355,474,0.6426055609571798
1006,866,0.6385309135819257
421,286,0.6356588591038771
355,321,0.6321425762916248
355,883,0.6320172564890781
355,283,0.6317708395227352
355,863,0.6277427252661785
421,1017,0.6253968920980015
840,206,0.6213066486638025
421,1032,0.6188322348440325
421,553,0.6183368393925308
355,1198,0.6177904997825716
355,785,0.6152699585369771
355,541,0.6136736691733897
421,978,0.6134724273257471
421,224,0.6092929234587035
355,856,0.6083886354583107
355,852,0.6072799968971271
421,156,0.6058133801741205
421,477,0.6044488041112912
355,341,0.6007685552795641
355,196,0.5999409543106095
421,661,0.599396966988607
355,1109,0.5980752865153647
421,487,0.5967755233442991
355,1169,0.5943942344337103
355,17,0.5943828582571354
355,273,0.5939083086391956
355,795,0.5869133183928115
421,456,0.5856872550831201
421,998,0.5850805024174885
1006,1002,0.5830799203623127
355,183,0.5796248102981542
421,301,0.5774680728699726
355,472,0.5747021758790174
421,1187,0.5742451209052344
355,518,0.5722582433433075
421,190,0.571241415361691
421,202,0.5705971460717536
421,147,0.5704177190294211
421,1144,0.5701118163143156
421,1201,0.5698651598502583
421,723,0.5693267425198959
421,91,0.5683334804286676
355,1060,0.5633021818955363
421,262,0.5600417305625213
421,218,0.5600276301199301
351,860,0.55872219244599
421,1112,0.5585942758096984
355,590,0.5574802977450709
769,224,0.5554414157193069
355,186,0.5551348047813766
1006,670,0.5544650381098578
355,1002,0.5541101980275644
355,1174,0.5538459671271222
1006,355,0.5527798246375586
355,658,0.5522980040731046
355,300,0.5522951723597085
421,1192,0.5508181229812252
355,1195,0.5506248693316427
355,625,0.5500955005995795
421,510,0.5497413643489376
421,1033,0.5494060486254395
421,1028,0.5456592945057889
351,138,0.5438576426400401
421,470,0.5437585352383589
421,654,0.5434267762528335
355,1058,0.5434123089320226
355,637,0.5427299862318182
421,163,0.5423649551389571
1006,1060,0.5405701210282172
355,362,0.5405287560748702
1006,1188,0.5391282714898475
421,869,0.5377951262902064
421,924,0.5373711217695338
355,1116,0.5345167718404967
1006,609,0.5329354667371455
1006,633,0.5317016397436143
421,154,0.5315040721384737
421,237,0.5313656763279261
355,1180,0.5313371640003537
1006,1169,0.5295105075548712
355,888,0.5293785080272514
355,147,0.5289285648359575
355,235,0.5273668018022554
421,171,0.5263920701469503
421,453,0.5238856556378568
421,902,0.5230353713990721
356,585,0.5227024846796584
355,262,0.5213088616379606
769,537,0.5212504008942022
421,552,0.5209194399717302
355,796,0.5203442036281569
1006,362,0.5180632873775618
1006,164,0.5161951817673346
421,495,0.5161426279684239
355,806,0.5151949762554626
355,670,0.5144287267943277
355,1164,0.513593366571262
421,308,0.5107166100887603
355,693,0.5100258882226512
355,610,0.5090145117915702
769,452,0.5078081225808618
769,470,0.5062037275281824
1006,639,0.505926479173376
355,383,0.5059005055333654
421,126,0.5032837375064129
769,139,0.5031066210873966
421,888,0.5006445918805792
1006,252,0.4998986855507819
355,789,0.49969385351661144
1006,26,0.49944603942822074
769,592,0.4982373198108822
355,149,0.49818751118661664
355,869,0.4981217082284658
421,250,0.498009257181767
421,777,0.49781244139644076
355,7,0.49775851420530537
1006,244,0.49589585629023164
355,528,0.49543072484236106
355,1120,0.4953083426058421
421,605,0.49472651473753404
355,802,0.4944907265141129
769,530,0.49405651725917493
355,470,0.49403868200141965
355,562,0.49306100193737046
421,1161,0.4927357828150216
355,84,0.49200586932933443
769,842,0.49174984373149316
355,1006,0.49084803544785494
355,305,0.4898793488262285
421,340,0.4897730770954393
1006,796,0.48903981707337796
355,323,0.4888776516802804
1006,341,0.48786511539152677
355,244,0.48709996301212444
1006,314,0.48564878460269717
421,1090,0.484109741131474
769,262,0.4840917215954191
421,730,0.4814865817080109
421,854,0.4814809809087503
769,532,0.4808735185026814
421,311,0.48086960234793547
355,154,0.4808507171959107
421,743,0.48048263277917913
421,466,0.47978078272153396
421,397,0.4793691341050295
9,281,0.47922260948728435
355,477,0.47911774726793954
355,346,0.47868452814600515
355,188,0.4772192285054233
769,1028,0.4762482334074819
421,698,0.4752346592641604
769,552,0.4748952272505352
1006,541,0.474818928835009
769,203,0.47454270231427575
840,281,0.4743924907042351
355,660,0.47339299149304215
355,963,0.4728585754516599
421,231,0.47183062714822877
355,1056,0.4716752896392058
355,391,0.47150970745505777
769,126,0.4705710644336329
355,867,0.4705677421651132
1006,856,0.4700466231272921
355,1083,0.469783416241138
355,978,0.46878315122028297
355,39,0.46840526890960166
1006,973,0.46815397009598375
421,348,0.4676535020997718
769,156,0.46754685134206825
1006,852,0.4673967211723168
355,687,0.4671122468030621
769,661,0.4670446675821734
421,992,0.4668607241489895
421,769,0.46679043713223767
421,984,0.4666441895462587
421,4,0.4666342813665055
355,407,0.46575900720126767
355,551,0.465581624280787
355,1070,0.4653465359944461
421,29,0.46479597655071936
351,227,0.4629761929944796
355,1118,0.4627217387822839
355,552,0.46270668694308
769,1082,0.46173558488748634
421,313,0.46141038653501804
351,243,0.4607774932844008
421,489,0.460395677762925
421,1172,0.46017510658942373
355,787,0.45955591125373757
421,291,0.4594278776837882
355,393,0.4593126167831235
769,382,0.4591144911461943
355,190,0.45867850160843365
355,1078,0.45601684214832156
355,5,0.455341628607384
421,5,0.4542325248185137
355,857,0.4540766776832166
355,118,0.4536164028442789
769,510,0.4531433630441414
1006,987,0.45286060926396005
351,765,0.45284198868918135
769,594,0.4526973290974353
769,581,0.4525769230884414
769,1164,0.4514066976607223
421,139,0.45107303911690005
421,707,0.45101233494423726
355,706,0.4510022422294767
769,1055,0.4506742584107824
421,726,0.45038007719463286
9,206,0.4503515053942051
355,301,0.44983905832197996
355,395,0.44958244749564896
769,693,0.449148292224498
351,1112,0.44908776127229233
421,944,0.44883896557098346
355,892,0.4487220598928061
421,344,0.44861471947935677
1006,660,0.44856081314084545
355,324,0.448420714627508
355,936,0.44821494195606526
421,195,0.44808831714891917
355,1097,0.4479710665547737
355,1131,0.4478656952350736
769,190,0.4478491006558927
421,223,0.4476902027824556
351,163,0.44743095656607457
355,198,0.44743092479328544
355,202,0.44607450406077453
421,1185,0.44582360024924134
421,391,0.44538949509874487
421,1011,0.4449630766047601
769,308,0.44445287888914264
421,227,0.44396081549023053
769,1118,0.4412167649840085
1006,634,0.4401642114049672
1006,1120,0.43939293489558684
355,731,0.4388377485680679
355,743,0.4384714199579346
769,799,0.4383955668156265
421,1132,0.4383431752811661
769,346,0.4371170914381734
355,26,0.4362195760791315
1006,719,0.4356415733844855
1006,1131,0.4354800291452016
1006,95,0.4345305825064812
421,1084,0.4345047113897965
421,742,0.43445876028528824
355,215,0.43444644210597144
769,569,0.43413548756421594
421,582,0.43368637988772707
421,988,0.4335490528722121
421,415,0.43351230391485485
769,323,0.4314116253699522
421,254,0.4302289813189093
355,545,0.4293070392883396
355,253,0.4290406092243085
421,253,0.42884698703321866
1006,551,0.428764501839977
1162,1130,0.4276474929010708
355,1057,0.42752070836757133
421,351,0.42712153016138027
355,71,0.4267624897294415
355,195,0.4255194696273332
421,566,0.4254513856632471
1006,472,0.4254158969867066
355,636,0.4247167163885411
1006,1098,0.4244900131652661
421,1025,0.4243753034564654
355,1144,0.42330179520783123
421,68,0.42291326382322136
1006,398,0.4224443889891591
1006,802,0.4220954996899033
421,711,0.4219533960021378
355,791,0.4213749034264065
351,1042,0.42110926576078644
421,632,0.4205938361617347
1006,859,0.42052210283246966
1006,188,0.4204332019797341
769,147,0.4201229008000036
769,605,0.4199085133832067
421,478,0.41948195261187304
1006,1174,0.41943432234159156
769,202,0.4178386233057101
355,204,0.4169601951789334
355,998,0.41686178924890804
769,978,0.4168290986900269
355,1015,0.4159088895555272
421,284,0.41587403103055776
421,708,0.41530067586155806
421,1171,0.4151671016432244
421,881,0.41498657985938237
355,1077,0.41496127775976405
769,1017,0.4144761564545796
421,1056,0.4141264319321872
769,1056,0.4126105994594555
1006,20,0.41148158192461515
421,751,0.4111515106609335
1006,321,0.4107610720369914
355,116,0.41073785969039067
421,1,0.41073194592554163
769,477,0.41025407227884286
421,761,0.41025317393092336
355,250,0.4101293132186229
351,1192,0.41009075096773345
421,1154,0.4095774104230852
1006,806,0.40929915620198926
421,811,0.4088206837714138
351,415,0.40817395122790495
421,138,0.4080218241887994
355,1069,0.4076598378261169
421,589,0.406654885048047
355,234,0.40655461687389477
769,698,0.40525488071081583
769,421,0.40514286519166626
355,169,0.40514159244692133
355,308,0.40484743210402924
20,562,0.40418320670885416
355,29,0.4037906021175025
421,377,0.4031353831467901
355,621,0.4031048874785489
769,1201,0.40116403590774113
1162,149,0.4011574333959126
355,1146,0.40112884952500255
355,698,0.3995183936237425
769,456,0.3993962224011279
351,500,0.39805208953401916
355,514,0.3980150128455362
355,799,0.39783846457747285
421,754,0.3974786138478682
355,730,0.396938712995073
421,680,0.3967413045931048
355,211,0.39652857618464743
355,742,0.3964217094655726
421,122,0.39607206223892494
769,924,0.39592175293794296
421,588,0.39554340145605876
421,1125,0.3954852950797451
355,333,0.3950687528721876
421,756,0.39487481398371477
421,463,0.3943809591512813
355,124,0.3941746437286543
355,339,0.39404071972555943
421,476,0.3939986003910366
769,340,0.3938154598841279
421,324,0.39283156673089104
351,483,0.3927854053718449
1006,590,0.392117153575105
421,23,0.3920452218691799
355,875,0.3913513595239563
421,911,0.3908517333800654
355,352,0.3902697996620508
1006,610,0.3899307699028564
840,194,0.38961258535689597
421,841,0.38930246992929635
421,917,0.38851990044813073
769,291,0.3881160293503189
1162,283,0.38778834125530776
1162,1083,0.3877048191307801
355,173,0.3874937568356248
355,924,0.3868130157226174
421,428,0.38587524506431775
1006,883,0.38579045363034153
421,574,0.3857483859354165
421,55,0.3856514807504388
355,497,0.3853205918559728
1162,71,0.3852218695347882
421,606,0.38520350614444043
769,61,0.3851643310464462
351,463,0.38494457753909167
20,866,0.3848737135634428
355,338,0.3848677317597142
421,636,0.3847447048323217
1006,311,0.3846552781940237
355,1132,0.38443693010398483
355,284,0.3844145295971799
421,994,0.38422933805507864
355,748,0.3837676663875075
421,1133,0.38362569469190544
421,729,0.3832751448977258
1162,196,0.38253652820733725
1162,84,0.3823038647412098
421,848,0.38192287480539844
769,311,0.38180920729329004
351,1004,0.38093819995844963
421,868,0.3807598919205176
1006,791,0.38051391965504366
769,348,0.3803984222280918
769,227,0.3801795791523425
769,122,0.3801023859909483
421,104,0.37961233770600816
421,93,0.37899256599730613
355,297,0.37875321942786616
421,494,0.3784919964539904
355,135,0.378455554381931
355,751,0.3782890580251884
355,569,0.378249126421833
421,383,0.3782048041405098
351,421,0.3780054570996621
421,517,0.37744460879762587
351,342,0.3772973386227977
421,859,0.37639577256971357
351,203,0.3763603853530341
421,7,0.3761187966284254
769,999,0.376094458609045
769,4,0.3751351470040128
421,581,0.3748883051325662
355,103,0.37452481872511634
421,966,0.3744668593634923
769,171,0.37440133834726186
1006,383,0.37425822444564577
769,860,0.3736357041017837
1162,1091,0.37361538534944344
1162,380,0.3734806583042815
355,400,0.3733164831463238
1006,222,0.3731670565960234
1006,183,0.372452296837056
1006,556,0.37225875381760565
1006,1115,0.37135634292334
1162,204,0.37131994215319547
769,243,0.37079612399707973
421,137,0.3707829298625521
769,440,0.3706754032272066
421,587,0.3706508238560134
421,621,0.3702464473574386
351,567,0.36990079008463983
421,722,0.3698176640687725
421,638,0.3698148195646666
355,1172,0.3697321983214941
769,757,0.3693250285039759
355,488,0.36911193006163817
769,654,0.3687014025408767
355,605,0.36859894442087965
769,344,0.3685032687624221
769,553,0.36809663814298826
1162,186,0.36774533066368187
351,881,0.3676281213778131
1006,234,0.3675819303574045
355,444,0.3675408620976794
355,171,0.3674943031394544
769,1187,0.3672438498423333
355,946,0.36717137179160586
769,223,0.36710212065518166
1006,562,0.3670907007877421
769,992,0.3670180332843952
355,1186,0.36688539564486594
1006,528,0.3665839489994919
421,538,0.36654470479944273
421,1115,0.3664095267996414
421,436,0.36573520141951904
355,563,0.36446579022924863
769,178,0.36413714646711526
769,214,0.36410482082092094
1006,1097,0.36364395936946087
421,1160,0.36357697314208826
355,981,0.3633671259619343
355,397,0.36318503880505426
421,1022,0.3631444102594621
421,388,0.36263269493979533
355,238,0.36236966455745906
421,895,0.3623535938488243
351,456,0.3621266676201129
421,461,0.36201877436381213
421,407,0.3619657712292784
20,1006,0.3619002968977765
355,257,0.36122353120815454
20,164,0.36121156081236705
769,286,0.3610505313410577
355,631,0.3609789468795563
351,340,0.3608805351869523
351,707,0.36082292986474823
355,158,0.36064711169756314
421,61,0.36063709039498104
769,765,0.36059801523817664
769,466,0.36048493543087645
769,868,0.3601404765648041
1006,378,0.3593426052711123
421,752,0.3590179074674371
421,863,0.35881099482706696
355,113,0.35879293231726284
769,1144,0.3584951727340635
421,506,0.3584706097680535
20,26,0.35841491153516386
355,1072,0.3584088152019908
421,724,0.35807896332366473
1162,1198,0.3579622970069648
421,475,0.3579598908081046
421,431,0.3577441982519074
1162,1078,0.3575845927053441
1006,17,0.3572355777503751
355,1152,0.3570669649033185
1006,97,0.35648781991881956
421,625,0.3559492552169924
421,430,0.35586161466842625
769,301,0.355093394194072
351,1055,0.3549886778268643
20,551,0.3549161154445063
421,697,0.35491115730520295
1162,936,0.3547925075297323
1006,892,0.35471588162749473
421,408,0.35452514807666097
421,1099,0.3542757182867302
769,940,0.35407437156581417
355,287,0.3539668570576571
421,906,0.353746619214881
355,841,0.3537196469555417
769,730,0.3532418221287026
421,1044,0.353154959427547
355,279,0.35283119051383843
421,215,0.3528007629637857
351,1033,0.3526756300701759
355,1091,0.35245840534006423
355,850,0.35234719665093084
769,873,0.35196124632503006
351,714,0.35190238030328025
769,869,0.3518354224518135
355,1082,0.351594271535665
421,374,0.3515549485783879
355,143,0.3513253493303323
421,141,0.3512819603233921
355,557,0.3512388700713332
355,509,0.35109610801360674
421,526,0.3509729622415768
1162,795,0.3506256330866778
421,716,0.35060094528573255
351,159,0.3505310831751143
421,706,0.35012942988919893
351,466,0.3500251207431581
421,403,0.35000491030233266
421,1167,0.35000398537292404
1162,731,0.34890616088481113
769,631,0.3488555392860889
355,507,0.3487868718398462
356,807,0.3487716599762116
1006,1077,0.34852957078408836
351,452,0.34847088661524234
421,960,0.34845214797064816
421,597,0.34842914164287375
1006,789,0.348295957001333
1006,60,0.34820807839326323
1006,118,0.3478983004032402
421,666,0.3477022194233946
355,83,0.34746041319502086
421,687,0.34714946706853955
355,723,0.34649509116688637
421,873,0.3461729540954049
355,20,0.34558232709684894
351,537,0.3455256996065723
421,1104,0.3454167031707185
769,324,0.34522577148949724
355,53,0.3449852459224299
20,633,0.34463225230244854
421,725,0.3443291709376252
421,80,0.3442325520497668
355,901,0.34408851974120086
355,1017,0.34401162749429026
421,1029,0.3437394924339703
804,159,0.34369153924967716
351,984,0.343281300012982
769,436,0.3427929303205464
355,1171,0.34245641129406945
356,32,0.3424514764867115
421,84,0.3422750263389117
355,314,0.34208146852614896
355,917,0.34187143860138774
421,1186,0.3417099123097694
421,814,0.34153051773884924
769,814,0.3415276417997052
1162,1116,0.3410757407081194
351,231,0.34105849644831016
421,875,0.3409949938465965
421,1013,0.340981517478453
421,1188,0.3409746820870575
20,1002,0.3409322010152861
421,904,0.34069365002408575
355,420,0.3406805233423334
421,213,0.34037010127044254
421,779,0.34030170276665367
421,963,0.3402625993614101
421,244,0.3400677880717398
769,250,0.3400361532866995
355,797,0.33945780621496424
769,877,0.33935200095742774
769,687,0.3393041250439587
421,342,0.33923110823594577
355,292,0.33914152899938543
769,475,0.33910930754090235
769,1172,0.33901847285069764
1162,787,0.33883222506783456
20,188,0.3387879381312583
355,223,0.3383344730034991
421,427,0.33809773708602575
421,169,0.337704988744741
355,1177,0.33761522336610084
421,850,0.3375193157438246
1162,1057,0.33735882521805727
20,719,0.33730441769274716
769,407,0.33712971145867504
351,313,0.33703855744090155
421,940,0.33701545852808606
421,79,0.3364709777322269
769,253,0.33622128990078304
769,495,0.3362103595121266
421,1098,0.33617046670032186
421,646,0.33605030471404734
769,988,0.3359316690851399
355,1160,0.33568043151981813
421,709,0.3355355872697547
355,456,0.33549160824393104
421,1177,0.33541504731178756
840,1095,0.3350175957323981
421,333,0.3348515268708283
769,1161,0.3344937146909817
1162,637,0.3342339603924845
421,771,0.3341738989191872
1162,17,0.3339484683958014
351,811,0.33390401124699937
355,56,0.33389452778323875
421,398,0.3338121163817952
351,515,0.33375612069683475
769,453,0.3336631941850025
1006,238,0.33353888001065185
355,403,0.3333461600092193
421,16,0.3331991666729375
421,536,0.3330214867368585
355,1047,0.33218657639905447
804,1042,0.33204707327714417
715,919,0.3319299869781738
769,526,0.331769442055648
351,224,0.33152609097914754
769,588,0.33130248555898323
769,743,0.33106474007554126
351,726,0.3310301241019966
351,23,0.33099033653545984
351,854,0.33046181770696387
421,1109,0.33005263049700656
355,844,0.3298568238296064
355,904,0.32969696243941043
351,553,0.3296930398693937
421,806,0.32961500301957836
1006,1056,0.32950810058730395
421,930,0.32933010744967783
355,277,0.3293122791797022
1006,5,0.3289973512431736
421,865,0.32897352553287096
421,309,0.3288974872310677
355,655,0.32866449621523697
421,375,0.32865499983902563
355,1173,0.32856910008594753
351,139,0.32779067695590663
355,225,0.3276313002581176
355,824,0.3268836725054408
769,998,0.32688041719126
20,639,0.326674910824297
421,338,0.32666146330102447
351,202,0.3265180880124639
1006,797,0.32619533964550795
421,809,0.32619341820360254
351,480,0.326126532091424
769,483,0.325625694774472
421,123,0.325502182157598
1006,147,0.3252808096073716
1162,867,0.3251937100626762
421,971,0.3248668953688426
1006,333,0.3248197041467652
421,172,0.32453908007643084
1006,395,0.3244511598696188
421,64,0.324349707459677
421,111,0.3241081405604069
944,473,0.32397402671711634
421,523,0.3239311967209521
356,1148,0.3237231737739462
769,195,0.323537785986939
355,268,0.3232131888345003
421,514,0.3232078625967412
421,159,0.32298161591002145
769,1112,0.3229654927512047
421,714,0.3229508877518867
769,854,0.3225997242337697
769,154,0.3225949472160873
421,763,0.3225460823977337
421,264,0.3225290864051367
421,563,0.3221844665312776
1006,625,0.3220255478631694
355,493,0.32197530706863253
421,325,0.32195669681404443
355,326,0.32191750745655695
421,235,0.3217412122466827
355,1032,0.32171084027209373
804,138,0.3214519940027859
355,594,0.32133817547709975
421,39,0.3213155471409578
355,431,0.32125363762133274
355,167,0.32120913932719025
769,723,0.32095533297590645
769,429,0.32068061900901035
20,660,0.3205541521037565
769,68,0.32054390170181607
421,1069,0.32048407628737335
769,881,0.3204672371694872
351,1084,0.3203642138043604
355,1003,0.32035972874614393
1006,7,0.3201901316397202
421,372,0.32000941483778655
421,610,0.3195181527537196
769,1090,0.319357442432551
355,708,0.3191846795730413
1006,1069,0.31912436666793126
355,224,0.3190126381533922
1006,1186,0.31886931162799265
351,592,0.3187862141402483
769,350,0.3187596177580981
355,178,0.3181150137818555
1006,557,0.3179437598135131
421,357,0.31793802832528056
769,754,0.31726804492561084
421,497,0.31724448447349396
421,135,0.3168417396207284
355,570,0.3166573026320648
355,994,0.3165359036965242
351,436,0.31647888022750204
355,408,0.3163182420102182
421,214,0.31627456107071994
351,1028,0.3160395212914315
355,809,0.3160254647337046
20,609,0.3159037339112883
769,175,0.3158544640039947
355,439,0.31580779455893043
769,135,0.3157762538004172
20,1188,0.31543640415487056
1006,1160,0.3152534565557555
20,314,0.31521562809485393
355,930,0.3151651855300392
1006,352,0.3148702233995948
421,828,0.31483773700182166
1162,518,0.31464800607674975
1006,478,0.31459197926571064
421,1034,0.3145000592927289
351,382,0.31420539707693274
769,742,0.31412982303370085
351,698,0.3141168318956461
1006,295,0.314086396567377
355,754,0.3139385930307924
421,124,0.313872268191404
351,477,0.3138426109060824
421,116,0.31373263146470753
421,269,0.31363047599886595
769,621,0.31327466314993235
355,756,0.31312112949519005
769,1185,0.31304582941194004
769,515,0.31291796320988285
421,413,0.3128504930987473
769,1034,0.31262242472833507
769,1047,0.3126204090603635
1006,596,0.3125867167178523
355,1044,0.3125866254067183
1006,324,0.31242241527251735
351,903,0.3122862818378466
421,662,0.31219753663296046
769,918,0.3121465103853381
355,428,0.3119697456304584
20,362,0.31195958257968714
769,994,0.3117458027856286
769,91,0.3116063776503362
355,475,0.3111661371461165
355,396,0.3109450094772157
421,1003,0.3106775242493502
351,799,0.3104985180437579
421,731,0.3103128437155841
351,587,0.3102927435276906
1006,706,0.31016666177422847
769,1042,0.31010442625081225
355,454,0.3096691934134429
355,648,0.3096200208142567
355,0,0.3095747946704606
355,722,0.30956663670262974
421,685,0.3094249698052913
20,252,0.309341642234254
769,726,0.30888233466560483
421,440,0.30860589632672464
355,505,0.3082998959130324
351,992,0.3080934759093933
20,802,0.30804972230475947
1006,40,0.30796625965609703
421,380,0.3076275295096448
1006,1171,0.30760079343345587
355,607,0.3075518077769937
351,237,0.307494383828302
421,1130,0.30745095442470116
1006,300,0.30740694031013344
421,987,0.3073560305551023
421,127,0.3070207785426434
421,458,0.30692736645797386
769,461,0.306913023990298
1162,222,0.3068006899661004
769,582,0.3067785289109627
421,1021,0.30676296382749957
769,5,0.3067249582567587
421,1145,0.3065452900735575
351,1118,0.3065354609473058
1006,431,0.30649456021833077
944,1032,0.30648395659126076
1006,869,0.306357268224167
421,1058,0.3059294466322304
355,1201,0.3059106680525065
355,291,0.30585147832730625
355,777,0.30564483493810474
355,780,0.3055713207517491
355,344,0.30548470560124813
421,892,0.3054555748262531
421,186,0.30537426374481325
421,866,0.3052681578547205
1006,805,0.30515871422753216
351,38,0.305114385811786
421,942,0.3051003261023484
1162,198,0.30486977784817954
421,764,0.304767698006866
355,667,0.3047549809010655
421,95,0.3046678665084768
421,282,0.30454672081773876
1006,90,0.3042548511682209
355,581,0.30418304932237
1006,407,0.30416690649979194
1006,545,0.30404033489624627
355,404,0.3037642524308208
421,438,0.3033809148719321
421,877,0.30334293377761573
421,429,0.30334061650057476
20,222,0.30333632483552575
421,370,0.30328940836597906
355,495,0.3032822129896127
1006,273,0.30326337495616773
20,341,0.3031608421112083
421,824,0.3031409672759165
769,189,0.3031227381591187
421,238,0.30301161504822416
769,971,0.30278502818769704
355,582,0.3025762357407513
1006,1146,0.3024061026149072
769,579,0.30228640066739876
355,596,0.30227778168448494
355,2,0.3019589878555
355,510,0.3019102079786207
769,1083,0.3018193776045628
355,189,0.30172368821872103
769,263,0.30157277143381017
769,12,0.30146781596352473
355,335,0.3014351496254585
1006,751,0.3012278339639471
421,305,0.3011850875285048
355,556,0.3011761481744959
421,355,0.30116183989493706
769,388,0.30111204288304594
769,903,0.3009918804507747
20,1060,0.30093525661918563
1006,253,0.3007792242201586
351,494,0.3006007732925261
421,321,0.30051925318966244
716,530,0.3004658184806168
421,995,0.3003585570227398
355,942,0.30031614593875117
944,421,0.30009420804459513
421,129,0.3000153644768881
355,46,0.2999293875083253
919,715,0.2997376670949088
355,600,0.299649612777868
421,288,0.29947104128982616
20,472,0.29945465820951855
355,988,0.2991202262963377
421,607,0.29893096196084395
20,1169,0.2989037376904941
421,178,0.2987716375795343
421,923,0.2986575555850135
421,727,0.2985922490123066
1006,113,0.2985228145289526
769,431,0.29848709322073913
769,1166,0.29838954079679475
421,216,0.2983067894319658
421,570,0.29797991402399726
421,1083,0.297918869138969
421,396,0.29768982909573954
769,1160,0.29768964644788665
355,555,0.297623164068078
769,729,0.29759382780658095
769,725,0.2974219639367176
1006,475,0.29739384382306105
355,1142,0.29732364402075606
804,184,0.29728081364178033
421,56,0.2972145270095385
421,947,0.2971428543661913
351,346,0.2970780653351461
769,127,0.29706755949022023
421,345,0.2970242411096554
421,1079,0.2969377820014572
769,39,0.29685894451094974
355,214,0.2967977525025461
355,1102,0.2965758443787717
421,17,0.29650902352560893
421,1063,0.29649185244390774
769,497,0.29646874211203383
20,859,0.2963339933117846
769,636,0.2963233252052202
355,1028,0.2961097688262805
355,68,0.2960058729253116
421,30,0.2959026978832904
1006,510,0.2958975965993937
769,1084,0.2958060202252476
986,106,0.2958053114379326
421,418,0.2956021796227213
355,1065,0.2954918682630705
421,1147,0.29548975502566016
421,488,0.29540214784238195
421,500,0.29539005113514105
1006,795,0.29538677319108586
355,342,0.2953849377369843
421,1149,0.29533835181736356
355,579,0.2953041881306956
1006,338,0.2951409953237966
355,560,0.29503653739527286
1006,857,0.2949296292101042
355,64,0.2948493044130667
421,219,0.29436544296812023
769,904,0.29433331439526833
421,590,0.29414785966851675
1006,1102,0.2940836964732619
421,279,0.2940020476838052
769,949,0.29388285529728314
355,40,0.29381194952967143
20,973,0.29377105019298083
421,541,0.29374828003778514
355,835,0.2935848246291853
355,1145,0.29351294181641885
1006,292,0.2933302760351133
769,435,0.2930394754924629
355,458,0.29298250221934796
355,328,0.2929548127573336
1006,346,0.2929486596451681
769,1132,0.2927723194768186
421,423,0.2927533996741505
355,430,0.29270090416217054
355,739,0.2923739050623153
769,1183,0.29224361052196896
421,665,0.29209855596656886
769,284,0.29192141125554005
351,764,0.29191745874981717
1006,262,0.29183168069219295
356,485,0.2917783258746997
1162,658,0.2916843744165372
421,283,0.2915406721962505
421,1182,0.2914666559327293
1006,1130,0.2914514302492562
9,194,0.291336987650015
355,661,0.29132168438521433
1006,305,0.29131611428752574
355,903,0.291310865913407
421,491,0.29129915892085284
421,300,0.2912510313596707
355,126,0.2911954820139421
1162,785,0.2911616005159792
351,693,0.29101801536832295
769,29,0.2909791034346623
351,129,0.29090696791548853
1006,323,0.2908772767824097
716,452,0.2907526212025654
355,1133,0.29072624749675063
421,151,0.29063619850293937
421,807,0.29054740711740684
20,796,0.2904898135642398
351,699,0.2904886903057588
351,1161,0.2903561658523273
769,821,0.29035000100684916
421,749,0.29012458591059337
355,1196,0.29012322080711817
421,857,0.29002872042027056
20,541,0.28996677318571107
355,1054,0.289944178738041
355,534,0.2898862115426646
351,661,0.2898189145990082
1006,888,0.2895735661221362
1006,56,0.28946390522656057
351,569,0.2894549080137189
944,288,0.2893991895691356
769,942,0.2893654847818158
421,378,0.2891822426461108
355,191,0.2891028327985921
1006,901,0.28906909519966617
421,360,0.2889279715618998
20,355,0.2889050069004332
355,1021,0.288852455142427
1006,772,0.2888065254392118
769,751,0.2887418491544674
1006,912,0.2886800049803361
355,174,0.28866690443883586
769,777,0.28865520812009027
421,103,0.2883567273070302
20,852,0.28827934856131937
986,238,0.2882403218698926
351,842,0.28802179729735083
355,61,0.28800042296934575
421,404,0.2879931656672066
769,771,0.28792386563317096
351,566,0.287912409248659
351,190,0.28780900856287783
1006,844,0.28766371614538816
1162,1180,0.2876592625642525
356,110,0.2875627998370529
355,1187,0.2874526070661642
769,556,0.2874195029821916
421,337,0.28737938557358755
20,1131,0.2872716341581716
769,443,0.28725518302985487
1162,1195,0.2872191659034553
769,707,0.28717543356431957
769,58,0.28707200854859805
421,97,0.2870599250358688
421,281,0.2870235851002133
421,72,0.28694268012607577
355,421,0.2868940476545596
769,163,0.28686336659252387
351,723,0.2866376005123294
1162,1109,0.2863062081236165
769,1110,0.28612577549126006
1006,850,0.2860579631529931
20,1097,0.28603437679291405
1006,490,0.2860068576079107
351,126,0.2858032962858191
351,1032,0.28579074638422525
1006,687,0.2857039217101339
421,1166,0.2856612125622501
769,711,0.28561190709783313
355,588,0.28539164519315036
769,404,0.2853711125877179
355,781,0.28534068174098504
1162,1115,0.2852770762278707
1006,581,0.28512218320389277
351,998,0.2851105957844718
769,984,0.28503693474430974
421,149,0.28501451453256804
769,809,0.28496906674612854
355,1046,0.28490768883382134
769,888,0.28489701720295174
769,469,0.2848868151175438
1162,97,0.28483771185407064
769,708,0.28478421692901945
351,538,0.28461479782599053
421,785,0.2845814627942427
769,351,0.28438894096447653
421,1038,0.28433257442301674
769,891,0.28416440414642913
944,662,0.2839731657704818
1162,728,0.2839003289517469
20,987,0.28379750185441854
421,420,0.2836298569625853
20,857,0.2836171193333246
421,959,0.28346990032448055
351,1,0.28329221005538974
355,309,0.2832217890202293
769,596,0.28321576994557995
769,235,0.28316158010442133
421,821,0.28307330833314387
20,670,0.28304959654523937
1006,326,0.28301671270633594
421,795,0.28287123002635195
421,58,0.2828708678325796
355,385,0.28286152614614635
355,197,0.2828290493171841
355,172,0.28280336185859073
356,674,0.28267566364487906
1006,488,0.28267396700958264
769,523,0.282549371151829
1006,863,0.28247701178795515
804,450,0.2823035968166348
421,585,0.28221545635632705
355,532,0.28220550112061316
421,748,0.28214632059034833
355,769,0.2820678676586438
355,78,0.2820126776697461
421,212,0.2819193271138432
421,1110,0.28188225053112814
804,473,0.2817498483985452
351,269,0.28169853544146867
769,313,0.2815409440745546
421,719,0.2815231359918254
355,469,0.281401466876112
421,9,0.2813796944504288
421,1015,0.28137701143642235
1162,235,0.28135813111245844
355,15,0.281304636926723
769,117,0.28129345390197263
421,1124,0.28124725971028836
421,1042,0.28117607737554257
355,156,0.2810218129415885
351,749,0.2810021568672741
421,974,0.28091874906902453
355,91,0.28077067236769315
351,440,0.2807234908941384
20,321,0.2807181063427709
421,1151,0.28062816366737786
769,1171,0.28062565229909164
421,443,0.28062343885978175
1006,385,0.2805606017719259
355,1147,0.280538238873286
355,881,0.2805176592406846
351,1010,0.28050221332627917
769,955,0.2802066063516386
1162,183,0.28014691944557213
769,211,0.2800805031195434
769,911,0.28006112771126523
64,594,0.28002320523387014
355,1071,0.2798029693413358
355,85,0.27980126559655605
355,1162,0.2793677698106437
421,786,0.2793593657490914
421,949,0.2791379666750316
1006,158,0.27911297334534213
1006,53,0.2789789538848407
1006,225,0.2789658684514059
355,1136,0.2789397020487109
351,1144,0.27886097526214465
421,852,0.2786835119969454
355,157,0.2786325189799572
355,728,0.27854977070178355
1006,308,0.278494699085604
769,844,0.2784882115658535
716,453,0.2784742522613839
769,928,0.27845190166461453
1006,1180,0.27843396856296193
1006,400,0.2782809368874788
351,1038,0.27812882115543314
355,461,0.2780148106524917
1006,328,0.27781615957205963
20,856,0.2775001886241728
1006,1194,0.2773535084482316
351,171,0.2773142968445386
421,462,0.2772311384343952
355,877,0.27714126452243415
421,327,0.27712982487158777
769,848,0.27706280090256963
769,1157,0.27701803364962996
421,473,0.27697903283597874
421,999,0.2769626383125112
355,382,0.2769323305729492
421,1064,0.2769308331157062
351,453,0.2769028082051108
1006,215,0.2767878844938883
421,1065,0.2767748633970635
355,1182,0.2767654440072045
769,231,0.2766779940297109
769,138,0.2766012750537521
1162,497,0.2765614008284658
20,634,0.27647989981323473
421,509,0.2763153485456822
421,194,0.27629193740472463
421,918,0.2760812986825408
355,912,0.2760414117334157
421,469,0.27597498883589144
769,478,0.2757750277345103
421,1152,0.2757416306391022
355,964,0.2757279882867168
421,3,0.27569655986815683
769,1186,0.27545498789113726
421,557,0.275291513356045
769,1177,0.27527895239027333
421,350,0.2752564862326872
421,639,0.2751878073697829
421,335,0.2751301196835535
769,1100,0.2749752531249454
421,973,0.27492876769556135
1006,1109,0.2749062490128963
355,120,0.27489757463053727
351,761,0.2748761339281829
355,289,0.2748683626304297
769,1147,0.27486572155752825
351,848,0.27471081580745443
1006,841,0.27465579064444107
769,383,0.2746528729503991
351,1025,0.27446229125034527
351,532,0.27439689034494386
421,981,0.27434862092470536
421,958,0.2743036141954315
769,606,0.2742481396023535
355,624,0.27420428462010055
1006,391,0.2741383719062131
769,1033,0.27405446074574047
356,399,0.273945523036467
1006,169,0.2738542805824744
1006,552,0.27377069773243007
769,415,0.2735967883133008
421,753,0.2735925110983241
421,579,0.27338259948333427
1006,444,0.2733448462032355
20,806,0.27332522066256965
421,310,0.2732996063845925
20,528,0.2732860056954238
355,307,0.27323555552086354
351,594,0.27318335379537684
1162,508,0.27317046370329856
355,752,0.27301366741071476
769,686,0.27295116789679463
1006,818,0.2728478141619427
1006,505,0.2727679418961069
1006,978,0.2727537543324791
355,459,0.272693009260663
355,58,0.2726874018140157
769,917,0.27263671399927264
1006,881,0.27263053678918153
1162,973,0.2725757407596893
1006,1044,0.27256827774988074
421,832,0.2725282193545391
769,342,0.2724128992453418
769,124,0.27223752483963864
20,883,0.27209644146681855
716,1179,0.27202144325044114
351,923,0.27184179873691805
1006,963,0.2716200673024686
804,974,0.27159776766388083
355,392,0.271525449731953
421,617,0.27148184651430873
355,299,0.27146359078668947
421,611,0.27136835690034994
421,796,0.27133799812860454
769,1192,0.2711734325492368
769,397,0.2710995430269052
355,945,0.27087014085843897
351,804,0.27085082890000184
1162,634,0.2708238511703946
355,369,0.2707916604510001
1006,523,0.2706389958495078
1006,1152,0.27060980370412935
355,512,0.27058597558030817
716,592,0.270575516597256
355,682,0.27049062099078736
355,586,0.27044975074134686
944,680,0.2704340227392529
351,755,0.27042683517487504
421,633,0.2704058318984977
355,961,0.2702429105421572
20,169,0.27022685090902976
64,841,0.27005668836486285
355,381,0.2700333193922494
351,904,0.2699458472554548
355,1013,0.2699350874763026
769,1003,0.26991200394107556
355,354,0.26990739069009306
355,818,0.26987557202082724
421,901,0.2698034587238652
716,421,0.26977396568461415
421,845,0.2696805748386639
355,918,0.26967997322691767
355,232,0.2696692170362109
421,600,0.2695661008865348
769,312,0.2695511649662292
351,530,0.2695418039317454
421,762,0.26945736783163715
769,15,0.269449075393621
769,287,0.2693952316853338
1006,780,0.2693449683255445
769,550,0.2693244364020146
769,167,0.2692305640592781
769,289,0.2691505599410436
421,287,0.2691235611404521
20,1120,0.2690752030826797
351,79,0.2690475705660196
1162,474,0.2689569014935003
355,152,0.26890772029760696
421,534,0.26877736263490987
421,339,0.2687651535158885
421,750,0.2687125599031144
1006,81,0.2686872971624338
355,177,0.26859461441876314
421,143,0.26853685937502864
355,884,0.2684451259053946
356,139,0.268149722327774
1006,1198,0.26801265244381917
769,84,0.2679762789734011
355,928,0.26795344759585743
421,53,0.2679009305408389
355,1090,0.2678756625839198
64,1058,0.26786622529248993
421,1168,0.26768205226599645
1006,404,0.26759228362938436
769,215,0.2675650246496309
769,1179,0.2675050595214754
421,364,0.26747545092587927
355,282,0.26745162334971667
1006,103,0.2674471798865577
351,323,0.2674227956317137
1006,742,0.26720418183647604
351,262,0.2671513830406432
421,887,0.2669547923821964
769,391,0.26678916585306806
355,826,0.2667728015238411
1006,439,0.2667624690023377
20,590,0.26670623437625196
1162,378,0.26662443464016544
716,902,0.26654094658549676
421,648,0.26653100082044834
421,297,0.26650778517709395
351,141,0.2661970035833595
351,684,0.2661218941282817
1006,875,0.2660972040284524
421,658,0.2660961929060184
769,309,0.2660705397567597
355,553,0.2659103348804226
1006,801,0.2658695225873537
421,326,0.26585681690532154
351,1082,0.2658342647954655
351,218,0.26579664548442544
421,257,0.26566470062083897
1162,1070,0.2656316853948048
355,443,0.26555346093242066
1162,805,0.2654551376779399
769,333,0.26545142162644364
769,430,0.2654369927732663
355,199,0.26537807589810786
1006,283,0.26532024461744136
778,227,0.2651773304359271
769,174,0.26502662563099444
356,1094,0.26496739006690856
1162,95,0.2649502370059358
769,1044,0.26493943871757675
769,1021,0.26493035990788966
804,500,0.2649081384408041
355,971,0.26485254140198305
421,755,0.2648188784434669
421,105,0.2647620256240426
769,162,0.264731816249715
1162,7,0.26459021216851814
355,533,0.2645428171552799
421,289,0.264525930520154
1006,189,0.26448250560406833
64,1118,0.26447991932355663
20,1174,0.2642486065679395
421,874,0.26422761539058315
355,12,0.2641634710231016
9,1095,0.26416147125959766
421,343,0.2641018853806425
351,665,0.2640798373537832
351,631,0.2639772705061098
421,1026,0.26394799971264665
355,666,0.26388674932609596
421,657,0.2638731119544372
1006,743,0.2637147661211976
20,743,0.26370331755727733
1006,958,0.26370312014880765
351,147,0.2636410849004445
1006,284,0.2636244936731696
1006,85,0.2632922605387196
421,789,0.2631545355910828
769,355,0.26314700627261645
351,377,0.26290462555099114
1006,277,0.26280313159554763
421,108,0.2627842215717587
351,344,0.26270200952865386
692,919,0.2626850632353109
421,823,0.26266454699203234
1006,511,0.26253241535548816
351,730,0.2625279879633937
1006,949,0.2623256393257236
421,801,0.2623106072904242
769,123,0.2622864805161985
944,243,0.2622745059846897
20,395,0.2622322721792323
421,733,0.2621738863259244
351,263,0.26214781196413117
1006,787,0.26210720518863606
351,597,0.2620752454172927
351,582,0.26205704773860894
351,527,0.26198052775354774
716,1161,0.26181024797203134
355,336,0.26177664066553435
351,156,0.26173037098436064
351,122,0.26165367440238824
1006,624,0.26163944313325815
355,744,0.2615987537644312
351,24,0.2614343017079047
421,38,0.2612487034482993
351,470,0.26123676646084315
421,889,0.26119385505215437
769,824,0.26118654308804184
355,117,0.26117551609299655
1006,994,0.26113558796491276
1006,116,0.261135477941572
20,97,0.2611221987331435
421,120,0.2611074330395331
716,553,0.26108140183830963
351,552,0.26108117054095004
1162,393,0.2610476120947243
769,648,0.26098549325105685
351,487,0.2609543849831264
355,861,0.260937161436709
64,945,0.2609144272488654
769,972,0.2608689391978665
421,851,0.26079856773573273
355,203,0.2606598410401592
421,455,0.260618564005509
1006,190,0.2605994803491948
20,1018,0.2605326587905526
769,1104,0.2603960657303636
769,996,0.26036243247092095
769,731,0.26023421934165003
769,408,0.26015679443642115
769,238,0.2601278899462088
351,832,0.2599539117341931
351,727,0.259939967500483
1006,658,0.25992976702772097
351,1026,0.2599247804134333
355,1170,0.2598383267438982
769,875,0.2598182041987532
1006,693,0.25972878164649726
421,612,0.259676287902176
778,681,0.2596637889222132
421,174,0.2596339793387591
1006,917,0.25942350508923423
1162,625,0.25940957058762115
1006,824,0.2593186921372521
769,0,0.2592481768830165
421,481,0.25924296798693375
421,173,0.25917579792936707
351,606,0.25908287006447256
769,1099,0.2590253455557913
769,506,0.25898413742503756
355,413,0.2589139266855208
421,395,0.25891250146357114
355,1093,0.25882453369231434
1006,268,0.2586990625900572
20,1098,0.25861288169931396
1006,173,0.25858983335018615
421,232,0.25857034110326715
64,283,0.2584796825236706
769,428,0.25839144976850015
20,234,0.25838796415691656
1006,443,0.258362789203972
769,7,0.258340135642217
355,537,0.25833450993719037
351,250,0.2582976394586166
355,757,0.2582317821653872
1006,998,0.2581976626365222
1006,250,0.25813115298470857
355,1128,0.2580926178688971
421,637,0.2580229384145021
421,318,0.2579874488979011
20,1186,0.2579848104824017
769,380,0.25784516048373196
1162,1058,0.25783137413386126
421,831,0.25768019171563156
1006,748,0.257572335070806
421,686,0.2574697476668805
64,1034,0.25744247578972007
355,388,0.25743733070532776
1006,809,0.25739199607675073
769,830,0.2573244310006405
769,822,0.2573208247790593
421,234,0.2573139883957033
421,0,0.2572468781189655
421,659,0.2572446242758148
351,1201,0.25720948949732614
351,1167,0.25717930288265645
769,487,0.25712484766173943
355,758,0.2570767049572485
1006,396,0.25700466907403563
421,956,0.25683351876567595
769,944,0.2565819395884945
769,772,0.25654678110653695
769,963,0.2564960652922949
769,837,0.256461564500232
421,1195,0.2564299602072146
355,1200,0.25630960190285706
64,1172,0.25628762431955465
351,1056,0.2560801666193029
355,593,0.25599924836039517
769,722,0.25598693531521144
355,90,0.25584867062619526
421,844,0.2558462309663538
769,24,0.25583296082580587
1006,279,0.2556846697138334
421,609,0.2556341302593696
769,96,0.2555867339874104
769,349,0.25551812514671896
351,846,0.2554341009337558
421,757,0.25525814111711714
421,802,0.2551873914420964
1006,518,0.2551353179507616
355,733,0.2550997450362983
421,1128,0.25509208642946624
421,1150,0.25500195901388295
769,914,0.254910902456747
1006,0,0.2548622303718222
351,104,0.2548063673077734
421,268,0.25479311125780496
769,83,0.25479037294755147
351,588,0.25467147498417264
351,929,0.25463117558937265
421,12,0.254611315469085
421,883,0.25457056998082156
421,880,0.25448419827987734
769,377,0.2543901685644273
421,861,0.25435835292619774
1162,1001,0.2543360728903882
769,1133,0.25426470280261015
769,1182,0.25426214947643094
351,461,0.25423255126086886
1006,196,0.2542090328801013
769,103,0.25413455231248905
421,299,0.25408744910259795
355,123,0.25397675614509135
421,1107,0.25392302110212706
769,23,0.2538913950482171
355,814,0.25384276250878085
1006,124,0.253809333177286
769,143,0.25376117066275095
716,1025,0.25373293784920464
351,205,0.2536287523906871
20,888,0.25353353655230243
986,306,0.253361164686372
1006,297,0.2533242160899696
355,574,0.25322540988047904
421,199,0.2532150698915709
944,960,0.2532143404833571
351,1181,0.2531481623138343
1006,15,0.252936664631147
355,842,0.25280827917996473
351,605,0.2527876930166465
421,740,0.25276336638496083
421,24,0.2527385694506372
351,959,0.2527186341607514
421,702,0.2526427584273847
355,375,0.25257588425902944
20,391,0.25253756524506077
421,42,0.2524986358673579
769,490,0.25241040616089794
1006,1058,0.25239794296415974
351,561,0.252395754692116
769,463,0.2523226698879721
20,403,0.2523160890628334
421,839,0.2523029738221246
1006,648,0.25229703609659654
1006,214,0.2522021086183694
769,748,0.2521775964930743
20,912,0.25216954290029353
1006,891,0.2521042772077687
351,617,0.25206582158001906
769,803,0.251969497026696
355,889,0.2519636210953903
1006,957,0.25190594564744495
355,1022,0.25187317213390076
1006,1132,0.2518561088177409
355,803,0.2518350683555778
421,162,0.2516327073708762
355,695,0.25158003614796
351,974,0.2515202506001893
355,1185,0.25138779445719467
769,370,0.25125610169956164
355,434,0.25124895489814814
421,787,0.25108483124280284
1006,143,0.2506679329618646
716,865,0.25053712429018465
769,714,0.25045926915809746
351,137,0.2504280924115029
804,755,0.250427668163726
421,15,0.2503415066951502
20,225,0.2503341989639506
355,150,0.250320853560369
421,653,0.25031950263115604
355,985,0.2503089000318515
1162,528,0.2502837449435243
1006,211,0.2502827948016364
421,1002,0.25019248547964634
355,830,0.25019158949516923
769,808,0.2501357841587213
20,514,0.24999954593029786
1006,514,0.24997767206428953
769,273,0.24993240375639608
355,409,0.2498649237947456
421,60,0.2497615194734014
421,1006,0.24965723926060837
769,49,0.24959997940289022
351,621,0.24954944445185107
421,1181,0.24945947492198364
421,136,0.24941609435355072
20,284,0.24939045512523045
919,986,0.2493253431487833
20,863,0.24923746719147652
351,1099,0.2491009539087602
421,571,0.2490764545030406
20,244,0.24905944704151894
769,568,0.2490378964543731
421,152,0.24903250412643962
716,1084,0.2489880509325275
421,593,0.24897887230736238
421,1194,0.24897745182163308
421,945,0.24892459423576305
1006,154,0.24891629046028022
421,1041,0.24889612333393618
421,922,0.24888807294051207
355,57,0.24888604154407767
64,171,0.24886750068056782
421,117,0.24880837110118612
769,330,0.24874357410731016
20,378,0.24857287207809342
355,4,0.24856814180005482
421,78,0.24851453159879278
64,1180,0.24848255947495834
421,805,0.2484100369332934
421,672,0.24835549516077682
1006,235,0.248294258526897
355,1194,0.24822410462876757
351,495,0.24821120299506658
421,972,0.24819396451858372
421,157,0.24815132626946762
769,392,0.2480144681197396
769,574,0.2479537576633263
355,641,0.24790751787390475
769,1052,0.24790115790045936
20,444,0.2478936097926267
1006,631,0.2478483431613935
1006,39,0.24784477316453812
421,204,0.2477856003251359
716,286,0.2477791345561136
421,66,0.24771137680336414
1006,588,0.24769608355175368
769,66,0.24765520844553765
716,1055,0.24752113474775211
421,119,0.2474735527997565
1006,1078,0.24741212514813518
1162,60,0.2473270097439807
421,871,0.24732113722185525
64,625,0.24728191260918228
355,592,0.24723883199162677
716,254,0.24719493902493733
421,1020,0.24699913489635922
1006,354,0.24692084854377513
64,1071,0.24689326570405437
421,1097,0.24679150429979843
769,587,0.24654134215480633
355,255,0.24644542488525842
20,469,0.24643316145218674
355,31,0.24641957031588804
1006,1145,0.24624363857649106
351,978,0.24622138090276988
20,841,0.24618312977392165
64,300,0.24607024426349522
1006,381,0.24601234255372845
1006,924,0.24596078705453095
355,432,0.2459195101713241
100,110,0.24584028982794212
421,392,0.24558769102605846
355,750,0.24554112952920665
1162,599,0.24552630509262105
421,803,0.24551652951292677
355,429,0.24550044604839896
769,566,0.2453646416892751
421,1060,0.24522332470198824
421,928,0.2451542479118465
421,539,0.24511904769204576
64,190,0.2450673991427719
1006,195,0.24503313791014353
356,1031,0.24500962189452447
355,1035,0.2449560051707929
421,1072,0.24495558934389575
355,340,0.2449220989654398
421,914,0.2448740499195858
355,23,0.2448577176219451
64,850,0.24483552839261497
421,699,0.24478368397859346
64,1109,0.2447609977909424
1006,653,0.24471262372165412
355,949,0.24469709105730417
421,505,0.24467763993632466
355,519,0.2446561038948624
1006,785,0.2446490337572017
355,845,0.2446056376177353
356,550,0.24447764231952013
769,1041,0.24447096239886
20,624,0.24441645306719897
355,1039,0.2444013087951984
355,536,0.24438737058857604
769,802,0.24432078541575825
20,797,0.24431988969489613
1006,756,0.24417595494135036
1006,1082,0.2440909705398648
1006,380,0.24386944855573245
421,189,0.24384330748980246
769,1115,0.2437422488232471
20,95,0.24372587423273293
1006,1015,0.24366049172264542
769,600,0.24364346315258933
421,1146,0.24361672897375183
351,589,0.2436160951402247
421,175,0.2436014270354296
769,981,0.24356639699350116
769,823,0.243538553313144
769,1022,0.24342883276886051
421,630,0.24337644150533827
769,538,0.24331675637395522
355,1124,0.2431769789580446
64,286,0.2431558954531657
355,14,0.2431218959050084
355,245,0.24308136585089804
986,110,0.24306882613605718
2,454,0.2430526358021373
355,1050,0.24302783904991485
1006,403,0.2429568047158668
421,736,0.24292890111089258
421,1094,0.2428872885346679
356,93,0.24287497277961623
986,540,0.24277494319610862
64,345,0.24271302875015063
769,1116,0.24267478251657318
146,966,0.24267426489481211
769,542,0.2425074292013757
769,792,0.24235510208167235
769,706,0.24233977181513802
778,146,0.24228901800497032
421,1162,0.24224992019643596
421,336,0.2421796447227615
421,561,0.2420473536391542
1006,1046,0.2419939991478775
351,1164,0.2418945344582242
769,232,0.24184074396877206
944,483,0.2418401747878128
1006,91,0.24183943822730228
1162,719,0.24180381924204603
769,104,0.24179907610060178
20,253,0.24177693232595152
355,683,0.24169317653296027
1006,363,0.24158442319843165
351,1154,0.24151222695987523
716,858,0.24149256604040595
769,1079,0.24123648825508387
351,680,0.24122483813742784
986,403,0.24121060144471498
64,976,0.24120464690255106
421,941,0.24118423528755167
9,779,0.24118090438638973
64,687,0.24109475615908108
769,338,0.2410767305635494
421,768,0.24087619557181408
20,708,0.2408320859642164
421,258,0.24082392372908207
769,507,0.24082371197627728
769,1032,0.24078917557042445
421,925,0.24076220910771137
769,418,0.24069371641548495
769,460,0.24065786225400018
355,632,0.24058598523972208
1006,135,0.24057351088205128
355,858,0.2405499396533717
355,1018,0.24048804483538574
351,869,0.24048434602290278
355,672,0.24033461672359901
769,758,0.24024167584617376
351,186,0.24023624928372442
20,1077,0.2402124396642975
355,1027,0.24017740998983156
840,79,0.24017055068015555
769,218,0.2400220282944391
64,257,0.24001019842923782
1162,40,0.23997459406081673
351,438,0.23995013892603745
355,654,0.23994190559387843
421,474,0.23990865492528934
20,215,0.2398351321508008
421,996,0.23980262136116748
421,1180,0.23977187872318478
1006,754,0.23976721901454798
20,398,0.2396998492835211
351,1029,0.2396562263541143
769,1020,0.23964381200575893
804,24,0.23959485789108875
421,1052,0.23949999974983743
421,518,0.23949350008441114
778,151,0.23943566227775057
769,947,0.2393435028019656
421,797,0.23927473581592607
421,121,0.2392535184058524
421,384,0.2391243353868864
769,1069,0.2391157976966694
716,483,0.23910887873598669
355,1034,0.23908852398912261
421,1169,0.23906969775613768
769,806,0.23906057616301313
421,810,0.2390583282404966
769,27,0.2390548613674
421,1005,0.23904750749770667
769,413,0.23904631161404397
421,245,0.23899959214209904
944,903,0.23899869497707416
769,699,0.2389986230047881
355,523,0.23890081884325176
944,515,0.2388529690720146
769,1031,0.23883181115348426
804,63,0.23882040160139098
351,195,0.23873337093790825
421,867,0.2387057537069684
769,861,0.23861939726250989
944,475,0.2385856221500204
421,1198,0.2385642975595829
769,509,0.2385157371746424
64,204,0.23848305251716556
421,393,0.2384828853277382
769,500,0.23843053001225217
769,685,0.238419051303648
1006,935,0.23837451401599916
769,393,0.23836134342167167
1006,46,0.23835359664843514
421,59,0.23834990598832742
20,1177,0.23833155093902497
769,801,0.2383269558734571
1006,678,0.2383234106915669
421,1036,0.2382876153055823
355,1112,0.2382443770825985
421,735,0.23821478538013213
716,344,0.23820690777529602
351,293,0.23818001082689957
355,547,0.23810553677291196
769,173,0.23808011896464068
421,1047,0.2380630511985561
355,760,0.23805041179918196
421,1100,0.23799952429389123
769,702,0.2378639559038675
1006,1177,0.23785787537455746
64,1057,0.23769006022388847
1006,309,0.23767722281751358
1006,636,0.23767250440514132
146,834,0.23751273996623776
421,45,0.2375025599738657
1006,470,0.2374639504809153
1006,563,0.23746386223980318
1006,429,0.23743721524010877
769,567,0.23736673717087303
355,481,0.23730175967898773
421,667,0.23714722032251367
20,687,0.23713305685505479
944,530,0.2370607890141481
351,778,0.2370509081226861
355,435,0.23704911033307563
355,162,0.23703701547740844
769,1154,0.23702202091106186
421,290,0.2370202997296044
421,1116,0.2369811207599746
20,1030,0.236935676934243
64,518,0.23693555923480858
351,301,0.23691539845975862
769,1188,0.23691069396932707
421,1176,0.23688980523295985
351,1063,0.23686049532370562
944,308,0.23680126925005598
355,937,0.2367882294953369
1006,1104,0.23665461692015438
64,1119,0.23658585060431775
421,422,0.23656508451952815
769,100,0.2364999424443922
1006,698,0.23649768406970814
944,470,0.2364919959298134
1006,202,0.23635188377821859
351,384,0.23634774088512125
1006,1047,0.23632091243479633
64,1078,0.2361865958868937
351,1017,0.23608931341438455
769,375,0.23595406331613564
355,350,0.2359155544872634
20,1145,0.23587865570458014
421,946,0.2358588770925028
769,795,0.23575910097192534
1006,548,0.2356264639861038
355,891,0.23558622107668797
421,1007,0.23548979646275037
20,1156,0.23548001781469735
1006,1005,0.23537609211540225
769,811,0.23536608067676007
1006,434,0.23536482864368394
1006,477,0.23533374763630366
769,756,0.2352584660608263
804,567,0.23515829212726486
421,444,0.23515231137612963
1006,600,0.23510576413426018
355,427,0.23510528287858498
421,32,0.2350703874096671
769,269,0.23500650176165008
421,211,0.23492390491015916
421,781,0.23491519623700527
716,84,0.2348944155497311
351,1110,0.2348539054498304
769,59,0.2347905099093897
64,169,0.2347253298240607
1006,981,0.23465821277292923
64,202,0.23465350869669802
351,1024,0.2345952403614034
1006,655,0.23456680969603363
1006,799,0.2345511623998198
355,808,0.23452832163662227
355,1045,0.23447419324314134
716,1082,0.2344613650378858
421,252,0.23444179814328475
421,1004,0.23443696826699753
355,1007,0.2344346441499901
421,1054,0.2343586963877136
421,596,0.23434658237334602
351,291,0.23430077093224005
769,1138,0.23422250927625082
100,1189,0.2342078706784421
351,8,0.23420578973940467
421,471,0.23416410105627938
64,355,0.2341183263425671
769,964,0.2340737826893559
769,1107,0.23393701576077655
351,697,0.23389105927231066
64,569,0.2337684735613986
421,920,0.2337642701243069
421,567,0.23372601716692376
1006,769,0.23368811959567745
64,924,0.23362795060520813
1006,930,0.23357515792626876
421,663,0.23357432793822183
20,273,0.23350496176013597
100,1094,0.23349248754674515
1006,985,0.233474330589413
351,78,0.2334308331752874
804,959,0.2334215586378184
769,1002,0.23334912006841302
421,619,0.23332377804705515
1006,162,0.2332850367390055
769,884,0.23327360441854797
421,886,0.2332722467440323
421,738,0.2332339962587914
64,14,0.23316490366766604
355,765,0.23315049355868167
351,397,0.23311942487919393
778,466,0.2330485019855746
769,1,0.23301796757400717
421,394,0.23300886847997598
355,678,0.23290609286048586
1162,1172,0.2328924843902155
64,7,0.23287827565421335
1006,739,0.23281294578277417
20,5,0.23268096185387152
769,666,0.2326524607633873
9,79,0.23259238276472827
351,427,0.23251697440120503
351,966,0.23249642824879596
769,1025,0.23234088320347382
1006,339,0.23232148349429005
1006,1071,0.23224706045366766
769,607,0.2321179091978646
804,236,0.23210274846158785
769,31,0.2321024361269927
769,363,0.23209502666782184
355,111,0.23208656539266997
20,545,0.2320636890466253
355,226,0.23201232854059445
1006,637,0.23191567956847609
1162,1146,0.23190092402697796
421,131,0.2318932856247556
1006,1133,0.23185983863021473
1162,398,0.23178999517133425
769,901,0.23175828689660682
769,752,0.2317377657262786
421,158,0.2316385590096695
1006,570,0.2316052743572264
355,776,0.2314972664346573
355,220,0.23140332586325676
421,822,0.2313385218413633
351,216,0.23132612610421488
64,512,0.23132611270955164
769,733,0.23125043862046474
355,81,0.23123460571594215
769,563,0.23119704192935764
355,1156,0.2310909646036985
769,658,0.2310362843860199
64,310,0.23102685437937429
64,15,0.23101647050375682
1006,420,0.2309515560201792
769,781,0.23088716425656203
1006,877,0.23086666679864398
944,93,0.2308554672680731
351,654,0.2308361184834212
840,768,0.2308177677486301
1006,335,0.23074843164378495
355,526,0.23072632151831649
64,262,0.23065970757799553
20,785,0.23065875819822235
769,727,0.23062521611139056
355,622,0.23062144882013655
355,218,0.23061575905462822
20,277,0.2305987092813414
20,790,0.23053876149190808
356,490,0.23049500534725767
356,891,0.23044208508993533
1006,257,0.23037917854534729
769,761,0.23037705853684676
1006,605,0.23020168782431982
769,1067,0.23020007289977118
421,435,0.2301994208837416
1006,757,0.23019414079107592
769,136,0.2301622239810483
769,326,0.2301208390177623
769,427,0.23002566363353497
20,805,0.23000925746655815
769,459,0.23000922223731732
355,885,0.22999342247414745
769,282,0.22999271220277756
986,877,0.2298385820817298
769,119,0.229774681298952
778,966,0.22972225050787407
1006,301,0.22971460321339782
1006,945,0.22968578880253882
778,366,0.2296609416432553
716,729,0.2296089968520733
355,860,0.2296086726043099
351,1179,0.229513758257102
20,706,0.2294643311468313
421,480,0.22942634810709675
20,459,0.22942318668444184
355,460,0.22927150131322457
944,747,0.2290926905307981
944,753,0.2290892904288285
355,957,0.22908902572621534
1006,1128,0.2290477186973959
64,380,0.22887249641235907
1006,1187,0.22882778062390077
769,1158,0.228812013908304
769,1007,0.22879273103968312
351,108,0.22874339775904845
295,1005,0.2286820412330664
769,1145,0.2285781351412793
20,488,0.22854778158686623
351,820,0.2285347486647549
769,172,0.228532737231753
356,1123,0.22852149554230383
355,490,0.2284663159604172
944,55,0.22846159996327634
64,461,0.22839380554225153
351,110,0.22838361206246865
64,96,0.2282738056052783
351,1185,0.2282575810978568
421,273,0.2282549157965983
421,684,0.22823952813634824
1006,1070,0.22823002521021774
1006,1017,0.2281944329649494
769,1109,0.2281800687168004
1006,777,0.22817128318344035
769,81,0.2281381552575443
64,799,0.22813494972318346
421,247,0.2280944484895773
351,16,0.2280847955414458
769,555,0.228081874908844
1006,393,0.22808062766270448
769,20,0.22807383125816494
769,925,0.22804541193850447
20,400,0.22798460236819554
355,345,0.22788707364878394
421,1066,0.22777764690724117
351,364,0.22774582482972192
944,323,0.22773163560205828
769,818,0.22773082312361279
20,90,0.2277267509218744
944,1056,0.22771724696812062
20,292,0.22763528828689777
64,795,0.2276071416289169
421,905,0.22755696592334435
421,551,0.22754325912394743
355,363,0.22753452598520219
1006,171,0.22751787874120752
355,422,0.22751189996593363
769,79,0.22749352304877682
355,1008,0.22748660352340355
20,257,0.22745455634944522
351,741,0.22739445455327464
421,145,0.22735244023494497
1006,1142,0.22725112337045117
421,556,0.22723820533102335
351,972,0.22722018993385884
769,1013,0.22694344383196483
716,487,0.22692030268222135
769,778,0.22690837638371755
421,624,0.22690390455558948
769,152,0.22683024711915914
1006,1164,0.22681018796353106
355,530,0.22680843114292107
769,514,0.2267871497588312
355,1104,0.22672688362424206
64,323,0.2266345002372598
769,1124,0.22661797896458152
355,771,0.22660126204274728
769,244,0.22657536917211607
64,383,0.22657057125065358
1006,232,0.2265639319769537
351,571,0.22654507984953917
769,111,0.22653601584856828
351,311,0.22652876060919702
351,254,0.2265249181564585
769,511,0.22646253781127643
944,914,0.2264538178525277
351,504,0.2264515548400168
351,994,0.2263694136553772
351,769,0.22635798330357426
421,166,0.22635224851268038
769,204,0.22633093359250722
355,1150,0.22632734280602293
351,517,0.22621877384947833
778,829,0.22621496012717185
64,126,0.2261860858767517
351,66,0.22615207098329487
421,493,0.2261511430605438
769,335,0.22612592852064167
351,264,0.22612281040171767
20,64,0.22611851639002706
944,956,0.2260994117144777
1006,667,0.2260415275323475
1006,607,0.22603942256244292
421,167,0.2259865585763885
355,807,0.22593468778938414
716,1057,0.22593291515266647
421,112,0.22591745135824753
769,961,0.225864985631422
1006,1178,0.22584177345117135
716,1090,0.22580294590887137
421,118,0.225631612974288
64,327,0.2256289812378318
351,324,0.2256129958297307
355,1119,0.22558572730578202
944,1090,0.2254587395522036
769,1121,0.22542049950859255
355,423,0.2253369535881947
769,1102,0.22527987752813147
769,776,0.22526991229543877
1162,791,0.22522043436635242
1162,600,0.2252104317021177
1006,946,0.22519096389173576
64,1096,0.2251781398154397
64,889,0.2251631499846998
769,1054,0.22512658147405404
421,96,0.22505404397692233
64,1130,0.22502265278328767
421,584,0.22488791166885289
769,65,0.22482098858884933
355,686,0.22475434298176378
769,867,0.22467621744725988
944,569,0.22465015620495782
421,964,0.22463752658717465
716,594,0.22462909911533088
769,169,0.22462682411567525
769,593,0.22460979175794024
351,1132,0.22456666668165026
421,25,0.22442249602246625
1006,730,0.22429389959428472
421,555,0.2242430556254278
355,1107,0.22419170929867177
1006,532,0.22415180192998949
295,681,0.22413759113025325
355,565,0.2241251682269761
20,474,0.2241022584038235
769,735,0.2239560147341513
355,478,0.22389391646658177
64,333,0.22384589809808383
421,641,0.22379969162021301
355,508,0.22373618428763956
769,1018,0.2236484583628392
355,823,0.22363918422232734
64,978,0.2236073575364343
986,1086,0.22358394682231977
769,1191,0.22349827083529286
355,418,0.22346940405892465
64,1195,0.22341798152617443
421,191,0.2234125990299421
355,711,0.2233501696446464
1006,111,0.22334387823102317
421,884,0.2233152434141216
1006,58,0.2233082698719445
100,399,0.22324351564710912
421,1027,0.22322876188622978
769,923,0.22320377619203735
769,717,0.22311196928970212
355,979,0.22305267123802608
356,23,0.22304962350113092
769,1045,0.22298256504235875
1006,167,0.22297233443848694
421,170,0.22295672295790528
769,870,0.2229240605250706
421,400,0.22288735777985477
1006,735,0.22288452547852264
769,488,0.22286865894473654
1006,690,0.22278998262960098
64,1164,0.2227574716358399
1162,1124,0.22269805931660402
769,985,0.22259642863840323
1162,863,0.2225200705372429
1006,842,0.2225050292556953
64,888,0.22247773427533285
64,658,0.22239024255603973
769,137,0.22234507629917297
1006,826,0.222320561541185
351,478,0.2223177880303553
351,407,0.22224808417744488
421,448,0.22224419760946348
421,1120,0.2222305343757057
944,342,0.22222066858671588
421,835,0.22220819955002027
20,53,0.22208133543885009
769,1150,0.22205523465565116
20,930,0.22200108029259819
421,304,0.2219707406902686
355,119,0.22193592429295447
1162,39,0.22185811963512808
716,45,0.2218355879234312
804,699,0.22181128735892633
20,1102,0.2217903341786754
944,1179,0.2217899687174742
769,432,0.22176983969902217
1006,1116,0.22176827144709105
769,237,0.2217128091750681
716,55,0.2216937455951195
351,219,0.22169369877726178
1006,287,0.2216696761033599
355,873,0.22166611565235678
1006,830,0.22165699691597474
1006,586,0.22163279749660603
421,35,0.22160231494056298
986,770,0.22154834076553467
769,268,0.2215408007641728
716,1124,0.22153626404726992
421,511,0.2214771458254537
421,1075,0.22146076051153604
355,258,0.22139890493979444
351,779,0.22138499416364776
421,460,0.22134593636428623
1006,392,0.22131987372227607
421,856,0.22130230940648035
769,481,0.2212951787248395
421,608,0.22128954995152397
778,237,0.2212824972923886
355,233,0.22124203138643633
64,29,0.22121636914499512
1006,71,0.22108457428181327
1006,61,0.22107789466931085
355,515,0.2210344530049573
769,859,0.22101766848511148
421,780,0.2209878670852374
355,721,0.22096643899680596
421,519,0.22095934004803922
421,83,0.22092841793263207
421,528,0.22090954211578986
421,882,0.22089271929884374
769,892,0.22084284431644088
769,889,0.22082572747346269
1006,837,0.2208142569140756
986,948,0.22080390067841268
716,765,0.22077589051322097
919,627,0.2207338930718562
355,141,0.22068967410315218
355,318,0.22065131068651217
769,325,0.22064798949757863
351,742,0.2205811298767965
1006,405,0.22055883500421458
1006,127,0.22051512995627773
295,890,0.22050651648595995
944,539,0.2204895560520964
986,41,0.22043061418086018
769,1193,0.2204128731556877
769,863,0.22041124162503506
355,568,0.22039882621547147
355,958,0.22037592510524023
769,420,0.2203696055638006
20,17,0.22036929553692725
778,711,0.220312311761281
355,1033,0.22030659141882483
355,759,0.2203024810950614
716,1172,0.22030045628089237
64,1070,0.2202997029824776
769,474,0.220217185041842
64,860,0.22021629863619344
421,200,0.2202020338660751
1006,1147,0.22009083537221066
355,984,0.22009047392478562
64,53,0.22006352933118534
2,435,0.2200512993833754
356,387,0.22003698540850475
421,968,0.2200000829775884
355,449,0.21997797092838525
769,1140,0.21994991805824937
769,966,0.21994775995245766
351,1090,0.21993030616655154
769,831,0.2199041159656364
351,636,0.21987786734220247
64,856,0.2197620818363842
20,61,0.21972714832158205
944,1,0.219718108069805
355,121,0.21970536507459465
1006,616,0.21969536459950292
355,735,0.21965657168633734
986,485,0.21965208222120342
769,403,0.21961979970346965
1006,884,0.2196186098176849
421,18,0.2195988978433947
64,462,0.21956481050874593
355,608,0.21955209455318436
356,538,0.21944789795699207
986,915,0.2194198215768883
1006,497,0.21940558493617435
769,1152,0.2193807934704421
64,247,0.21930157712644607
351,743,0.21927745584114527
351,1064,0.21927007266972975
20,241,0.21923792369137024
421,504,0.21918163976446653
64,903,0.2191595252419395
769,857,0.21915576748901083
64,186,0.2191078644260225
1006,59,0.21907478321934729
421,1024,0.21891148655465553
769,105,0.2189009333723002
1006,368,0.2188933993896889
355,506,0.2188469198846447
64,756,0.21883021567531655
2,760,0.21875884059054723
1006,928,0.21873789528251603
421,896,0.21870194953538702
1006,461,0.21867465155076443
421,432,0.21867136124275438
769,1006,0.21866876359502557
1006,1118,0.21860382520594085
769,632,0.21857554116221112
351,963,0.21855110923173263
769,637,0.21853714021925164
64,805,0.2184969963955768
769,1026,0.21848533925849808
716,497,0.21842649488211288
769,995,0.21841128081329597
421,642,0.21840112563363068
355,256,0.21835829959914357
355,44,0.21834506690472183
421,140,0.2183016217261037
20,297,0.21821484213645728
1006,493,0.21792331087475597
1006,397,0.21790963814563885
64,391,0.2178326101995414
1006,198,0.21777755515883457
20,427,0.21776716545793512
769,46,0.21775488404124166
769,728,0.21772037143262693
944,674,0.21766923413692355
355,646,0.21765837745230268
1006,1050,0.2176340989501249
1006,282,0.21762650802320382
355,947,0.217531597392754
64,1083,0.21751260887094803
1162,409,0.21740631183950215
1006,208,0.21737522997744152
769,602,0.2172528978302987
1006,177,0.21722752942436482
1006,750,0.21722042804511676
421,150,0.2172155201420752
421,1053,0.2172059011338624
355,1121,0.2171943005074224
64,17,0.21719098418530441
355,295,0.2171240605517555
351,1195,0.21710592670854917
356,109,0.217076175813651
355,320,0.21702628238163116
64,291,0.21701210475751972
919,1114,0.21701093333288538
421,85,0.21700599919708177
1006,1051,0.21698879793141496
986,1094,0.21698319522691334
351,711,0.21697754580514975
769,694,0.2169094794837968
421,1000,0.21690943203629715
355,327,0.2168472221272552
64,469,0.2167819453149354
769,158,0.21677594111125387
355,48,0.21673922633714193
20,750,0.21673837890022216
716,382,0.21669336620398272
1006,686,0.21668478822578757
716,1100,0.21666704362966901
1006,29,0.21666027446253106
1006,299,0.21659943639354504
1006,83,0.21657907482418162
769,395,0.21657744852745492
421,74,0.216569637192106
769,1098,0.216545008998088
355,351,0.21648087509253783
355,583,0.21643837997017046
769,1008,0.21640656899149396
716,709,0.2163706638661258
355,577,0.21630869793046434
1006,375,0.21628987850090634
355,772,0.21628357182251587
355,286,0.21623397894179902
769,450,0.2161717742865884
1006,11,0.21615373726543013
769,296,0.21614532397998332
20,404,0.2161141511399815
421,568,0.21609097708747302
769,339,0.21606384654347363
64,117,0.2160018258702357
64,776,0.2159869954215828
1006,760,0.2159852175994845
716,1091,0.21590117118284807
769,76,0.21589251070554136
1162,300,0.215882481757994
769,186,0.21583664612999034
716,1011,0.21581128641161543
64,868,0.21576657788447645
421,46,0.2157641776145228
351,812,0.21575245125494213
769,1136,0.2157448749714507
769,116,0.21569209766920466
295,28,0.2156604172722278
421,386,0.21562870711930598
20,556,0.2155999227457256
769,489,0.21554985578987754
769,11,0.2154955574000702
919,114,0.21547824491192794
295,573,0.21547320494285477
421,783,0.21546349844000212
355,870,0.215388106744464
421,409,0.2153170835205688
351,988,0.21530303234409093
769,780,0.21530022442008173
1006,289,0.21529427599116516
1006,172,0.2152667651582954
64,731,0.21526100984463495
421,225,0.21525074381482237
421,263,0.2152393017978414
64,802,0.21521709747254214
421,312,0.2151969655421074
769,219,0.21519647491681435
769,638,0.21514965589716675
20,1182,0.21513145096330763
355,1005,0.21512071954359754
421,562,0.21510330823816684
769,653,0.21509075162408864
64,1144,0.21500050875135038
1006,1018,0.21495924090011206
769,789,0.21492025231636294
1006,1183,0.21490391421519586
356,740,0.2148949482312543
421,81,0.2148784524078671
769,987,0.21483488686975916
716,588,0.21480988138465248
351,874,0.21480825729473607
351,637,0.21469266771370463
421,674,0.2146852374834703
1064,18,0.21466936354347513
64,869,0.21466879084053966
64,263,0.2146419383367127
421,373,0.21462059868515437
355,874,0.21459222754004392
184,919,0.21456755757365698
421,507,0.21456173487027047
355,564,0.21454320518094022
9,629,0.21454159122656033
20,116,0.21450543836804215
769,264,0.21446705970313135
355,837,0.21444491248707148
351,641,0.21444258071134692
716,842,0.21443695342958877
769,290,0.21438384061578666
769,398,0.21432466761934982
716,1192,0.2142499140393859
421,76,0.2141846804069795
351,170,0.21415596223142497
769,1048,0.21414685470648887
351,956,0.21398912853496732
769,1050,0.21394007328332723
1006,459,0.2139331430093457
421,208,0.21391561104003742
769,1196,0.21391243510727703
1006,105,0.2138849578494021
778,982,0.21384774704072282
64,574,0.21384271497563154
64,881,0.21384229669841312
355,247,0.2137978723825861
355,955,0.2137470658967485
2,750,0.21372116528100574
421,2,0.2137201501908192
64,519,0.2137032411601881
1006,509,0.21364122840297575
778,1033,0.21362043944324396
421,791,0.21358295166054744
355,790,0.21352948672118016
778,122,0.21351291027586886
355,911,0.21350007572753474
64,564,0.21349001016113717
421,682,0.21345291586506393
64,76,0.21343329856084747
421,196,0.213389540604366
716,860,0.21338564854818873
351,792,0.2133836567627992
351,625,0.21335759011009794
804,16,0.21331930792885292
1006,388,0.21329054054887162
20,884,0.21322774455772353
944,1082,0.21320783894665898
986,759,0.2131928366539963
355,452,0.2131573410543328
421,132,0.2131004563856187
843,151,0.2130718224440291
769,724,0.21306598754483388
295,790,0.2130423485053678
355,161,0.2130239872914392
769,1058,0.21300772886834526
421,1070,0.21300565826268122
355,243,0.2129872965055802
351,308,0.2129680134705076
769,1162,0.21296727620519998
986,391,0.21295712250568308
20,333,0.2129307227374092
944,899,0.21289293121233457
421,1157,0.21281972542538416
769,1151,0.21277099488965226
351,450,0.21272558370677294
944,487,0.21271480266036066
355,767,0.21266198673488612
1006,904,0.21262060143462133
769,53,0.21259351405652438
351,581,0.212584880626706
421,961,0.21256022536837949
355,653,0.21243337378044488
1006,996,0.21241828709227253
1064,597,0.21236868768881983
20,791,0.21234268486782698
716,731,0.2123330431299892
769,969,0.2123142006245979
20,789,0.21231121330346908
769,283,0.21229855076899753
64,477,0.21227899610574427
769,1046,0.2122505602054152
1006,759,0.21224044781186524
355,732,0.21223208746363395
769,755,0.21215945812821124
64,836,0.21206558648244436
355,254,0.2119814384062525
769,482,0.21190328569878936
20,178,0.21188368734070462
1006,621,0.21186467279926624
351,213,0.2118591364151805
64,215,0.21180564206554134
1006,449,0.21179326999500128
20,81,0.21178012662126383
1006,702,0.21177972812607154
351,212,0.2117670174701527
20,127,0.21170251224514042
1006,120,0.21169606827391632
769,305,0.2116811914433351
64,253,0.21167085558153267
1006,937,0.211657206928637
421,320,0.2116382132915341
64,198,0.2116102888684767
20,752,0.2115772740120284
421,198,0.2115556998381774
355,304,0.21153489860664967
769,959,0.2114825612997644
716,1099,0.21144835156958286
20,735,0.2113943945419455
64,590,0.2113613389254633
64,444,0.21134093270851517
355,1184,0.21131665397264154
778,832,0.21131014639215082
1006,847,0.21125794099466186
351,666,0.21122485306535077
944,627,0.21121033252606924
769,608,0.2111876245163289
778,804,0.21117069262118168
421,275,0.21115366425101897
355,1041,0.21115275462445635
421,547,0.21106254051827902
64,634,0.21103786312733683
769,148,0.21099399645549366
716,199,0.2109875013794083
769,534,0.21078805883871865
20,555,0.2106625125487002
355,602,0.21058673222575514
295,1006,0.21056993037887864
421,256,0.21056930515331532
64,1115,0.21054793428347143
20,40,0.21054242299656897
769,405,0.21037014092542475
20,985,0.21031851224926468
769,505,0.2102621848156908
769,639,0.21025506193485008
1006,68,0.2101828475505208
64,534,0.21015756631996277
1006,469,0.21013792386844227
716,269,0.2101238131847758
769,1029,0.21007033382663698
1006,868,0.2100626516177327
421,962,0.21005639486255168
769,557,0.2100296881029117
716,462,0.21002951309180995
769,709,0.20988515682280365
1006,474,0.20987379373731857
769,589,0.20987362462824152
769,953,0.20983283029333158
20,975,0.20981185936542932
351,999,0.20980500519803
1064,956,0.2097409165089996
351,286,0.209733982113434
421,306,0.20971038996037825
421,205,0.20970751004030244
351,1072,0.209645298911744
1006,1072,0.20963604474716058
1006,1083,0.20956173230344155
64,545,0.2095555017783465
1006,117,0.20952608104575876
421,106,0.20952588168391517
769,35,0.20948862886936065
769,255,0.20945319657393197
421,955,0.20944224826452942
351,127,0.20942899817582789
421,1057,0.20941626705326008
1006,1007,0.20938596747703447
944,842,0.20936530881420085
351,871,0.2093506361752593
421,183,0.20934244544716668
20,392,0.2092927823919117
769,997,0.20924445861795715
351,380,0.20923560689241089
769,229,0.20922537032632468
64,883,0.2091775903115605
1006,776,0.2091764064677502
421,952,0.20917265368065177
64,488,0.20911390203866023
1006,641,0.20906423123724013
355,21,0.20906324600204612
146,122,0.20905557519531115
1006,536,0.2090316086672889
355,370,0.20901744887118076
1162,1068,0.20900903752737873
421,522,0.20900705778704917
944,495,0.20897356749957963
421,957,0.20895042552907264
64,408,0.20894088883344236
421,516,0.20893847550300285
769,1072,0.20892346636336553
1006,410,0.2089147516182896
355,175,0.20888971054916605
351,433,0.20888094671757396
716,68,0.20876677993370835
769,1030,0.20875676537374188
64,922,0.20871232890658198
64,528,0.20871167620340375
421,164,0.2086587028774694
355,11,0.20861681297854837
1006,1151,0.20861125007660805
351,176,0.20857482936192437
804,546,0.2085695880710928
355,1122,0.2085507906605584
64,419,0.20854136862682143
421,939,0.2085246204907696
351,1172,0.20846180596703148
778,984,0.20845912666745592
778,736,0.20842103447263077
769,356,0.2084084390041763
421,1040,0.20839227692760695
355,125,0.2083623551139623
769,736,0.208348642489106
769,519,0.208345702551554
1162,471,0.20832675645240814
64,196,0.20831296093212046
355,440,0.2083080585896076
944,375,0.20827714064789118
1162,305,0.20825586274140365
769,1005,0.20822261003667147
64,1177,0.20820452837605216
355,920,0.2081992632799236
64,607,0.2081721686450514
421,1093,0.2081445218371269
20,757,0.20812385803722425
351,731,0.20806464622031917
769,310,0.20805940128220754
64,324,0.20803299547292112
351,491,0.20796106652194485
1006,4,0.20796065255516924
769,358,0.20795544414118264
769,56,0.20791024431806934
355,405,0.20784924708027905
1006,481,0.20782127547060913
769,208,0.2077878604700476
351,154,0.20767845228653334
355,296,0.20766852876478073
769,434,0.20763670608384968
355,201,0.20759607758308138
20,756,0.20759089472706105
421,197,0.2075592166183231
355,313,0.20753202786099004
769,362,0.20750805910604048
64,224,0.2074958146689754
64,667,0.20747203475289838
421,1193,0.20746287058016769
716,911,0.2073868117380214
64,158,0.20735939758490332
351,175,0.20733669734064372
769,536,0.20732012140639813
716,537,0.20728974896197983
355,34,0.20728794032811662
778,24,0.20721246175573127
1006,421,0.20718206463862485
769,905,0.2071632894971107
1006,1066,0.2071589155243964
1006,961,0.20711394464457672
355,105,0.2070828532135285
20,1171,0.20704880401910297
421,1131,0.2069472362061728
944,126,0.20687317343983286
20,667,0.20685468659692383
769,64,0.20682682832548263
20,1015,0.2068193553559181
64,694,0.2068068386956696
64,1107,0.20680169063078985
944,925,0.2067524613790686
355,259,0.20674506681881305
1162,307,0.20671633343876486
20,869,0.20668794593549972
421,399,0.2066262103206793
1006,178,0.20658760389075495
1006,1013,0.20656980354635
1006,123,0.20652025955357567
843,374,0.2065183169230112
351,92,0.20649617487320776
769,150,0.20649272458191822
64,256,0.20648853500213396
356,122,0.20647040558396826
716,91,0.20643749430774022
769,141,0.2064226959171407
944,546,0.20638780334242846
421,293,0.20636212411113042
351,924,0.2063595571870075
1006,936,0.2063419210116223
64,963,0.20633027193020384
778,129,0.20630702698514577
769,225,0.20629952996758957
64,407,0.20625358885936462
355,685,0.20622848645354128
986,476,0.20619883403520434
351,334,0.2061690998460775
1006,918,0.20614975495980062
20,311,0.2061458192632579
64,149,0.2061259966420632
64,1186,0.20610933397407324
769,153,0.20608557978318803
64,464,0.20608353687657988
804,466,0.20598704670036186
355,1178,0.20598565165078048
716,1201,0.2059804212594673
769,384,0.20597032131572246
919,184,0.20596578824670664
962,804,0.20593069644084022
64,472,0.20590296812300443
769,690,0.20589650454677744
64,1116,0.20588881604737747
351,84,0.205860588110663
769,279,0.2058593256025787
421,870,0.20585331205514043
64,787,0.2058411192329192
716,149,0.2058024159934665
355,603,0.2057936152139413
355,112,0.20579089362633027
919,983,0.20573147397300606
1006,880,0.205659322842046
769,85,0.2055924894575497
355,127,0.20555778751369916
355,379,0.20555114613100908
421,1121,0.20547920034476447
769,352,0.20546872785987463
769,462,0.20546142162208567
20,850,0.2054534592222099
986,677,0.20545017906483823
716,799,0.20540487885279607
355,1001,0.20539420021766833
1006,1022,0.20538550517744375
1006,286,0.20535124601587343
20,780,0.20533329927530933
986,1168,0.20529208041827857
356,709,0.20527495354784545
351,905,0.20523110841701847
944,80,0.20522430339308295
1006,1144,0.20514078284933562
351,944,0.2051339975048845
64,377,0.20512725010438543
769,518,0.20511443758660355
840,629,0.20510291869702446
769,258,0.20509324519636207
944,100,0.2050842704155953
1064,138,0.2050591410258565
1006,348,0.20502571882995113
1006,971,0.2050082988147242
351,506,0.2050032441295492
944,659,0.20496843723964045
351,283,0.20496355905826222
20,328,0.20494512158313433
769,1167,0.20493484764836792
769,741,0.20492003746596635
351,134,0.204915782459432
64,339,0.20491475156543146
20,596,0.20489270812400012
351,611,0.20486180079204333
20,232,0.20483443912602672
778,1176,0.20481433102611066
1006,1121,0.2046952819985588
20,610,0.20461403491039107
64,347,0.20461200354930728
1006,241,0.20460093865435644
944,594,0.20458468604671773
769,796,0.204574306416398
1006,340,0.2045652223187231
355,455,0.20455264077429858
1006,583,0.20453585577972075
64,71,0.20451775840662362
716,301,0.20451293242820207
769,1071,0.20445331913250794
64,135,0.20444550398074315
769,989,0.20444312847741639
351,518,0.20443099725602543
986,735,0.2044161194771863
769,37,0.2043457878716249
1006,125,0.20434390289796092
944,1017,0.20430506249518934
962,1029,0.20428440315660967
9,1065,0.20427805372853886
351,873,0.20424851674499447
421,10,0.20424642831774265
421,790,0.20424303136201674
356,162,0.20412612365461338
421,858,0.20412528915214476
1006,1173,0.20409731978183146
1006,1184,0.20408158075031413
769,1130,0.20406393400955808
20,953,0.20406111844371616
769,327,0.20403927642991357
769,256,0.20395153826078802
769,1173,0.20394023938324984
64,967,0.20390585305647232
769,316,0.20385035987893435
64,350,0.20379037184037055
64,1019,0.20374138702256786
1064,887,0.20373318980361457
295,717,0.20372705947289974
20,173,0.2037058518955983
692,525,0.203588601659169
356,1189,0.2035846155383038
944,322,0.2035329999982993
769,1091,0.20350850029679127
1006,683,0.20348890692079916
20,570,0.20347020144946062
769,680,0.20345073383300663
295,766,0.20341595863883666
769,396,0.203378674366112
351,659,0.20334261163650275
1006,1003,0.20333715220824625
421,1073,0.2032746523404586
944,1011,0.2032310734929641
1006,217,0.2032279777648328
778,995,0.20319722440531474
20,505,0.203182600308601
1006,874,0.20315587607371294
356,941,0.20314387151019142
64,806,0.20310959402417375
64,1022,0.20303113681415372
9,10,0.20301066591757563
769,493,0.20295958170684458
421,695,0.20291604430984514
100,578,0.2029157976204058
64,20,0.20290632038732542
20,1070,0.20286472113059284
716,654,0.20283943149107267
1006,197,0.2028341866265195
1006,716,0.20280919415372217
716,29,0.20280567428243854
944,262,0.20279866528328253
355,74,0.20271621718629468
1006,64,0.20267629276856955
769,1169,0.20265690888427673
1006,256,0.20265200798955116
1006,175,0.20259114173808332
355,35,0.2025809549745742
64,987,0.20257561692229192
20,1146,0.2025627567732458
351,408,0.20254502947763095
20,581,0.20250969584281386
716,1166,0.20243387636177426
64,341,0.2024120580662141
769,547,0.20238773316742767
769,665,0.20227377414223227
355,462,0.20221006338240655
20,338,0.2021586342154372
355,82,0.2021256264469541
351,931,0.20208458167871968
64,147,0.20208164412791468
64,535,0.20202935631449773
64,111,0.2020051775002932
1006,725,0.20199097766748583
351,288,0.20197907218405872
351,1149,0.20195504221631064
64,287,0.20195384043730588
1006,390,0.20194886387128202
769,198,0.20193110098985487
64,653,0.20191455792603982
351,722,0.201856041804332
355,1166,0.20184423189751943
421,937,0.20184047671177385
1064,494,0.20183249545964788
804,778,0.20183168500090679
64,458,0.2017827709319529
64,771,0.20177043120168986
778,854,0.20174798147873102
1006,1156,0.20174383943229304
351,383,0.20174172585247033
1006,986,0.20172730996847238
9,421,0.20169157167009258
421,1091,0.2016712280735681
64,998,0.20165631816916194
769,598,0.20157700057551853
20,183,0.2015378426652865
1006,758,0.2015371431731706
944,1079,0.2015209862099292
351,825,0.20149233812722195
986,345,0.2014222082455786
64,102,0.20137980449715853
351,845,0.20137919832351303
355,415,0.20137085904406993
421,319,0.20134836013342616
20,586,0.20133996220728032
20,901,0.201298831948597
64,398,0.2012960930723092
1006,224,0.20129240133305457
1006,1170,0.20128746398308142
9,635,0.20122205701715812
769,240,0.2012204309237483
421,100,0.20122039918659052
64,817,0.20118295236148928
769,1040,0.20117722342245983
64,284,0.2011590340450299
712,995,0.2011308630177223
769,720,0.20110731727919628
944,302,0.2010947496912346
421,434,0.2010621132555625
64,1169,0.20103717748821673
769,785,0.20103177071976866
295,359,0.20100938657483722
355,720,0.20098211465321808
421,330,0.20093316532216285
421,953,0.20091959875984627
716,243,0.2009027160378027
20,44,0.2008986465774196
769,170,0.20088613702326122
986,357,0.20087340355304617
769,520,0.20082059227624913
769,750,0.20081697257068387
716,826,0.2007576509779676
1006,849,0.20067976570839421
421,701,0.20067856618068639
295,1194,0.20066539121264793
769,368,0.20064829030913883
421,929,0.2006288494552912
716,1116,0.2006216611593834
1006,512,0.20062134210276217
716,782,0.2006161563230737
64,124,0.20053615981345269
421,758,0.20051945860523662
1006,242,0.20042078412813727
356,24,0.20038916468092452
1162,683,0.20038242965714434
20,74,0.20035657903276702
986,132,0.2003494831478088
769,841,0.20025287499284777
769,974,0.2002219866879068
769,320,0.20021422284911045
715,419,0.20018077524354594
1006,814,0.200173905184176
421,148,0.2001699738935568
769,986,0.200075376124811
421,354,0.20002927093819597
716,348,0.20002856726220197
64,636,0.20002087395108617
20,423,0.20001931731880696
20,238,0.20000357604683916
919,692,0.19992942520156534
421,808,0.1999097989227683
769,345,0.19990943978437084
351,29,0.19990453895934462
295,392,0.19985783701295318
64,728,0.1998566235228577
64,220,0.19984085261014867
355,893,0.1998333591746357
1006,526,0.19980971064105024
769,118,0.19978495505463004
355,241,0.19977877368449645
351,300,0.19976528645870265
421,544,0.19975522977829832
351,887,0.1997261034830026
421,385,0.19967841577916215
1006,513,0.19966171812100675
351,612,0.19961239632246428
421,255,0.19958713053171537
986,298,0.1995540927036453
769,797,0.19954142091225724
986,901,0.19953573898840093
64,308,0.1995352098755802
64,178,0.19953038515928695
962,24,0.19944639673223763
1006,223,0.19943694786564625
421,635,0.19943562807070359
421,826,0.19943515174665272
64,1015,0.19941337601351286
692,176,0.19939576601370212
1162,883,0.1993900574807743
20,490,0.19933349990142782
944,1185,0.19932274650032136
421,640,0.19927709492609688
20,605,0.19927235863642245
355,786,0.1992382142518902
1162,321,0.1992354233463849
716,1128,0.1992180161453477
351,676,0.19914469446253488
20,1115,0.1991119492610715
20,413,0.19910829405033945
355,65,0.19910660696775515
716,436,0.1991046332794866
421,512,0.19905966098210026
64,301,0.1990149043950661
769,682,0.19900310687194597
769,328,0.19899404953442854
769,378,0.19898698388313218
1006,255,0.19896085457977145
20,167,0.19893642870896455
295,292,0.19893120945882992
295,1051,0.198922010699054
1006,519,0.19892156630544192
769,804,0.19892075044085855
421,302,0.1988851266064351
1006,1048,0.19887138096570744
769,1036,0.19884158552011916
20,574,0.19883805371312982
716,724,0.1987668176272508
769,28,0.19876141951517073
351,534,0.19872416647840851
1006,458,0.19870890650858616
421,277,0.19867818478245505
843,411,0.19867795685169462
64,1182,0.198675150447892
804,399,0.19867280401979084
421,334,0.19866529083374287
421,899,0.1986330507240538
1006,1107,0.19859631286404644
421,381,0.19857435925709047
20,158,0.1985689926919334
421,602,0.19856170616254562
1006,1195,0.19855604847345099
355,542,0.19847220321568926
20,250,0.1984650897524357
64,299,0.19846130676461016
986,919,0.19845990595997828
351,4,0.19841728260958158
421,1136,0.19841577748474243
769,1070,0.19836207434426828
944,399,0.19835777079149755
1006,708,0.19828197090226388
421,349,0.19826124474040382
421,352,0.1982272349191361
64,84,0.19818630683285
944,140,0.19817964227967305
20,678,0.1981705327729579
20,407,0.19806015843597877
64,26,0.19802918477530346
421,220,0.19800159313502663
1006,988,0.19796939846502268
64,777,0.1979186929082507
769,423,0.19786297060384486
2,201,0.19786090099676812
421,176,0.1978553086855343
421,979,0.1978167676700421
20,874,0.1977978822594391
1006,574,0.1977796698167639
421,734,0.19774368764199599
64,1193,0.1977267882882682
769,248,0.19769578133192617
1006,980,0.19769145670822946
1006,835,0.19766448697534608
421,915,0.1976385731630507
64,321,0.19763035303860227
986,768,0.19759901201404734
716,1022,0.19757113868443163
1006,717,0.1975694342564062
421,718,0.1975644044781492
944,147,0.19756256137592298
20,769,0.19755875027939748
1006,682,0.19754975878338643
64,397,0.1975495520542108
421,564,0.19754936273028148
351,184,0.19754848988847773
64,470,0.19752390905336248
1006,948,0.1975132818951505
769,570,0.1974601023922005
20,196,0.19743582734734352
355,922,0.19740806822716783
351,546,0.1973635894469463
716,461,0.1973568317126051
351,756,0.19732512370122013
944,415,0.19730911262517048
421,1071,0.19730679639475648
769,422,0.1973040290969509
1006,19,0.1972999914348359
986,715,0.19729554905611643
716,764,0.19728571126275346
421,626,0.19726635982118926
421,295,0.19723672238100284
716,360,0.19721497193799561
769,16,0.1971860647019914
804,1175,0.19717837611581807
1006,76,0.1971698645600594
421,468,0.1971625281045473
2,355,0.1971445858149761
20,349,0.1971099730223918
421,1200,0.19710969538375614
769,672,0.19710810454183533
64,91,0.19705932483789199
351,982,0.19703302259981303
769,93,0.19703281366241765
716,637,0.19690783187528388
1006,1150,0.19689995246887262
64,937,0.19688480154049381
64,631,0.19686767435996055
2,379,0.19683295481833643
64,942,0.19680534130527538
716,459,0.19678579265046678
769,329,0.19675517265607495
778,923,0.1967545749915647
421,634,0.1967489224273585
9,819,0.1967231089070991
355,260,0.19671795780579474
356,904,0.19671607143280237
716,1083,0.19665602970130674
355,412,0.19664314043673284
962,237,0.1966327654634678
355,604,0.19661062750711844
351,223,0.19659232816347527
355,784,0.1965906577023107
64,471,0.19659019291583094
769,812,0.1965893999190861
769,826,0.19658218017938245
355,801,0.19654496685588344
944,941,0.19654466126245831
64,605,0.1965307891546877
295,986,0.19649735998901371
355,160,0.19646157316975194
20,287,0.19645304384486503
351,91,0.19643815569985504
421,1138,0.19636358975171755
944,163,0.1963605381447465
295,808,0.19633662252514128
769,99,0.19629918974248883
769,1195,0.19629831202037326
20,1005,0.19629724322138434
421,542,0.19627450211115832
64,250,0.19626513727657338
64,505,0.1962634524058929
1006,351,0.196230806376793
716,1198,0.19622076047851236
421,604,0.19620896414001954
716,489,0.1961919296955845
1006,157,0.1961747454061227
716,313,0.1961681283803417
351,657,0.1961610848963148
421,533,0.19613896762838876
421,362,0.19613074034536043
421,472,0.19612304079177426
769,80,0.19610255581181568
944,605,0.19607612843865213
944,218,0.19603250747024673
769,270,0.19603121272850474
986,1189,0.19603117253355307
1006,430,0.19602188222768308
1006,107,0.19598539757979574
769,828,0.19598386794018027
421,51,0.19598070791607158
2,558,0.19597320346688124
716,203,0.19597141093709056
1006,522,0.1959344554931069
421,272,0.19588357706667534
20,744,0.19587243674883034
421,322,0.1958516246085743
355,1067,0.19582008253212266
944,714,0.19571855147892822
421,1106,0.19570570250272454
355,368,0.195658363698681
804,962,0.19565541956013696
351,473,0.19564713216510535
20,223,0.19563779417096896
64,706,0.19561963507145969
64,113,0.1956145488258829
421,239,0.1955888341249807
769,494,0.19556025164357616
355,940,0.19550939429195682
356,812,0.19545699544602235
1162,629,0.19544536698171877
351,12,0.19544031509798238
769,120,0.1954204215775898
716,631,0.19540847776226475
64,1027,0.19537113472582288
1006,1034,0.1953566367753457
769,970,0.19534475774983484
20,339,0.19534282882634027
355,716,0.1953398060190511
1006,203,0.19532271610859234
20,103,0.1953196379184969
1162,271,0.19529051092133018
64,430,0.19529004166639868
421,501,0.19524225394637842
944,693,0.19522007978133948
351,214,0.19519077726838266
986,780,0.19517675201698464
1006,149,0.1951527089142495
769,800,0.19514377181908377
64,1051,0.1951164455742956
778,236,0.19510410453088117
146,727,0.19505081009335185
1162,848,0.19504444511159244
2,432,0.1950288690487416
769,1146,0.1949905520848471
20,523,0.19496453939718283
716,111,0.19494791679571097
1162,352,0.19494485121355193
355,854,0.19494424409559838
1006,73,0.19489820524177276
20,327,0.19488667404433213
64,553,0.1948854515438159
421,439,0.1947929339575382
769,539,0.19478730512047454
1006,1140,0.19475247165983978
64,994,0.19475203251409137
20,381,0.19463634841557723
295,261,0.19463037357994908
769,832,0.19461871574505935
355,980,0.1945772678143972
64,661,0.1945704248235555
1006,1049,0.1945631824643766
986,663,0.19453236557926404
421,739,0.1945279902003197
1006,152,0.19452043712916006
20,123,0.19448724846238705
355,535,0.19446105493985394
2,748,0.19445282773645867
1006,661,0.19442043938486198
944,190,0.1944121473823347
1006,130,0.1944110423516818
769,25,0.194393429029103
351,574,0.19439014479041802
716,1171,0.19437979324950827
421,1035,0.19436671120060922
351,635,0.19436337869459575
1162,301,0.19435018946384378
355,1043,0.19431365023823433
1006,547,0.19427406397192568
20,940,0.19426462031524575
769,1039,0.19424769477473078
1162,444,0.19424641920939723
355,516,0.194215886157592
804,684,0.1942033295575107
351,1122,0.1941503523541947
804,351,0.1941308076303429
1162,341,0.19410861801423776
421,153,0.19409102949050527
421,717,0.19408284451985466
64,1017,0.19406859179926567
1006,752,0.19401920461742714
64,809,0.19396566131325466
20,512,0.19392402034875786
64,459,0.19392233929139194
804,788,0.19391250201368654
20,393,0.1938874441446093
64,467,0.19383871596849736
716,275,0.19381944206323068
351,1036,0.19381770800423895
421,1122,0.19380032046343965
355,294,0.19378611973430904
421,792,0.19376809820108212
769,625,0.1937271981502866
351,39,0.19372274401443992
778,734,0.19370197951185142
421,825,0.1936962176603714
769,55,0.19368005658135903
351,803,0.19365502796037565
64,121,0.19364853633555726
64,172,0.19364251005935632
64,359,0.19362054150774569
20,240,0.19360753404257297
421,898,0.19357918615459097
944,79,0.19357012847599722
355,148,0.19356470774984016
716,1063,0.19353940272874745
355,702,0.19353847681144742
778,712,0.1935268111025889
421,341,0.1934498147681841
986,638,0.19344818962715798
421,1173,0.19341679928334984
2,916,0.19341029454046824
944,156,0.1934058022903316
769,603,0.1934048887278705
421,546,0.19335013785945232
944,724,0.19333239620444823
64,1188,0.19331846713784756
421,675,0.19331409503483032
769,976,0.19330531378364144
64,315,0.19329663639754857
64,551,0.19328606933306464
715,41,0.19325520810208774
146,1143,0.19325498987017717
421,294,0.1932420397462316
1162,136,0.19324098811379498
64,214,0.19323309900576535
769,464,0.19323170102079337
421,676,0.19322853561029754
421,1050,0.19318862418165889
64,230,0.19318436652671647
1006,168,0.19317469951027028
64,273,0.1931248500491863
1006,954,0.19311464417006316
351,312,0.19309944666686085
769,611,0.19308341824379574
351,257,0.19307515893176758
769,112,0.1930680222612639
64,95,0.1930568433174578
64,743,0.19305241002949186
716,998,0.19303594073464453
355,348,0.1930250704121513
351,632,0.19300440872563315
716,335,0.19294524022590268
64,552,0.1929206738465668
64,330,0.19290303214708446
351,851,0.19290068758195145
421,1046,0.19288376681578626
421,744,0.19288229878690202
716,231,0.19287839178439425
712,306,0.19282858821928223
351,1124,0.1928234742500722
355,905,0.19279107642016066
716,409,0.19276676452924635
64,39,0.19276024230964917
64,72,0.19275675175482915
20,920,0.19271274564652208
715,298,0.19270981767145082
421,554,0.1927012092821176
769,1128,0.19270024965425325
769,684,0.1926846211877874
295,439,0.19268102627712233
1006,209,0.19268082559877536
716,1,0.19267701826071534
295,114,0.19264292003795894
20,958,0.19263468187657412
356,215,0.1926335670720769
64,405,0.19259656258957564
20,1066,0.19258563904777243
944,272,0.19256256919106657
843,1059,0.1925376971544985
716,886,0.19252390958919183
351,462,0.1924860621034729
20,1046,0.19246624840816082
64,420,0.1924489205607831
351,221,0.19243839774206895
1006,934,0.19243590454865195
769,874,0.1924314353527847
20,809,0.19242435305173916
20,309,0.19241837500350484
986,276,0.19241480182377793
421,513,0.19239916782647956
421,855,0.19239033505979433
64,723,0.1923737257122652
421,770,0.19235652038895745
20,934,0.19235195060935692
2,157,0.19233863743443516
2,570,0.19230718132683625
1006,78,0.1922988219136549
100,674,0.1922987508201463
944,734,0.19222508884125372
1162,580,0.19221133479394814
919,13,0.19218049919635977
944,507,0.192174117008824
1006,535,0.19216720848842755
421,818,0.19215811170058503
1006,940,0.1921553348235332
716,248,0.19214157249665248
20,981,0.19213843308669604
944,23,0.19212667957270793
351,204,0.19211716309870328
1006,1136,0.19211461150112108
1162,503,0.19208265361514834
355,999,0.19207488340437692
20,716,0.19204251858576335
2,598,0.19203625091850843
20,1021,0.19199778681091648
355,356,0.19198657698498006
355,59,0.19195096016194532
769,1170,0.19193909159698833
20,295,0.19192396061172345
944,468,0.1919007013355725
64,1171,0.19184232656144476
20,118,0.19181295651358116
769,541,0.19180732180540686
778,89,0.19177549634268004
769,277,0.1917566928314245
769,615,0.19175186201748612
2,600,0.19174297985376157
769,667,0.19173213715862372
1006,408,0.1916973997983341
64,122,0.1916583174361107
64,981,0.19164991415478427
1006,925,0.19162414325428323
944,765,0.19158661297305687
351,526,0.19157697625510495
351,1070,0.1915239400747965
1162,259,0.1915084142670147
355,1064,0.19150332272733497
351,771,0.19148399997082305
421,490,0.19147138754074883
20,1117,0.19144590218001184
944,740,0.1914438623735872
20,175,0.19142738518497157
64,238,0.19142210054545367
184,1076,0.19141623437440689
351,1015,0.19141058699358793
769,295,0.1913976675022872
356,63,0.19138938213708426
351,1057,0.19138496241014652
100,114,0.191384688266779
716,515,0.19138009260559824
421,296,0.1913793995742638
919,915,0.19134308401413122
421,26,0.1913342037692541
944,137,0.19132091395616052
1006,174,0.19131788596427204
769,1094,0.19130199166502937
1006,1041,0.1912310053045966
355,996,0.19122687462054463
2,191,0.19122672965107654
64,382,0.19119431730693806
1006,650,0.19119061378643099
1006,239,0.19118606170940217
1006,25,0.1911764502643436
716,1036,0.1911703374435976
421,778,0.19116973927995498
20,858,0.19113294432865982
421,660,0.1911259252833378
986,314,0.19112382023003546
421,690,0.19111787287376025
919,298,0.19110633020663365
146,129,0.19108636952706945
421,499,0.1910848943501598
20,336,0.19108228833589255
351,1130,0.19105497324842355
986,72,0.19101304699858082
1006,731,0.19100816450301775
355,868,0.1909993562488451
64,75,0.19099585802824778
351,325,0.19099513164264706
421,1049,0.1909887347337686
944,517,0.19096293380656773
769,271,0.19091342205193573
64,12,0.19086001759714777
769,57,0.19084582494254648
64,118,0.19078399879221783
769,416,0.1907749887719797
769,517,0.19076293543762382
421,307,0.19074279456822532
769,51,0.1907198765502792
64,65,0.19071486957876596
64,460,0.190707649587519
355,1151,0.19068239456541944
421,837,0.19067910861183027
351,658,0.19063404246172636
64,441,0.19061754179123017
769,201,0.19060345951387594
1006,1065,0.19058317270888758
769,604,0.1905737406226251
421,222,0.19056085846444545
20,209,0.19053844744982834
769,60,0.19051580595966952
919,910,0.19051089921813855
20,435,0.190495583142142
1064,788,0.19044935867864488
295,650,0.1904442078649777
421,50,0.1904360012141111
20,120,0.19041971764738838
20,431,0.19039674559125286
20,124,0.19037328136452478
9,677,0.19035207430718157
351,864,0.1903493817263672
1006,245,0.19034517085268698
1162,1077,0.19032220505773303
100,480,0.19032048167391086
712,437,0.19028570351317528
64,305,0.19027910295374062
1006,1035,0.19026256425767718
355,1183,0.19022525983894148
769,22,0.190224941407236
64,445,0.19021475227285584
769,943,0.19020722340982096
716,271,0.1901927954346505
1006,896,0.19019023789322845
1006,778,0.19017503566331947
355,365,0.19015745652747726
1006,608,0.19015029472121117
100,162,0.19014412157809063
421,846,0.19014378678071156
146,371,0.19012214897582386
421,921,0.19011267734867046
769,1038,0.19008565697611346
20,335,0.1900527180639567
355,25,0.19004967872694747
1006,700,0.1900268185832502
944,1192,0.1900241154508378
355,934,0.19002204878976017
351,674,0.18989850038113376
351,960,0.1898751715544847
351,60,0.18985361563534095
421,31,0.1898203099207743
769,835,0.18979448023784032
351,807,0.18978053902534733
20,324,0.18974668144310713
769,458,0.1897224947736345
355,1073,0.18969698918460917
356,1041,0.18966895483471105
351,962,0.18962778205347858
351,575,0.18961891506927644
421,266,0.18961739522574486
351,736,0.18956899137095798
355,935,0.1895595322438223
986,1194,0.1895427146989546
769,297,0.18954189643479263
2,555,0.18953881031189496
769,455,0.18951251883887862
355,94,0.18950017777973768
295,220,0.1894509020762519
355,819,0.18944897945769731
1006,1028,0.18944718561690915
2,967,0.18944195166614172
692,1086,0.18943511923602444
769,8,0.18941195261820107
355,848,0.18938981719732131
421,133,0.18937821856597098
355,96,0.1893734899463816
64,453,0.18936126891991534
64,342,0.18934689695567927
421,356,0.18933736059083703
421,193,0.1893325911833514
919,1076,0.18931120437965526
64,317,0.189305343145784
64,336,0.18927951032097898
146,466,0.18926784195977797
1006,204,0.18925618980071415
421,833,0.1892370172690472
778,1024,0.1892360051151146
351,882,0.18918034365405045
716,940,0.189175897191356
716,784,0.1891562966182394
769,833,0.18911821350453495
769,479,0.1890887781937614
421,182,0.18908227003054293
716,1035,0.18907875755534426
716,397,0.18904487048586985
2,1173,0.1890420181643161
986,338,0.18902116373691913
64,1093,0.1889852184472271
355,584,0.18897126477679266
20,964,0.1889643909234995
769,958,0.1889590886086691
769,896,0.18894721566832673
20,320,0.18893768837199465
716,510,0.18892761591305765
769,13,0.18891727821563814
421,67,0.18890069254934982
355,466,0.1888910675266681
421,1039,0.18888654890332612
769,372,0.1888796810136596
355,989,0.18887598665368957
1006,733,0.18886407275382744
716,1156,0.18885326634388527
1006,344,0.1888501435500165
1006,480,0.18880900365720907
355,265,0.1888030549783442
295,168,0.1887936805995603
20,892,0.18878766799569502
20,1152,0.18876532241980243
355,209,0.18875983052944875
1162,273,0.18873865843990534
962,1106,0.18872205012524906
1006,694,0.18870411609427334
716,584,0.18868732805047086
716,10,0.18868485669789384
778,41,0.1886839717318139
355,975,0.18867170845383682
20,759,0.18866139433759188
20,739,0.18864300265407477
64,56,0.18859578911413757
64,767,0.18857387158854202
1006,425,0.18856997364023395
64,1082,0.18856482079832187
716,1168,0.18853729275474637
716,413,0.18851168860166762
421,913,0.1884826823417444
769,121,0.1884786660311614
355,1088,0.1884761150631306
1006,220,0.18846436503457129
769,850,0.18842711307623478
351,100,0.18840240660755775
769,502,0.18837231038933835
1162,274,0.18835801036712646
64,1044,0.18833514034528434
64,197,0.18833375344046238
716,218,0.18833178992215088
1006,186,0.18832820501276912
64,4,0.1883234124659505
64,1128,0.18831393136424754
64,949,0.18830876949524789
355,849,0.18827828405207822
1006,428,0.18826731505148894
769,883,0.18826698642322903
1006,296,0.18821420601768504
351,18,0.18815419286940194
64,621,0.18815176150052787
9,217,0.18813489259678642
716,470,0.18812855754497718
716,905,0.1880744574602211
64,833,0.18803995692224898
716,381,0.18802630279915378
1006,537,0.1879901151722042
769,1097,0.18798155627348812
351,662,0.18797755418605322
355,1138,0.18796914635739004
769,659,0.18795256768047947
355,102,0.18794085375212782
1006,975,0.18793580956079403
355,445,0.1879206550398798
1006,833,0.1879107947247796
2,1140,0.18788798456032663
64,603,0.1878840009206503
2,404,0.18787845014357604
804,665,0.18784558574155713
351,305,0.18783719067503152
356,360,0.18783594258372757
355,132,0.18779561150259413
716,1024,0.18777786214533512
355,42,0.18776036514417743
421,647,0.18774875086928688
64,268,0.18774151828853453
1006,119,0.18772272304813944
421,8,0.18771900562635793
295,455,0.18771579462786517
769,109,0.18769819942090557
351,877,0.18769772155036493
769,386,0.18767628908826955
20,388,0.1876700004511533
2,1105,0.18763580023254547
64,871,0.18761666155193424
778,606,0.18759840333829497
20,420,0.18758822923179605
421,1087,0.18758127866637303
64,904,0.18757051880459158
64,515,0.18755261344303517
20,1122,0.18751930108249754
20,280,0.1874995405338675
64,120,0.18741595482419376
356,615,0.18740952641628847
351,510,0.18738228404260263
769,610,0.18737762778076777
355,486,0.18737461790539345
769,879,0.18736516299319275
64,570,0.18736158344932508
2,735,0.18735182021204344
778,591,0.18735088813012607
356,67,0.1873160841051639
716,643,0.18730707268624347
20,260,0.1872752257857767
2,502,0.1872749760660008
1006,161,0.1872698601945895
20,410,0.1872492452581784
919,977,0.18724319295778927
769,336,0.18723012957691437
944,566,0.1872135311750399
64,454,0.18720856691904447
20,1180,0.18720499485493933
769,438,0.18719164603267094
1006,456,0.18717416572648804
355,548,0.18716634638752946
20,686,0.18713733016655348
769,562,0.1871330456245103
944,860,0.18710965308037894
64,320,0.18709534002519726
351,795,0.18709096715752513
1006,784,0.18706409495612794
355,358,0.18705905919842555
20,991,0.18705849420618847
64,524,0.18705056984465993
769,624,0.18704436047183587
351,1175,0.18702342890841672
1006,28,0.18696425563803357
769,242,0.18695340960445972
1006,521,0.1868969862070308
20,48,0.1868809133257374
769,767,0.1868506354616743
716,388,0.18681378884435054
2,789,0.18677208022924274
919,558,0.18674135728364297
64,161,0.1867342284187217
778,974,0.1867028707924244
1006,855,0.18668988554073676
1006,94,0.18668127856989145
769,945,0.18665886599453949
944,589,0.18665867088028204
986,261,0.18661537387240665
9,1160,0.18660263720592998
20,861,0.18658570279880735
355,872,0.18657480833125067
1006,582,0.1865716066314593
1006,976,0.18656278372022037
355,816,0.18656139566902924
1006,1040,0.18651498258474666
9,1083,0.1865113390056889
421,975,0.1864862796840844
64,1105,0.1864180176621698
1006,867,0.18639330365856618
355,471,0.1863910676262767
919,437,0.18636246908815857
1006,136,0.18634356981962794
421,985,0.18629227712532823
421,1030,0.18626696622550634
769,946,0.18621699216826204
986,232,0.1862115510752069
1006,131,0.1862001666527539
421,329,0.1861801490984843
351,354,0.18617913103286934
355,227,0.186170618366244
1006,894,0.18616684520929083
1006,336,0.18616154033560328
64,1020,0.18615166569689526
986,1149,0.18614030288405073
2,1150,0.18613463826293955
944,382,0.18611424063906792
295,70,0.1861099073551582
20,946,0.18609534258243007
1006,955,0.18607947573744338
20,1052,0.18607615245593873
804,926,0.18601349920360977
355,890,0.18597456441134866
295,1129,0.185953244615684
64,1091,0.18591365019541878
2,1155,0.18590836341264919
1006,744,0.18589008689965283
355,242,0.18587864596522993
769,766,0.18587659642619234
355,953,0.18585822555144776
351,309,0.18581869666184936
716,456,0.18581560759776283
421,249,0.1858118276173361
64,541,0.18580670637766886
1006,376,0.18579368088141332
355,187,0.18579004625027948
769,657,0.18578583234471624
843,1086,0.18576854035162427
1006,1203,0.18575276321814096
716,186,0.18574197780047952
2,68,0.18572631080140958
769,128,0.18572015586680235
1162,651,0.18571818599320045
64,183,0.1857050932642759
944,463,0.18569482667864737
351,153,0.1856693243906125
20,113,0.1856678138264241
64,863,0.18564269609393072
355,1135,0.185621163490909
769,962,0.18561211387100274
769,491,0.18559317152066424
9,632,0.18557260481129767
64,455,0.18557087832028019
2,338,0.18557000354426298
944,478,0.18556149471207142
1006,440,0.18555315087708663
2,304,0.18554085964069364
351,366,0.18553996231405012
769,590,0.18549121275977679
944,324,0.18547982823390213
64,307,0.1854756185722749
716,508,0.1854680828335085
769,234,0.1854667564017509
355,638,0.18546062785765013
944,810,0.1854427643416915
944,510,0.1853904173346542
716,80,0.18538163450715164
712,558,0.18536734450125092
769,807,0.18532019220185744
64,733,0.18531010622334973
20,193,0.1852999621223338
944,552,0.18528529782901507
1162,698,0.18528309160647607
9,190,0.1852552963773456
769,191,0.18525369271303962
944,193,0.18522906999076677
421,442,0.1852262455326437
1006,885,0.18518868343403477
20,837,0.18518202002201847
1006,260,0.18515044324274918
295,150,0.18514585031904235
355,240,0.18514076719851508
769,504,0.18512869506915117
355,136,0.18509581403612058
778,494,0.185094163543814
351,174,0.1850831635360598
1006,722,0.1850809453958655
20,482,0.1850790212375411
716,997,0.18507050534841255
769,321,0.18506424482564116
295,1151,0.18505556473826246
1006,794,0.18504588216624865
20,754,0.18503531601238288
1006,455,0.18502376177107072
1064,1154,0.18502291656465683
769,902,0.18500460151545742
421,793,0.18500446587400896
295,402,0.18496608654870575
1006,1201,0.1849645232439427
356,741,0.18496205679848807
2,121,0.18493279981845875
355,491,0.18489655786073328
64,1112,0.18487910109703054
1006,808,0.18482650001953715
944,351,0.1848162655406619
20,1128,0.18480336546435905
1162,1065,0.18478566368337748
20,751,0.18476247223240377
355,831,0.18475036476152437
769,819,0.1847352370664643
295,385,0.1847147496342633
712,114,0.18471417628794168
9,749,0.18468050011945836
355,766,0.18467542891567637
1006,989,0.18466294667288438
355,208,0.18466274191508505
64,851,0.18466152515162815
421,696,0.18465089268811896
716,495,0.1846435901544709
1162,211,0.18463256550294022
804,714,0.18463130902615846
1006,310,0.18463079318293324
1162,942,0.18461849861129187
1006,1021,0.1845952752280813
295,103,0.1845707131600683
355,689,0.1845683313437288
1006,817,0.18455815527462405
716,763,0.18454220812824684
986,701,0.1845412323254003
421,1010,0.18452804074816698
944,1164,0.18446048488726666
20,15,0.18445030990151476
20,776,0.1844045225215901
9,41,0.18438157768484953
356,835,0.18436887934928725
351,3,0.18435502812684643
20,11,0.1843372990526094
355,1049,0.18433114206551302
769,245,0.18430518960865877
769,369,0.18430175102851082
1162,654,0.18427151257976648
64,1050,0.18426042275252022
356,155,0.18424565454903177
356,789,0.18419630982129453
769,931,0.1841630779568532
944,880,0.18415721033624288
778,1038,0.18415375351597266
944,1125,0.18414460621437825
769,252,0.18410877060813657
355,142,0.18409277217873304
356,307,0.18407652821491924
20,732,0.1840640434071891
20,383,0.18404951512131992
1006,370,0.184033249327311
769,220,0.18403062446559745
295,492,0.18403051240925494
421,586,0.18401430102761718
421,113,0.1839898629830244
716,1187,0.1839679229879963
355,938,0.18396286774368634
944,875,0.18395103884343858
351,111,0.18394105339286412
944,291,0.18390858601366672
716,104,0.1839039022207521
840,358,0.18390080151015364
64,996,0.18387629564330413
295,36,0.18386468982391496
944,286,0.1838553649404158
778,216,0.18384819315406015
1006,594,0.1838190034050159
1006,191,0.18380773131320974
64,592,0.18378634248554024
146,711,0.18376668421568684
355,463,0.18376234585957485
769,1051,0.18372090694106555
1006,435,0.18371951268668718
64,97,0.18368478534145488
1006,898,0.18367173186701202
351,68,0.18366741200044817
64,85,0.18365539948439394
351,1083,0.18364226313840343
1006,823,0.1836313667447891
1162,123,0.1836168743814179
64,1098,0.1836151931283548
421,20,0.18360056469256844
355,359,0.1835932285196282
2,242,0.18358559122218218
20,1132,0.18356739735776711
769,304,0.18355656061558184
351,123,0.18355554521382286
944,1160,0.18355250821958094
20,60,0.18354694540386063
20,928,0.18352656013758095
20,199,0.18351967891594603
64,557,0.18351767092112128
716,233,0.18351133550390736
421,259,0.18350714091579148
20,125,0.18350340101183063
1006,685,0.18348215706938178
295,884,0.1834599346755684
20,449,0.18336639575265734
1006,181,0.18336220620820415
2,336,0.18334395656622857
1006,723,0.18333262655728244
64,808,0.18332229591984378
355,855,0.1833036999356343
64,154,0.18328972222664486
351,1021,0.18328008842595545
944,195,0.18325541966652592
355,1061,0.18325340046420013
64,179,0.18325275556917328
769,1035,0.1832483860679264
769,1105,0.18323428456739968
778,895,0.18322408116290445
421,426,0.18319100064978144
769,533,0.1831460273392842
351,355,0.18314600010874993
20,305,0.18310325242136913
9,491,0.183086513949579
355,599,0.18307322155200614
769,1198,0.1830481334085009
421,75,0.18304321891320097
421,1086,0.18304195584639804
778,1106,0.18304146678269334
716,1046,0.18304014456623768
20,557,0.1830110878678692
64,346,0.1830039567438476
2,986,0.18299993667329575
2,1102,0.1829660833264215
421,328,0.18295687186781967
64,622,0.1829440935427259
355,876,0.18294204195422004
769,512,0.1829109484426406
355,656,0.18287385557175095
1006,32,0.18286696689661278
944,108,0.18285772690217486
1006,14,0.18285045758468504
20,31,0.18283977739998114
421,368,0.18283126033157387
769,957,0.1828270675368821
355,465,0.18281379275322276
64,693,0.18279590057028977
351,1013,0.18279179223686506
769,257,0.18278784623876004
20,408,0.18274098984183776
20,247,0.18271993632289862
351,178,0.18271215563094498
351,372,0.1827095478698585
64,1054,0.1827094901448124
20,1058,0.18264624675592922
20,256,0.1826301551745307
986,573,0.18260550557746708
64,646,0.18259539519114218
1006,507,0.1825913490928339
355,976,0.18258040534785988
20,963,0.18257958465610535
20,1162,0.18256022285200177
64,796,0.18255548328770035
355,476,0.18253071538042587
944,30,0.18251582562121926
944,631,0.1825045096237954
64,1030,0.18249041969559004
64,537,0.18248358498787845
716,242,0.18246389480685785
20,278,0.18242158110031326
64,510,0.1824027579774646
64,912,0.18237976263431366
1006,418,0.1823614346502377
421,521,0.1823514516856844
716,906,0.1823248664380995
9,722,0.18231754508721182
986,995,0.18231465798230906
716,75,0.18230505120840937
356,690,0.1823028918449038
421,788,0.18227477425677696
716,978,0.18222500009759157
1006,1100,0.18220407447336665
944,597,0.1821934520963123
843,902,0.1821892751844402
20,621,0.18217346252186395
64,666,0.1821660051620639
421,669,0.18216104761286395
64,58,0.18215311451167734
778,680,0.1821514279457072
1006,409,0.18213982102956067
355,1019,0.18210647210126737
64,1201,0.1820855179581742
421,840,0.18206101601354516
64,1104,0.18205326292355045
355,1020,0.1820494353504528
64,1090,0.1820401854756566
355,133,0.1820288113798992
2,756,0.18199162318781495
351,289,0.18198680913783397
778,139,0.181983471127816
64,643,0.18198302696004276
64,559,0.18196909572619774
421,1183,0.1819537041638065
351,1053,0.18193943574879337
986,774,0.18191892609846189
356,293,0.18191641205548298
356,612,0.18191289261759672
64,716,0.18190227101226475
9,322,0.181883476190145
421,1105,0.18188208583101156
355,1100,0.18187637889423666
64,318,0.18181925497316984
1006,379,0.18181272332001566
944,754,0.18179873558796025
64,704,0.18177070371847714
944,1041,0.18176848363850037
716,137,0.18174267430389565
769,560,0.18173418731954566
1006,432,0.18173086706630004
944,504,0.18172649484728676
944,1167,0.18172430444795062
769,920,0.18172266970389395
1006,822,0.18170767918633277
295,694,0.18168124333475152
986,489,0.18167243821463702
944,1201,0.18165445732741486
64,370,0.18165348971239148
9,944,0.1816503041688994
64,252,0.18159759776780474
351,753,0.1815795908913027
716,212,0.18156572247587624
20,214,0.18156037487611046
944,480,0.18155101912818344
64,875,0.1815327374060587
716,478,0.18150859529990482
64,985,0.18148470250959423
769,716,0.18148128045669026
355,330,0.1814682640630052
2,94,0.1814496175191425
1162,572,0.18144448504794355
20,352,0.18144142960867973
769,293,0.18141692371469154
944,170,0.181386004891378
1006,845,0.18138232072002097
351,468,0.1813708285357569
351,976,0.18134914986891196
20,1165,0.18133258006259856
64,1079,0.18133183782701034
421,1089,0.1813254550664708
351,536,0.1812985135305887
355,436,0.18127936106065237
1162,549,0.18125575353873313
64,867,0.18125475055121498
64,78,0.18123622780729462
769,19,0.18123209451373246
843,967,0.18121349001628634
944,258,0.18119935450205688
351,757,0.18118549246450694
769,247,0.1811771002855771
421,233,0.18116235166648703
64,918,0.1811607095127956
1006,1054,0.1811514721091592
64,60,0.18114352180627577
351,729,0.1811037071770507
355,817,0.18109978850920125
778,372,0.1810932415579273
986,729,0.18108570744575442
355,502,0.18105985256850723
351,45,0.18104616465563997
64,761,0.18104375984543758
716,587,0.1810238169380374
64,848,0.18099268680396427
1162,828,0.18098182943107846
421,794,0.18097316539560937
769,300,0.18093224204651506
1006,654,0.18091603912011872
64,608,0.18090806767013573
351,724,0.18090491569175282
351,875,0.1808951555632346
356,899,0.18089329907523946
716,511,0.18088666211409038
2,425,0.18084901139121862
64,491,0.1808396264688501
351,547,0.1808227176654688
421,678,0.18081199993212302
421,1045,0.18080882047944372
355,931,0.18075626899120809
944,869,0.18074196286245767
20,625,0.18072601181404202
1006,1189,0.1806952831108188
778,424,0.18068995309666355
64,928,0.1806821817750259
716,42,0.18068061010566713
64,1146,0.18066436491547835
769,159,0.18062065929190377
351,413,0.18055320492325758
1162,482,0.18054428023418395
944,636,0.18053205848584758
769,1174,0.18050878232843845
577,1175,0.18050261424833042
20,405,0.18049477743254574
64,240,0.1804907128017078
769,74,0.18045178770978915
64,610,0.18045103771893944
716,1125,0.18044107788901276
421,573,0.180365409258523
944,236,0.18036407879350397
1006,695,0.18035919758380298
1006,603,0.1803234942480976
778,626,0.1803175853800958
421,591,0.18030755440757001
64,588,0.180293705723484
769,779,0.18027324642714537
716,994,0.18024623957015917
840,779,0.18024068657607764
421,347,0.18023166471818725
944,1161,0.18021961124496902
355,907,0.180210551596721
355,166,0.18020766294760707
944,542,0.18020443388889582
2,493,0.18019476726291886
1006,555,0.18018360958051288
716,20,0.18018247349624164
1006,1111,0.18014931325928202
184,804,0.18012316962069483
1006,1064,0.18011470031342186
20,1003,0.18010496243539428
2,25,0.18006933431094993
351,63,0.18006582348371697
421,843,0.18006217633450244
944,4,0.18005847300144193
944,453,0.18004111433330372
20,775,0.18003734300427585
351,71,0.18002474480261868
769,360,0.18002157787812956
769,97,0.1800186804616609
356,496,0.18000666631475476
716,761,0.179994368410891
64,482,0.1799904346714125
64,274,0.17998216072804832
64,609,0.17996171624286988
351,649,0.17995242267807052
64,1170,0.1799523388599281
769,738,0.1799496956113691
351,5,0.17994896203578756
769,193,0.17994652479448842
421,201,0.1799439724145908
20,211,0.17991614938679276
64,947,0.17991575204854462
421,22,0.17989935389707534
804,37,0.17988408731373168
351,97,0.17986767514357285
9,768,0.17981756002979588
716,895,0.179810125644241
351,302,0.17980399444827594
351,1046,0.17979482169839248
1162,806,0.179750678657873
351,1076,0.179731874002665
351,1091,0.17971961944990955
64,1162,0.1796577719701804
421,891,0.17965620975116672
1006,565,0.17963357401553193
20,1022,0.1795500781666756
20,268,0.17953751462678688
100,485,0.17947511073489822
421,782,0.17947309907739814
64,842,0.1794722839687991
146,778,0.1794686922627498
769,990,0.17946740175651574
355,704,0.1794555218060127
64,917,0.17945400180351112
20,509,0.17944266531561534
20,1047,0.17943599079020367
1006,858,0.17943559570560025
421,927,0.17942569482432646
986,967,0.1794117058928599
64,211,0.1793739609319737
64,203,0.1793195060786593
716,1203,0.1793040140020132
1006,358,0.17928472359348446
1162,560,0.17927294094991728
64,142,0.17926622387322672
944,978,0.179265133189147
1006,1061,0.17925878807981596
421,419,0.1792404224369942
843,1143,0.17922250516580468
351,399,0.17921558991110317
421,1062,0.179211246302003
351,493,0.17920692182017825
769,548,0.1792013891562611
351,1116,0.17919618363287185
1006,413,0.17918787109453338
64,1138,0.1791876808199907
986,841,0.1791754676473891
9,637,0.17915411020041527
1162,1054,0.17915014072754157
1006,1182,0.17913183816862208
351,941,0.1791242156834063
64,1120,0.1791191468878681
355,617,0.1790737304294127
986,1031,0.17906276953027123
64,936,0.1790613775522867
421,70,0.17905069038083746
20,949,0.17904188975910446
356,440,0.1790404077722314
716,283,0.179024972332184
1006,74,0.1789985427542467
351,1187,0.17895886124225252
9,865,0.178949959630551
351,394,0.1789435639331022
351,763,0.17893532797578005
355,725,0.1789025123808222
1162,460,0.17890111159015926
2,471,0.1788856058865897
778,538,0.17887876522570398
351,687,0.17886320698931985
1006,327,0.17885328127299838
20,35,0.17882038983129125
421,819,0.17880946827592
20,348,0.17880673492111251
1006,356,0.17880618391612824
295,713,0.17879809361839508
944,1150,0.17876415747029117
1162,523,0.17876381945300487
1162,648,0.17875666055483486
1162,2,0.1787451121880157
986,624,0.17874004075164204
421,62,0.1787264900327795
355,990,0.17872547421568988
769,697,0.17872372086336893
716,1066,0.17871806059783782
1006,82,0.17871152019891393
64,245,0.1786963524982027
64,431,0.17867127120675882
351,199,0.17866859173849609
716,787,0.17863600611074257
716,704,0.17858479524050702
769,787,0.17857008731226925
1006,427,0.17853324703422827
64,672,0.17852933855013428
351,814,0.17850931203874906
716,662,0.17850390120588125
355,278,0.17849480294839698
769,713,0.17848399546691368
769,595,0.17845030925355637
944,736,0.17841194718590186
351,563,0.17838021738259688
769,991,0.17837678893997883
295,896,0.17837575442365708
355,521,0.17837566055849421
64,566,0.1783705378189119
1006,831,0.1783703800961271
64,103,0.1783411945377829
778,1042,0.17833225481510928
769,183,0.17831751022874742
421,559,0.17831033768880955
64,506,0.17830920522704083
20,593,0.1783035556206561
421,363,0.17829895990514488
769,1137,0.1782450709392414
64,633,0.17823071817956337
9,330,0.17819934400719964
295,522,0.1781340681557878
20,301,0.17810714410645942
1006,499,0.17809147764231228
351,93,0.17806680362882904
1006,890,0.1780573262088662
769,973,0.17805581727051334
20,228,0.17804843682658222
356,55,0.17804640237718755
919,916,0.1780406448064799
2,329,0.17802879718142756
20,317,0.17801987781763656
716,1162,0.17801923388850968
351,591,0.1780158503674621
355,997,0.17800376768223478
716,628,0.17799094210467206
64,611,0.1779725825526271
421,459,0.17794990800042473
421,168,0.177913259034576
20,32,0.17791217702898363
1006,1091,0.17784790094345895
351,1133,0.17784613765138732
351,828,0.17783927478363634
421,1012,0.17783779685000276
356,409,0.17783643995136322
351,930,0.17781782348751868
769,1101,0.1778126270450115
421,1078,0.17779826942623114
769,125,0.1777913166490165
355,1066,0.17778371491083392
355,426,0.1777776390236597
2,253,0.1777752131115892
1006,854,0.1777618878835158
421,187,0.17775666932591608
64,52,0.17772763581108397
944,684,0.1777244459658483
20,1096,0.17772310285909404
64,1132,0.1777223850174216
1006,126,0.17772046814877818
769,476,0.17771360278457138
1162,845,0.17770758955476396
295,499,0.1777018410385422
64,641,0.17769376187120525
20,447,0.17769086648944832
20,1173,0.1776636931314713
840,755,0.1776234120435245
986,933,0.17760070703362116
421,804,0.17759495123827995
20,885,0.17759463708793718
64,844,0.17757402634396563
295,228,0.1775538775439461
351,348,0.1775512206848948
716,197,0.1775508334337563
64,582,0.177535688046671
64,1028,0.17752169207625895
944,490,0.1775168418227055
716,393,0.17750800246816403
716,992,0.17750052173129255
1006,258,0.17748400127800623
64,1131,0.17746632919150557
769,210,0.17741328004979948
20,291,0.17740293118966166
64,167,0.1773989426903536
1162,31,0.17739773509040146
1006,950,0.17738134666522676
769,633,0.177373658418491
1162,43,0.17737094630906178
716,851,0.17734573952838498
355,675,0.1773355066135902
769,38,0.17732804901377433
355,69,0.17732390484827137
355,1140,0.17731501911338748
355,1051,0.1773068747286518
1006,790,0.17729399195510326
716,569,0.1772802616659922
20,748,0.17726946231652393
64,654,0.17724344222136793
769,1119,0.17724238209410162
20,948,0.17724154651357835
64,639,0.17722667357725097
1006,508,0.1772063655765521
769,106,0.17718362924114547
1006,745,0.17718051863705536
64,584,0.17713844535703271
716,544,0.17712633389629673
944,537,0.17712199557453334
64,514,0.1770871806912987
769,836,0.17708619073322535
351,788,0.17707886260372344
351,489,0.1770682379086971
1006,861,0.17702811337109367
20,830,0.17702570195688955
769,1057,0.17702019005803168
64,1200,0.1770190119380193
769,161,0.1769937780230697
64,973,0.17690809248627296
64,993,0.17689329786328142
64,730,0.17687265206504516
295,158,0.17686908978092702
804,66,0.1768654894900424
351,514,0.17686311681627542
944,1132,0.1768617552234403
769,454,0.17683763941746683
986,503,0.17682553078538388
986,910,0.17681760077866995
804,715,0.17680389168146024
351,1177,0.1767961576459955
769,1065,0.17677952606072975
1006,838,0.17676516737722214
1006,106,0.17674113327789792
716,875,0.17673943858345417
769,449,0.17673537170314793
986,11,0.17672920003235573
64,2,0.17672499775275574
64,157,0.17670616492697627
716,730,0.1767056213860413
1064,38,0.17669137831441648
421,649,0.17667830384463112
769,1073,0.1766703626823217
1006,740,0.17666764063665544
421,728,0.1766320562896591
1006,48,0.17661424660177716
64,1161,0.17658813220973968
1162,1110,0.17657643675521095
20,801,0.17656653823548685
769,655,0.17655680079182373
64,1198,0.1765446398916557
1006,710,0.17652510727179702
778,882,0.1765007181802882
421,830,0.17648979813980983
804,108,0.176472678265824
20,1068,0.17645906295926025
769,233,0.176458127696736
421,1016,0.17645540443730942
64,632,0.17644902294199213
421,502,0.1764300541160666
804,793,0.1764088419823175
769,87,0.1764064069976069
64,401,0.17639090178795971
769,365,0.17637804770038792
804,163,0.17636967394576722
351,361,0.1763650704035957
769,1049,0.1763549485244187
716,918,0.17635478814057015
20,1069,0.17635247454536834
64,828,0.17633462576907502
20,379,0.17632788070825686
351,378,0.17632073177426283
351,837,0.17630713189640718
778,707,0.17628755816856925
769,1011,0.17628297183325742
20,303,0.17627701851428312
1006,47,0.176270081833151
355,896,0.17625908649853073
986,256,0.1762540903795129
769,768,0.17625311896303594
716,783,0.17624927524162373
1162,364,0.17621119055763468
986,619,0.1761809679293521
1006,568,0.1761453152446625
20,549,0.17613687713128331
769,217,0.17610768416760095
355,1193,0.176076668482949
351,10,0.1760703035276843
1162,150,0.1760677161382269
351,607,0.1760492622787711
944,1112,0.17604313665100524
421,909,0.17603118234061776
421,1155,0.17600856204187865
716,720,0.17600806429904461
769,381,0.17599532302500123
769,43,0.17599277161539087
421,1101,0.1759773192776458
1006,320,0.1759697108645554
295,655,0.17595892487949494
778,825,0.17595113188922282
944,822,0.17594499468656422
769,72,0.1759403605652919
716,924,0.17593071368816188
351,497,0.17590334038527597
64,175,0.17588038380902946
986,410,0.17587548507962375
146,41,0.17587367481367408
1162,1178,0.17587327747083972
421,1142,0.1758657351439557
1006,878,0.17585117221102892
769,239,0.17584382970187137
1064,137,0.17584264905345057
421,776,0.17583706504124083
184,236,0.17582543987658986
2,985,0.17581877755196046
64,834,0.1757945080923985
944,1094,0.1757777762774518
1006,2,0.1757714435155067
351,703,0.17575535928973138
20,552,0.17574083930618256
64,217,0.17573857592284117
421,401,0.17572444007294769
20,911,0.17570860644746086
716,43,0.17570190697034263
421,207,0.17568488632898638
351,74,0.17567852301106154
64,68,0.17566894772399047
64,892,0.17565934505632824
769,790,0.17565074776898096
355,1197,0.1756487726322556
64,893,0.17564687206482124
351,67,0.1756365223629853
64,1145,0.17560887947228637
64,732,0.17560826462472376
716,318,0.1756062104210126
1162,929,0.17558886556985037
421,376,0.17554370526891533
2,892,0.17552831829640528
944,777,0.1755205338822309
778,697,0.17551288627967432
769,457,0.17549926367459448
2,345,0.17549718827623564
356,950,0.1754920615872547
2,975,0.17548632385957763
64,1056,0.17547870658819636
356,96,0.17547819653946767
20,233,0.17547554893598785
769,266,0.17547308721332233
769,166,0.17545944738342253
804,366,0.17544353236097063
64,719,0.1754346049130734
769,763,0.1753565727418651
355,616,0.17534124488757458
421,520,0.1753301903430474
769,90,0.1753291599375765
351,794,0.17528828518627096
2,955,0.17528546037948614
769,784,0.17525286642136212
1006,1162,0.17524880681891505
356,199,0.17524638450066798
64,1002,0.17523188019987784
1162,21,0.1752039206907171
2,1184,0.17519339157185534
295,77,0.17518904114677253
421,1135,0.17518242539185586
1006,1052,0.17517234677523724
421,230,0.17516767377380502
64,781,0.1751517253813971
351,310,0.17510200019896496
944,1141,0.17508641673642866
1006,44,0.175070551086561
986,999,0.1750571825883641
986,709,0.17505371888844606
1006,156,0.17502925512403633
64,188,0.1750105412560652
1006,964,0.1750034745719106
804,27,0.17500116576355898
355,263,0.17499916959360035
351,1191,0.17499497532541025
351,458,0.1749833612320558
1006,542,0.17497417220756117
1006,601,0.17496401566083705
769,1125,0.17495144738733315
692,236,0.17493524536948976
944,644,0.1749216223313417
20,475,0.17492013981900553
1006,922,0.17490441147720898
1162,563,0.1748937187041846
986,2,0.1748788337532761
577,1114,0.17487093854415423
2,258,0.1748693816505642
64,940,0.1748478546582889
64,456,0.17484537834566397
986,437,0.1748383068006999
769,302,0.1748364495434449
944,275,0.1748262520883966
716,300,0.1748217286287051
20,1142,0.17481110365520167
1162,980,0.1747918146178375
1006,276,0.17478955807685712
64,452,0.17478799481387433
421,508,0.17477526652704323
64,360,0.17477319536132113
20,1072,0.17477293101759722
769,1127,0.1747648858529951
2,416,0.17475991799815369
421,535,0.17474519456258641
1006,199,0.17473263495683
944,646,0.17470758259754302
1006,12,0.17470065767277712
64,1160,0.17468614841268165
355,522,0.17467358831985458
355,576,0.17467275375040364
421,361,0.17466642319747586
421,965,0.17465698792566353
944,1187,0.17464872561792275
2,77,0.1746423684213683
351,169,0.17464109242235573
421,890,0.17463540346651865
804,676,0.17462998673541275
64,1061,0.174623014565738
944,665,0.17457913734268932
355,377,0.17457159635654484
769,1064,0.17456330283609336
778,415,0.1745590894201511
2,133,0.17455552225921822
421,1196,0.17454812940682932
769,77,0.17452956164964703
355,1040,0.1745291074749462
355,919,0.17452046799762233
769,513,0.1745174143843564
840,332,0.17451327402990682
716,785,0.17450689348351892
20,25,0.17450631453371
1064,546,0.17450624689464284
1006,233,0.17449535030238852
716,872,0.1744890448180595
1006,1039,0.17448704074535207
64,21,0.17447214409235698
1006,560,0.17445668518703375
295,242,0.17445527115980267
919,1085,0.17445471521253064
944,811,0.17444664112073316
919,688,0.1744352668440791
944,424,0.17442238203491792
716,39,0.17442062614605053
64,930,0.1744042560198296
295,358,0.1743856343694941
355,513,0.1743804781396537
64,568,0.1743738302108377
64,1068,0.17434377122430025
421,271,0.17434238549049552
944,726,0.1743402608698002
20,1130,0.17432438595773242
769,47,0.17431925049288322
769,132,0.17428333332314067
1162,294,0.1742822161950781
20,583,0.1742821541908077
64,304,0.17425700010769338
64,866,0.17425276739190312
944,587,0.17423172790961092
769,1063,0.17422197731763026
769,597,0.17421848838429171
1006,647,0.17420148909549046
944,343,0.1741884024446892
351,423,0.1741824025230934
356,652,0.17418159710563172
421,919,0.17416577980938758
944,963,0.17415107504133445
20,189,0.1741043229555049
295,822,0.17408573206143385
20,521,0.1740802120791777
1006,13,0.17407654097199454
295,849,0.17407468227166312
421,71,0.17406848029602956
769,531,0.1740557482740711
421,65,0.17403525120950186
778,1137,0.1739882905959404
20,484,0.17398178444090034
351,1098,0.17397787921976934
804,110,0.17396891950117863
944,202,0.17396209656460196
295,1020,0.17394032664272768
20,496,0.1739308963117977
1006,876,0.173910687439218
64,595,0.17390268302467757
804,1026,0.17389200887075723
64,600,0.1738744082444018
769,168,0.1738701679289091
1006,803,0.17385942039895266
64,931,0.1738547131639107
2,317,0.17385107735289504
355,898,0.17383751093413038
769,1122,0.1738287849177069
1006,23,0.1738277864627074
421,503,0.17382275329796026
692,424,0.17381601203753533
716,152,0.17378408953001181
769,318,0.17376814634771676
769,1142,0.1737471784933325
20,1184,0.1737273011038746
355,306,0.17372500019212597
986,85,0.17372194834335467
421,101,0.1737178068659842
715,525,0.17370820667017425
712,886,0.1736809488227989
769,664,0.17367797169561744
421,670,0.17366530554490361
919,540,0.1736615731085755
716,246,0.1736513596736643
64,530,0.1736466079005155
769,922,0.1736422780267194
351,867,0.1736406650526162
769,956,0.1736047415365715
769,950,0.17359827948202888
355,822,0.1735866536107912
20,152,0.1735795165815563
421,1156,0.1735739046821923
1162,1103,0.17357278409970356
20,533,0.17357116528138986
64,872,0.17356882949065647
769,376,0.17355578680156147
769,890,0.17355154654247654
716,93,0.17353913167121904
64,722,0.17351733377443487
351,1163,0.1735159798729609
769,878,0.17351561859768413
20,1170,0.17351505766250971
716,460,0.173483363258313
986,159,0.17348278827553537
421,986,0.17346622934290104
421,417,0.17343071880271688
1162,1003,0.17340626653988006
421,192,0.17338934652193347
1006,995,0.17338270084876145
769,673,0.1733807325922413
421,1102,0.17337309434399997
355,484,0.1733692678271861
351,1157,0.17336558851307257
804,820,0.1733540276675818
716,506,0.17334683892573235
716,707,0.17333953765707177
769,744,0.17331505486908455
351,669,0.173311206844761
769,95,0.17331115561628577
692,774,0.17329383713368174
64,1108,0.17328161374255008
1006,990,0.1732634615244769
769,551,0.17325278744649467
944,360,0.17324650703160654
64,910,0.17318441765939604
2,706,0.17316579530310805
64,490,0.1731612458267842
421,1117,0.1731547566088695
20,326,0.1731527661473103
944,452,0.17313764330540432
351,469,0.1731272858513066
9,1138,0.17312228787787493
716,682,0.17311591459056141
351,946,0.17310986892979363
2,143,0.17309204486540802
355,237,0.17309177869838166
64,785,0.17309018029292245
351,1166,0.17307822150164687
716,532,0.17305987131132333
355,347,0.17305899374666373
1006,746,0.17304602058136365
986,522,0.17302815928436696
355,836,0.17301343023352786
64,789,0.17300706671942553
716,685,0.17299603902670427
421,575,0.17298848933252933
20,147,0.172985621393238
64,105,0.1729826158087279
769,897,0.17296461344400924
421,747,0.17295924168095475
421,545,0.17295255873930768
716,153,0.1729420678660965
692,1134,0.17293431408092835
64,94,0.17293037005622666
421,402,0.17292923187347709
351,718,0.17289923111206187
295,1067,0.1728992154326627
351,279,0.1728877830594386
355,122,0.1728731376613504
769,246,0.17286851817669177
1006,369,0.17285989347407224
421,838,0.172853810093745
944,947,0.17284138330033388
64,737,0.17283998304706477
716,290,0.17283571231661987
986,762,0.17282209210405305
356,373,0.1728137692996964
351,1007,0.17281358842508912
20,191,0.17281259745119754
356,577,0.17281227962677023
421,976,0.17281009180375084
295,1008,0.17280925846133088
843,642,0.17279642358036776
769,108,0.17279087083756994
769,893,0.17277649111891027
986,116,0.17277204436277893
1006,914,0.17274021496126477
355,489,0.17271111388655794
351,971,0.17271043295612795
421,110,0.1727101035218298
919,655,0.17269678870213775
769,753,0.17269653189273912
1006,766,0.17268619477302233
778,8,0.17264796487336606
64,583,0.17264615480043033
944,377,0.17263586112920254
716,347,0.17262913027744886
355,900,0.1726088284075407
64,718,0.17260845180510176
944,743,0.17256950177250827
1162,229,0.1725478470627336
20,356,0.1725373043848335
351,124,0.1725323055115316
1006,1014,0.17252407854640744
2,794,0.17251893159852266
1006,226,0.1725081977901921
1064,952,0.1725069007723655
355,1068,0.1724736383192479
804,830,0.17246694221054706
64,443,0.17246477455655138
769,941,0.1724608682534122
769,390,0.17245714128029246
351,1104,0.1724282855025278
421,935,0.17242466106322288
64,116,0.17240228257588197
944,707,0.17239809994477548
716,938,0.1723747752865458
355,838,0.1723727494114096
716,580,0.17236844458964856
716,193,0.17235702999490746
351,251,0.17234482898129921
355,310,0.17233870082956101
1064,669,0.17233175821928415
351,539,0.1723306573238195
986,906,0.1723058198655412
20,354,0.17230032925752192
716,494,0.172293753916086
769,299,0.17228415951989043
1162,1183,0.17227714557035007
351,1151,0.17226338603462407
351,593,0.1722603936994004
769,444,0.17225509073464706
64,601,0.1722548917665964
355,228,0.17223843794216964
769,1004,0.17223275220069562
9,975,0.1722206130319613
1162,836,0.17217937154518628
944,240,0.1721709734552752
804,1059,0.17215129789207093
769,983,0.17209170805625604
421,34,0.17206959910979416
421,1077,0.1720627257542881
64,1045,0.17203121269892221
351,235,0.1720168094991493
421,49,0.17201064849045974
2,660,0.17201060147660885
355,511,0.17200702747861485
716,1001,0.17200574363593815
716,566,0.17199293635236715
295,821,0.17198995375427273
986,63,0.17195986092529347
351,297,0.17193834953369933
716,723,0.171933262341136
9,513,0.17191974645566058
716,1185,0.17191616945375304
421,772,0.17191607241018206
421,454,0.17191597495200164
64,248,0.17190795705620637
2,758,0.17188978424647303
351,1037,0.1718894830231474
9,1133,0.17187073791090315
716,862,0.17184584792621055
716,71,0.17182988738564334
1162,695,0.1718220576165921
1006,84,0.17180507414059515
355,87,0.17180043526295907
351,955,0.17179895132504253
986,267,0.1717786264013526
64,698,0.1717737324704182
716,427,0.1717518610051362
355,9,0.17174602642440603
351,554,0.1717344174224382
769,910,0.1717250123348501
919,744,0.17171612410048523
351,387,0.17171182652870937
1006,779,0.1717096217434595
1006,304,0.1717018387661011
421,1170,0.17169939008232246
9,627,0.1716970532278138
64,421,0.17169670466873616
1162,64,0.17169590576961996
20,784,0.17168371304253327
716,606,0.1716762412762204
1006,465,0.17165647378009888
944,1166,0.17164972760294675
1006,632,0.17164912108906535
9,930,0.17164309808963898
577,872,0.1716380776452227
351,578,0.1716264029263622
64,495,0.17159843491238724
64,971,0.1715847440908987
9,697,0.17157983254052603
20,117,0.17154411305003642
944,661,0.1715368451213729
356,933,0.17153679552139667
64,1060,0.17153035472297376
9,952,0.17152307336741382
9,475,0.17152269703898576
804,578,0.17151704010058322
716,708,0.17150817579215766
64,980,0.1714978641156476
769,319,0.1714869151261399
64,533,0.17147398575787534
146,504,0.17147153545523683
716,991,0.17146393828632855
986,165,0.1714530759772654
64,428,0.17144722343042976
100,651,0.171446626843237
351,1034,0.17144178930854356
986,555,0.17142615435098116
716,1118,0.17141265220382954
944,534,0.17140768060936126
692,267,0.17139454368536325
421,1137,0.1713906987534213
1006,462,0.17137244567426557
944,859,0.17136629151010205
351,1075,0.17136207557314495
1006,530,0.17135307620109388
769,565,0.1713526951369042
355,1030,0.17129352487330038
20,85,0.1712574063443607
20,983,0.17125374594428258
1006,270,0.1712501671524622
355,611,0.17123814086905578
769,101,0.17123741886177743
716,415,0.1712360492483596
355,107,0.17123119391324934
1162,363,0.1712307146308788
716,1142,0.17121292285221457
716,156,0.1712102120061764
351,925,0.17120784277075102
351,375,0.17120115990422674
355,613,0.17119643273154167
2,241,0.17117223162153514
1006,688,0.17117161022779454
944,988,0.1711529761263026
944,874,0.17115249995530338
769,849,0.1711469025320235
20,1109,0.1711358316963239
944,141,0.17112108190250433
769,856,0.17109524344003366
1006,57,0.17108989770679137
351,921,0.17103627993959852
20,818,0.17103621988933834
716,713,0.1710323253955935
20,1054,0.17101733515959
716,144,0.17098627378031928
769,845,0.17098472704419707
100,871,0.17097825402900338
962,249,0.17095591143401603
20,510,0.17094818401434875
1006,668,0.17094620118680215
356,148,0.17093049332478286
1006,900,0.170888897894339
64,235,0.1708852452624509
716,229,0.1708598468126634
351,926,0.1708540606565525
716,1017,0.1708454348615435
355,833,0.17083694710022534
1006,349,0.17083182062658944
716,1032,0.17079316576700335
716,1133,0.17078892230989165
986,86,0.17078293633660915
64,845,0.17077584900503792
64,474,0.17077012822706078
1006,110,0.1707666790451603
769,700,0.17075422006639152
64,689,0.17074223772687752
1006,31,0.17074216248530655
421,827,0.17073816228749464
351,954,0.17072326174156086
295,590,0.17071430092591658
64,1196,0.17070649522803188
769,359,0.17070559628623405
421,1153,0.1706940847882908
64,434,0.17068138232093555
351,1171,0.17066321028596323
355,688,0.17065551228525697
986,870,0.1706464205935235
778,1000,0.17062207388791448
64,900,0.1706141083704113
716,754,0.17059972310660268
769,1108,0.17058537408072735
1006,677,0.1705677442241864
1162,1133,0.17055356824583753
20,1150,0.17053888889864194
351,37,0.1705332751744921
778,627,0.17052955411089055
944,630,0.17052383898684428
715,913,0.17052038098694938
295,1100,0.17050399662531437
778,554,0.17049813618730641
1006,942,0.1704672532261957
2,248,0.17045015470056082
295,76,0.1704465180568338
64,1173,0.17043171321961265
716,245,0.17041633599580785
421,991,0.17040775216581233
351,350,0.17038615503947133
986,327,0.17037537439314498
146,37,0.170363164712437
421,433,0.17035905416348848
1162,20,0.17035409818395833
64,791,0.17031617110883004
20,935,0.170315253791467
919,573,0.17031498391769476
1006,291,0.17031317921177616
944,407,0.17030223043744114
355,1096,0.17030018383246345
2,1019,0.17027854826196004
64,195,0.1702723624196615
356,618,0.17027076098168845
769,417,0.17022606226657022
20,532,0.17022028017415344
64,814,0.17016430937896052
64,670,0.1701584371746823
356,809,0.1701512930140268
1064,159,0.17013848247813204
944,376,0.17013437571018658
716,533,0.1701339691625504
64,965,0.17012438770504787
769,749,0.17012055916600652
778,182,0.17009917573216873
944,325,0.17009654688756023
356,106,0.17008322595274264
769,584,0.17007791440484823
295,560,0.17004055823308012
421,565,0.17003794557254454
716,204,0.17002424473589905
716,513,0.17002409161107077
64,480,0.17002221986087798
355,487,0.16999149114907067
716,372,0.1699839729858757
351,630,0.16998295085481413
944,984,0.16995951479803212
421,450,0.1699590092986174
20,1051,0.169942739668637
769,898,0.1699341215149087
64,637,0.16993098131534562
64,690,0.16993084169099024
1006,218,0.16991528940185144
1006,307,0.1699081430797398
64,42,0.16989599379979337
351,863,0.16988977147373166
9,376,0.1698869851170181
20,1056,0.16986974408828925
421,92,0.16985059260791754
1006,681,0.16984171054671796
1162,1098,0.1698399814560614
769,409,0.16983391774664866
64,961,0.16980502748929988
944,311,0.1697977973950536
356,1029,0.16979339058817056
919,677,0.16979124802338139
769,385,0.1697862572056994
421,817,0.16978411056087397
355,47,0.1697803541829189
1162,309,0.1697690913107057
355,217,0.16976877315038885
295,885,0.1697612585035587
716,517,0.16975986493247439
9,591,0.16974829597009275
64,400,0.16973796617992837
351,239,0.16973071693571912
769,1060,0.16972336343460642
9,957,0.16972169073712345
20,71,0.16971595003575002
1006,1012,0.16970992123208914
962,1042,0.16969636135757185
351,520,0.1696932190903134
1006,947,0.1696889971557173
295,991,0.16968132900864719
1006,646,0.16966510345315997
716,1104,0.16965586613736516
351,949,0.16964737625090598
20,429,0.16964474546127134
351,509,0.1696190036009375
1162,589,0.1696090684031346
421,155,0.16959958436725453
944,1135,0.16959601736894256
351,709,0.16958323367355524
986,292,0.16957777077401617
986,43,0.16956478580095852
778,1103,0.16956285271793586
355,690,0.1695435608524764
295,131,0.16952070046225823
9,313,0.16951404821918084
20,742,0.16950432061729068
355,285,0.1694923378339057
2,268,0.1694763004293266
769,21,0.16945048338904187
769,155,0.1694456922010864
1162,868,0.16944127371791812
355,494,0.1694338521794926
778,489,0.16943188439376222
986,363,0.169427039798481
20,300,0.16941905799384693
20,942,0.1694086878962123
9,657,0.16939521191538648
1006,160,0.1693927814456835
64,885,0.169392388703453
769,855,0.16939160484407761
295,705,0.16937101039318928
355,482,0.1693703829979442
2,1043,0.1693533852549247
944,904,0.16935229880091235
20,1160,0.16934992650283845
1006,1122,0.16934691579136088
20,290,0.16933793752175946
1064,231,0.16932351612111213
843,1012,0.1693112535919367
1006,720,0.16929108294534728
843,145,0.1692854789957387
20,39,0.1692846850438173
64,1001,0.16924420114726987
2,26,0.16924189167554118
1064,846,0.16923822195243635
421,616,0.16922516343525035
778,642,0.16920639857091102
1006,486,0.1692037880352066
351,210,0.16920124569495365
716,661,0.16919991548688793
716,689,0.16917866563561906
355,139,0.1691536435815018
944,63,0.16914941865195374
986,280,0.16912916766438224
2,557,0.16912150762376751
716,1058,0.1691168304263101
2,177,0.16910242717287094
769,315,0.16908104871683768
778,163,0.16908001880233064
962,1175,0.16906953891981977
944,429,0.16905872097765381
351,1050,0.16905663289844186
944,465,0.16904729057900147
769,307,0.16903015708623265
769,212,0.16902313253358792
769,394,0.16902014630005252
2,529,0.16901835422256734
64,396,0.16901015851506546
351,902,0.16899677883219488
20,1049,0.1689931154633609
355,749,0.16898749821638456
1006,907,0.1689816341327964
716,770,0.16897576371198514
64,1189,0.16896979950297597
351,787,0.16896426790294816
421,210,0.16896324803570367
840,438,0.16893949077334264
1006,1093,0.1689324116864955
351,995,0.1689234534891682
769,199,0.1689234309606977
769,2,0.1689230854670176
1162,1188,0.16891007392749882
351,474,0.16890189353214607
64,337,0.1688950351322889
944,92,0.1688944334836948
944,632,0.16889108295308933
20,442,0.16888888429382834
64,517,0.16888487961752047
769,1089,0.16887980178174897
1064,960,0.16887011734392526
356,673,0.16884878979030515
421,292,0.16884854550475098
986,878,0.16884708144433389
986,396,0.1688411840585263
421,128,0.16883802167741788
64,375,0.16879542576653642
1006,337,0.16877308582948633
944,372,0.1687339180731133
351,30,0.16871091787360187
20,458,0.16870796127935458
20,112,0.16868462456704558
355,968,0.16868459947064357
986,692,0.1686763897128267
421,226,0.16865420472961606
64,166,0.16863692334734243
1006,870,0.16861945054332414
919,1074,0.16861792085116747
351,475,0.16861470512434742
64,972,0.16857245078233585
716,649,0.16856406926203163
64,555,0.16856077566043853
64,51,0.168553195937819
20,844,0.1685455698428378
716,213,0.1685184564049912
769,1078,0.16851839514483405
295,1059,0.1684746515358125
20,220,0.16846491240718967
986,87,0.16845062026264201
716,64,0.1684496483608266
64,164,0.16843695293203215
20,904,0.1684352590736766
20,824,0.1684275088044266
64,148,0.1683538082344546
944,807,0.1683512679595502
64,1154,0.1683199818363357
804,606,0.16831568790108128
421,703,0.16829267070285694
421,142,0.16829126390759921
20,7,0.1682842597128426
769,1010,0.16826579961970245
64,404,0.1682629888663864
944,1033,0.1682624053746106
769,580,0.16825758928310078
769,650,0.16825638957388908
351,980,0.16824871774853475
355,261,0.1682383447236433
355,916,0.1682341565311612
351,829,0.16822074045142268
20,340,0.16822027484263027
20,1104,0.1682133872884824
64,309,0.1682108835791664
355,1004,0.16820841086619148
351,777,0.16819584818811512
20,579,0.1681871441070235
944,264,0.16818676127320575
1162,847,0.16818194499732692
64,187,0.1681292838299519
351,940,0.16811968529232307
421,369,0.16811950939319578
421,527,0.1681001416092194
295,653,0.16807239746631808
2,114,0.1680658671996563
769,525,0.1680480739805065
356,1042,0.16804435676272744
9,921,0.16802894053976797
1006,533,0.16800531603402902
295,782,0.1680052580085927
944,783,0.16798091159210787
778,141,0.1679654288289013
769,791,0.1679627075670895
986,1025,0.16795946549702645
351,922,0.16795808070184984
804,597,0.16794696963967312
421,982,0.16793428279010283
421,1111,0.16791670396325034
716,823,0.16791238387021423
1162,912,0.1678950619948545
944,477,0.16789256302552857
421,1140,0.16789240334085437
421,240,0.16788081238558733
944,584,0.1678626264567501
295,548,0.16785927868041714
778,438,0.1678502491773936
20,283,0.16782422664402963
351,716,0.16782411077516937
351,42,0.16781836061458674
769,630,0.16781396124707712
64,780,0.16779983974953036
769,683,0.1677823021807505
64,857,0.1677816142423312
421,560,0.16775352170533284
804,92,0.16775274676101473
355,847,0.16775251760363025
716,141,0.16773394256246474
716,786,0.16773173587821583
986,766,0.16773037504603966
20,1148,0.16772896362331977
64,151,0.16770321525013354
986,750,0.16768441681634227
421,620,0.16766922944430215
1006,401,0.16766825903062857
64,229,0.16764987098513245
20,36,0.16764686584944222
2,400,0.1676388363806952
716,867,0.16763500235199888
986,277,0.16762519324031547
64,907,0.1676128709761897
421,954,0.16759523413046878
716,437,0.16755834136335152
295,152,0.1675552638132032
421,644,0.16755389282222363
2,1152,0.1675333977512151
716,1033,0.16752553505896353
2,534,0.16747651498686622
20,733,0.1674557874865199
986,681,0.16745123552071806
986,865,0.16743887308360583
20,536,0.16743733193636098
944,247,0.16742077505962785
944,668,0.16741469968753472
351,1140,0.16741365360497265
769,1080,0.1674062028258672
20,1105,0.16740346436480333
778,677,0.16738594478016772
295,912,0.16737767831366487
962,567,0.16737291456117948
421,816,0.1673689103693871
1162,445,0.16736594852718284
986,241,0.16736312107671086
1162,875,0.16734947780888332
944,531,0.16734653787379136
769,426,0.16734623196554657
692,986,0.16732695506212814
20,695,0.1673236852419265
769,207,0.16731400024098164
769,577,0.16729211587938284
2,339,0.16729114996324482
355,710,0.16727858803673978
1006,259,0.1672609869198992
351,648,0.16724757321302872
20,685,0.1672119692611707
20,535,0.16719115532601578
64,59,0.16718129307113405
2,113,0.16717657178828582
351,430,0.16717633031727144
1006,675,0.1671761556002721
421,43,0.1671687970795388
351,809,0.16716335022938877
9,235,0.16715317470888624
20,373,0.16713826278158236
20,440,0.16713787532005406
1006,87,0.16713417051667093
20,481,0.16713378391230277
20,46,0.16712635358536898
20,157,0.16712480164153562
64,979,0.16710816343059892
1162,718,0.16709813605118456
986,702,0.16708799971380825
804,440,0.16708448088550207
1006,967,0.16708191687130092
351,646,0.16706880020179715
1162,234,0.16706842370766223
355,101,0.1670637998904053
295,160,0.1670477829409637
20,455,0.1670048637534019
769,847,0.16697235069393596
421,188,0.16696736261029418
355,467,0.16696483706519397
769,544,0.1669606888944525
421,47,0.16695476467596398
769,278,0.16695273108807537
1006,334,0.16694738366269446
716,429,0.1669472040567823
146,715,0.1669471626154679
64,740,0.16693919361242954
351,275,0.16693099229425887
769,3,0.16691592790501647
295,934,0.16690929365367121
1162,144,0.16690051509919077
944,16,0.16689731608966227
716,1180,0.1668967297877546
20,799,0.16689187571692202
421,775,0.16688370947916817
64,218,0.16688323288027915
1162,706,0.16688180482581322
20,1044,0.16687503104251974
421,813,0.16684151023850868
9,552,0.16683438849678847
9,58,0.16682819057286738
295,282,0.16682055449551655
944,491,0.16678134498755529
769,852,0.1667793690136397
1006,426,0.1667769364874923
2,101,0.1667663404534042
421,540,0.16675960949748483
769,480,0.16675149868854375
769,732,0.16674274363002764
716,285,0.16673817486748999
421,622,0.16673765193212126
20,647,0.16672474037277105
986,1131,0.16670963682122625
100,1041,0.16670674514247896
944,1154,0.1666857505443422
944,821,0.16667004772390107
778,1099,0.16666561867381638
356,1028,0.16665852655311883
1162,568,0.16664851382113346
351,271,0.16662907958176196
146,500,0.1666162752635032
64,818,0.16660623213938058
944,664,0.16659111887083994
355,73,0.16658619826221438
2,918,0.16655317828470817
769,704,0.16654907255140966
778,851,0.16654621228673047
64,1088,0.1665425051072263
421,1059,0.16654208619368846
64,673,0.1665378342387255
986,1135,0.1665278116917048
64,156,0.16651866505607146
986,1108,0.1665178494388271
1162,78,0.16651305177530454
712,1063,0.1664831429327461
716,1120,0.1664813868813907
1162,278,0.16647772237934053
1006,520,0.16647448439204257
356,1056,0.16644110379122387
804,726,0.16643274643684486
716,1144,0.16642178888415612
2,57,0.16640887579560695
20,698,0.16639886912073004
421,37,0.16639834602819062
769,222,0.1663825927939678
716,1070,0.16636675581032428
1006,261,0.166354835476154
1006,1166,0.16634422798553183
716,680,0.16634400554880815
944,846,0.166334305162654
769,157,0.16633305915941682
64,412,0.16632012701112756
64,970,0.16629703457400824
356,100,0.16629269133452776
355,213,0.1662650950050341
716,235,0.16626186681162464
20,203,0.16626027864624843
20,890,0.16622749735577183
716,945,0.1662209906241994
356,1157,0.1662176355553198
421,677,0.16621236762124736
295,814,0.16620811497715365
64,1123,0.16620787260921857
769,26,0.16620254868833015
1006,271,0.16620140161799052
769,44,0.16619917574805143
944,702,0.16619746435676755
840,1193,0.16618200150355272
716,61,0.16617753509956878
355,390,0.16617463264891671
944,615,0.16617401204703938
355,587,0.16614361040221423
804,960,0.1661191599645796
944,162,0.16611034242923917
1162,1169,0.16610782106610494
421,1095,0.16610450584398473
716,1078,0.16610447808351936
64,897,0.16610122710429295
355,239,0.16609770246336894
20,519,0.16609356178229037
351,652,0.16608005608350082
64,227,0.16606394539782524
351,146,0.16606041987399955
421,689,0.16606016069064605
351,1003,0.16604751562491446
944,346,0.1660270087909599
64,465,0.166026186739312
1162,519,0.16602449812931042
356,368,0.16602422526477514
9,834,0.16602141619429203
944,909,0.166005653374309
769,916,0.16600286784768128
20,73,0.16600248187083058
716,1112,0.1659775420823476
351,696,0.16597520141996636
1162,87,0.16596788396894416
1006,229,0.16596265373126157
421,1139,0.16595165680602914
1006,931,0.16595143124534512
769,177,0.16594606187943003
355,740,0.16594564095011696
64,1097,0.16594517707121406
1006,953,0.1659111509586668
1006,992,0.1659110011554498
716,1149,0.16591097140240393
2,142,0.16590477975990978
769,197,0.16589050523372342
1162,997,0.16587654998633194
716,777,0.16587495506250444
804,249,0.16587030665827185
20,83,0.1658538438923475
769,288,0.1658500300382455
944,635,0.1658456469807997
356,466,0.1658421318831777
421,251,0.16583228487852694
20,308,0.16582530835763346
1006,1090,0.16580539499654348
769,1194,0.16580174441485876
64,38,0.16579075921456848
64,803,0.1657720225878475
944,91,0.16576911477334852
20,808,0.1657685406556304
421,936,0.1657521154009085
421,134,0.1657474799282433
20,69,0.16574635633223786
716,343,0.1657329236889861
769,205,0.16572073036838475
840,424,0.16569883480937797
2,681,0.16569749571962425
421,98,0.1656888152010154
843,977,0.16568211463758808
769,620,0.16567925524462693
716,957,0.16567544972383344
944,580,0.1656754379532065
692,681,0.16566784200382742
944,159,0.1656669045795067
64,1003,0.16566458971783407
716,1027,0.1656539450268963
716,1164,0.16565284594592966
769,1159,0.16565056012136462
944,922,0.16563734475208952
100,322,0.16560090149834153
295,1073,0.16558659540289122
351,192,0.16557197916213315
944,889,0.16556193327545116
421,332,0.16555592793563614
356,827,0.16554796086975945
986,1114,0.16552910159154072
351,386,0.1654962004792762
351,445,0.1654921792763374
769,303,0.1654767482577675
351,623,0.165471678968917
64,790,0.16546205480181783
351,1188,0.16546116306213543
804,384,0.16545374829274004
1006,815,0.16544639127806843
716,263,0.16544567967538656
769,882,0.1654319106086067
2,6,0.16542849925681638
843,587,0.16542191448883323
692,575,0.16539049975036604
1064,419,0.16538999356788578
769,412,0.16538014802527992
1064,843,0.1653635421704918
64,152,0.16534898390152988
295,268,0.1653464087113643
356,760,0.16532849597347044
64,497,0.16532313771907572
355,650,0.16532232268384459
20,54,0.16529437742042638
355,1105,0.1652881701389263
944,839,0.16527004436958923
64,418,0.16526664123555246
9,867,0.16525222930966188
64,32,0.16521845675665853
20,50,0.16519509005119923
1006,767,0.1651819649630657
2,1138,0.1651819323116427
20,1140,0.1651611215880667
20,1050,0.16515619284250715
20,1035,0.16515041353576507
20,91,0.16514497871827774
1006,903,0.16514054401825878
2,702,0.1651335590792248
421,63,0.16510530014868444
944,12,0.16510050823783856
295,1102,0.1650903183183568
1006,999,0.16508605170755483
64,1016,0.16507865063733754
1006,491,0.16507006936074498
716,887,0.16505717020943428
421,109,0.16503768952506723
2,917,0.165034099850577
986,550,0.16502806135855327
769,975,0.16501363820936
64,34,0.16499967062353918
716,914,0.16498666757698374
421,13,0.1649852077777836
351,215,0.1649757936637507
64,193,0.16495981632454249
351,751,0.1649532553213776
64,338,0.16494757463757903
1006,128,0.16494168751897287
64,395,0.1649344656122249
1006,564,0.16493008711742016
1162,861,0.1649281083964541
64,57,0.1648930973044054
295,241,0.16488763015755478
146,697,0.16487533744636093
64,344,0.16487013864331618
769,646,0.16485231702646877
1006,569,0.16484390894910095
2,790,0.16483682923584939
20,553,0.1648316868432468
355,1079,0.16483027603927455
2,119,0.16480606489337316
2,403,0.16477421815856036
355,168,0.16476266002431064
778,16,0.16475170747395437
351,322,0.1647446619029893
944,104,0.16472155087762563
1006,471,0.16471659313202192
716,524,0.16470252338264774
769,571,0.16469557702406531
2,958,0.16469119886759762
146,1154,0.16468110048314924
355,745,0.1646683013153435
64,1100,0.1646522263025337
20,1078,0.16464880659897188
355,389,0.16463470111811676
2,672,0.1646254785955311
64,1000,0.1646206324058432
716,481,0.16460395585368764
356,547,0.16459866932401923
351,783,0.16459799293920843
919,70,0.16459268131980115
986,1075,0.16459248673901844
20,1040,0.16458987861086946
1006,666,0.1645769216078775
1162,1044,0.16456276098223255
2,565,0.16456102685841845
64,678,0.1645400839393974
355,927,0.16453818795735864
351,672,0.16453359880349505
1006,579,0.16452851962015025
986,570,0.16451909434740494
1162,620,0.16451443228243376
20,767,0.164498781078235
986,419,0.16448886395534412
351,800,0.16448602811111493
944,876,0.16446965248608247
351,196,0.16444523452943666
944,873,0.1644441625577062
944,809,0.16444317552151655
769,465,0.1644402703960572
356,879,0.16443967623946418
1006,1158,0.16442747791389764
295,1159,0.16441780120758437
1162,643,0.16441667199105636
144,1074,0.1644063971364962
716,1165,0.1644045808209829
986,94,0.1644009006761001
20,276,0.16439412872683853
716,189,0.16438844202136782
1162,1066,0.16435263331876807
769,739,0.16434418530907213
421,248,0.1643373688986113
351,1058,0.16432503088702313
2,460,0.1643204201683704
944,171,0.16431061270907538
944,923,0.16430856731043045
421,1018,0.16429924011023408
2,1145,0.16429118093205003
295,950,0.16428870965681278
20,135,0.16428643004007978
944,572,0.16428374813293434
355,566,0.1642739547875746
778,1086,0.16427064281364626
2,365,0.16427005626002988
944,127,0.16426860725177975
20,870,0.16425434171853043
2,455,0.1642476126541264
2,44,0.16424760952295847
769,439,0.1642445571400572
769,919,0.16422671287499715
64,48,0.16421999875904789
64,319,0.1642191798911824
769,909,0.16419711189057226
355,66,0.1641899983676149
1006,1117,0.16416959686363336
2,111,0.16415606332557467
356,736,0.1641553599549776
146,364,0.16415047852363712
2,1005,0.164145049992304
355,718,0.1641440055238938
351,96,0.16413746082016956
919,681,0.16412715263973413
64,225,0.16410903971358684
295,1014,0.16410298996338968
769,671,0.16409963474115064
769,656,0.16409449081217994
351,374,0.16408947484084643
64,62,0.1640190957950444
64,348,0.16401539696720238
64,101,0.1640076217240788
295,958,0.16399997461742633
356,769,0.1639917197873841
2,256,0.16399080122749984
64,915,0.16398926687227453
356,522,0.16398645359253278
778,3,0.16398484161603918
1162,107,0.16397963616390326
355,207,0.16397619066716235
356,992,0.16396291411960995
778,501,0.16395835836151265
919,265,0.16395446692724905
1006,893,0.1639441392681975
64,647,0.1639436132964363
2,836,0.16392528787696117
944,1084,0.16390783770746986
1162,1015,0.16387661141240906
944,489,0.16387375665335177
64,692,0.1638525673703504
64,895,0.1638470691270334
356,614,0.16383692471878714
421,270,0.16379211511360137
351,932,0.16378905725353715
9,569,0.16377772183093425
2,513,0.1637710212085378
716,380,0.1637653857356356
1006,484,0.16375840226066682
421,379,0.1637449813197886
986,358,0.16373378531409588
1064,649,0.16371092469441625
1162,853,0.16370701066017998
944,105,0.16370505271156946
1064,566,0.16370108822692653
986,1134,0.16370100023723475
692,33,0.16370035694373394
2,964,0.16369465964158972
355,827,0.1636943722710931
986,647,0.16368193523842006
421,878,0.16367331160680318
421,88,0.16367320424796789
769,1165,0.1636670676333293
64,648,0.16366643775852904
64,432,0.1636546810144313
20,282,0.16364578438193392
64,691,0.16362911839392436
351,381,0.16361696019644656
769,745,0.1636117649659327
986,411,0.16361154307456144
716,593,0.16359113334465897
692,479,0.16357305798901037
919,65,0.16357275464844573
295,677,0.16357125238000536
2,933,0.16356258425263495
769,1203,0.16355498305966346
843,1149,0.16355346052901715
716,771,0.1635512691941386
1006,359,0.1635505820821759
421,1008,0.16355009531746317
769,181,0.1635486287119854
769,251,0.16353862793362794
356,195,0.16352728138791187
716,625,0.1635038338200495
64,1185,0.16349427598902752
716,1041,0.16348366286768293
986,1190,0.1634731832121514
804,554,0.1634576005529292
716,198,0.16345751209503043
146,1042,0.16344956510258665
356,854,0.1634465989953323
769,609,0.16343275572595262
2,1158,0.16341356012688574
778,619,0.1634031190815239
1006,843,0.16339121355968603
421,217,0.1633911129229904
64,769,0.1633909267251884
421,931,0.16338289488907412
20,516,0.16337937055409224
944,907,0.16337742757150675
716,351,0.163344834897825
355,606,0.16334123736974923
20,936,0.16333819621871076
2,406,0.1633363929811609
421,645,0.16332028250925767
769,129,0.1633167690529211
20,119,0.16330094608969087
769,33,0.16329344302832655
355,52,0.16329294708375053
843,995,0.16328712175765783
351,299,0.1632717143534871
2,61,0.16326470583357466
64,243,0.16326184245381806
184,540,0.16325823686857185
716,717,0.1632317476357022
1006,721,0.16322718412576157
919,1086,0.16322549087466998
769,107,0.16320937769636729
716,1176,0.1632076413825254
986,1143,0.16320469119341116
804,813,0.16320466146315413
769,30,0.1632012864715069
944,205,0.16319131428609146
769,82,0.16319044293697743
356,519,0.1631870315170571
716,295,0.16318491643674032
1006,433,0.16318295634032287
355,77,0.16317422982050098
356,651,0.16316603772332905
100,615,0.16314286028654787
351,785,0.16313932434357414
2,575,0.16313133226003534
944,1004,0.16313132518592804
64,764,0.1631203946488461
9,56,0.16311511905129863
351,895,0.16311246264125454
1006,529,0.1631022017668191
716,757,0.1630997943654928
9,476,0.1630997900290745
9,616,0.16309519741391507
64,579,0.16309132472867907
9,848,0.16308545404821045
356,98,0.1630829066665595
351,369,0.1630727486206791
355,115,0.16305882442932768
716,927,0.1630484975053585
1162,639,0.16304509818098206
421,48,0.16300689920589762
351,879,0.1630049944539517
919,207,0.16300240709829614
716,1122,0.1629509408066686
20,815,0.1629435476859841
355,410,0.16294149089097618
351,1102,0.1629411600271787
716,1170,0.16293566529424586
9,755,0.16292830710227615
769,815,0.16291938719185903
1064,374,0.16291569457169613
64,427,0.16291529456526246
351,560,0.16291463029738357
1162,593,0.16289240742781444
1006,1163,0.1628868028713695
356,1039,0.16288488382867078
716,163,0.16287316103011254
64,478,0.16285548748216544
1006,1129,0.16284229355097268
919,774,0.1628309503690589
2,1103,0.1628139113398067
355,792,0.1627803452712127
769,887,0.1627769489548818
20,1164,0.16277417107507006
1006,1030,0.16275839855641264
843,697,0.16274081489059836
421,599,0.16273780906679033
769,979,0.16273480125666095
351,80,0.16272184180960927
986,493,0.16272137363244332
944,309,0.16271909279997346
2,951,0.16270711903460072
1064,180,0.1627058089323177
716,1034,0.1626968547809486
692,200,0.1626930617365303
64,773,0.16268057718301276
355,811,0.16267232860695088
421,353,0.1626635445429065
986,800,0.16265875934926133
295,613,0.1626583673295071
421,872,0.1626476480323713
421,387,0.16264424934407487
1162,964,0.1626417792365883
20,1147,0.16261441696824663
351,1030,0.1626097339826602
715,864,0.1626019367096125
64,328,0.16259540595562158
20,318,0.16258857525916381
944,142,0.16257658060748528
64,112,0.16256499334819086
2,1087,0.16256485431536208
716,496,0.16255595646476595
355,498,0.1625553097690693
769,629,0.16255417959412555
295,442,0.1625537071458049
804,969,0.16254601204543911
64,801,0.1625437972421119
716,171,0.16254143648749605
2,294,0.16252344655980147
421,1096,0.16252080501772037
804,494,0.16251233676249677
356,970,0.16250631746527056
64,958,0.16250301841018894
769,535,0.1624948063107973
351,1047,0.16248958912054115
769,149,0.16247747870324764
20,914,0.1624640155387894
295,464,0.16244643581483836
20,924,0.16243267682827506
919,336,0.16241163906304473
20,114,0.16241119000433868
986,746,0.16239421663172254
769,499,0.1623905067862848
692,627,0.1623824873677424
20,718,0.16238064302542293
944,779,0.16237544289624534
9,783,0.16235024484819588
64,822,0.16233753142787183
421,938,0.16233297284210516
64,296,0.16233119201968613
1162,716,0.1623311206784689
986,83,0.16233007709683506
2,667,0.16232136904220593
1006,498,0.1623188617612087
944,949,0.16230636191401349
986,720,0.16229440929324357
716,1003,0.16228641412602265
1006,726,0.1622743950309209
295,431,0.16227014783317584
986,76,0.16226843846246658
843,180,0.16226409843942097
769,1092,0.16226290191541404
1162,582,0.16225946050705123
1143,146,0.1622577786660583
20,1144,0.16225633236153103
421,1108,0.1622512433237434
716,522,0.16223763982433045
769,160,0.16222259612952625
2,152,0.16221950261162404
421,712,0.1622130582812656
64,181,0.1622043199071611
356,475,0.1621987714522342
64,531,0.16219069797851812
1162,636,0.1621623919433151
64,807,0.16215389573054861
351,135,0.16213090107573766
421,146,0.16212968774349426
351,565,0.1621278404349829
20,641,0.16212416906979416
1006,622,0.16212344394598868
769,817,0.16210967940246107
716,340,0.16210451592454087
1006,576,0.16210180826076284
355,128,0.16208511658781827
986,1107,0.16208337888188287
20,655,0.16207040991343463
64,886,0.16205455512784978
355,503,0.16202822397295208
421,1158,0.16201967297436326
20,1093,0.16197337918127416
1006,70,0.16196498313904703
355,1141,0.16195317123509545
20,285,0.16195008333711922
100,67,0.16194207749494965
1064,80,0.1619309739090717
2,613,0.16192200713100335
843,1168,0.16192195991975877
295,862,0.16192159854766888
9,489,0.16190932262929103
1006,923,0.16188594504080928
986,818,0.16187964690032772
20,82,0.1618745803958252
20,608,0.1618700469094115
2,1196,0.1618451887258911
20,855,0.16183550872665087
716,873,0.16183301088934984
356,900,0.16183123285796375
778,487,0.16182963473805348
1006,201,0.16182762453123167
20,891,0.16182558792428503
9,644,0.16182219357872485
64,950,0.1618116061085056
716,920,0.16180240577701532
20,299,0.16179423279048885
769,1131,0.16179089278535372
919,130,0.16178773042385958
20,1136,0.16177945491612683
716,22,0.1617624594935252
716,273,0.1617582557926698
944,565,0.16174542400311834
355,800,0.161723644059884
715,331,0.16171834700711954
20,746,0.16171385659181872
295,105,0.16171056791055752
1162,423,0.16170349347717528
1006,1157,0.16169354886601103
2,361,0.16169293636609242
769,546,0.1616910373723481
1006,598,0.16168626130372366
20,380,0.16166965463887134
2,276,0.16166420419470257
20,922,0.16164897058373218
919,1089,0.161642758392313
2,424,0.16163285502074695
356,1163,0.1616272665924996
421,715,0.16162689348553325
778,219,0.16162585147452285
64,521,0.16161204147647212
778,72,0.161610509829616
1006,1196,0.16161026895750927
2,492,0.1616023496338839
716,190,0.16159802420558125
1162,1166,0.16159244485274174
9,1013,0.1615842160670479
1162,904,0.16158175055974885
421,160,0.1615772989538511
421,1203,0.16157620776318019
351,573,0.1615696049100691
769,907,0.16156717073332066
1006,247,0.161567088843345
421,700,0.16156617861049544
64,376,0.16156531038819155
64,1064,0.16155898049989334
9,680,0.16155777463827073
295,390,0.16155743706790285
1006,329,0.16154314715161164
351,48,0.16153847313754469
716,583,0.1615296075231612
64,988,0.16152864856128
351,762,0.16152209245783442
919,759,0.16151651314982052
20,875,0.161513556461276
716,839,0.1615130514350917
778,665,0.1615121731616442
1006,423,0.1615109765140138
1162,1071,0.16150907706238926
2,819,0.16150906087542782
20,289,0.16150567345789282
1006,345,0.16150241452066022
9,1082,0.16149646933779718
1162,57,0.16149162402219414
20,1039,0.16148768196344115
355,575,0.16148025716238837
355,699,0.16147865148654916
1006,920,0.16147639199083297
2,1135,0.16146565730007742
1162,979,0.1614527185210619
146,219,0.16144673291891293
64,742,0.16144307960116647
351,596,0.16143494351552176
1006,1114,0.16143286734007015
351,740,0.16141979429488257
2,1146,0.16140449393510997
944,536,0.16140206507979
986,1158,0.16139765346318818
421,366,0.16139759988491154
64,141,0.16139635292095905
356,616,0.16139347957163677
356,929,0.16139327668352002
356,1048,0.16139166195874347
986,248,0.16138951862073608
356,39,0.16134755873967033
64,849,0.1613455606799051
986,797,0.16133901238144097
20,76,0.16132712735185759
1162,837,0.16132355248191846
986,73,0.16131279574041948
295,928,0.1613040298417896
2,1088,0.16129579681444206
716,325,0.16129286711610485
64,859,0.16129058917949382
146,1063,0.16128950561498834
64,422,0.16128369637652396
64,843,0.1612733822329692
64,340,0.16125993909982453
1006,1008,0.16125642482640776
64,378,0.16125109412843655
9,223,0.1612443439691733
421,389,0.1612420311309906
769,433,0.1612238815213926
421,316,0.16119841489581432
804,1143,0.16119687625709073
716,350,0.16117039038264874
64,745,0.16116771736224647
64,824,0.16116306734134372
986,386,0.16115721204623631
769,1066,0.16115675611086613
843,825,0.1611546296359159
769,331,0.16114829739228115
986,660,0.1611233434256578
355,316,0.16111128755852458
986,274,0.16109379940128443
9,561,0.1610914441053497
769,400,0.16108473252758274
20,172,0.1610758837733324
944,576,0.1610680954807476
716,1021,0.16106783606656458
1162,1196,0.16103649304858367
64,282,0.16103509993421142
20,1151,0.16103016992252617
944,221,0.16103003672021984
9,587,0.16102590709712722
351,725,0.16101173692439005
944,1095,0.16101019143020764
295,496,0.1610091036546254
351,1006,0.1610077210939522
20,518,0.1610044701186709
1006,21,0.1609961391041008
421,524,0.16098154620889082
843,865,0.16096843969337424
64,705,0.16096613412232574
64,223,0.16095836416565304
919,967,0.16095007524290256
769,524,0.16094947664613551
944,786,0.1609273235971251
64,760,0.16090846761507346
944,1107,0.16089454731448796
64,385,0.16088759752022666
421,543,0.1608692568016843
355,821,0.1608640684069989
1006,592,0.16086393301813115
716,492,0.1608638476602122
716,503,0.1608565655626623
184,52,0.16085178831669789
919,99,0.1608393769612465
421,732,0.16083914753042386
769,164,0.16083618265608904
295,209,0.16082363884750567
64,1140,0.16081282312015624
64,792,0.16081006600618702
355,527,0.16080884760735284
716,549,0.16079587615583205
919,1101,0.1607890642610724
64,269,0.1607886665988702
716,947,0.1607841849775702
712,1143,0.1607811646378724
64,911,0.1607594172171831
64,748,0.16075698700346716
716,488,0.16075328282999285
9,411,0.16073438547299718
355,130,0.16072780638594303
1064,611,0.1607241038491191
64,463,0.16071611944641956
1162,320,0.1607037631455404
944,154,0.16070299153856593
2,1162,0.1606953193962115
716,942,0.1606912358060139
64,852,0.1606796769706782
355,572,0.1606774516647691
1006,382,0.16067743268867854
843,543,0.16067522687922492
64,1199,0.16066320619342808
64,414,0.16065974933121951
1006,873,0.1606443407414951
421,416,0.16064100107435586
778,456,0.16063607424339466
64,1035,0.16063486680633376
2,1151,0.160623670171115
962,538,0.1606140608548608
804,1010,0.16060065152154548
716,1047,0.16060009369395967
692,1113,0.16059085569500325
778,663,0.16058993228608806
1162,317,0.16058783070719537
351,125,0.16058627474465276
1006,800,0.16058584526041603
356,1159,0.16056144304103034
421,934,0.16055972519838102
769,275,0.1605561839175121
1064,764,0.16054550737993092
421,970,0.16054207412775592
769,441,0.16053769501496043
421,1067,0.160537694731547
64,292,0.16053041034384682
716,675,0.16052501787711448
986,151,0.16052441919666885
20,428,0.16052213816365096
1006,897,0.16050298718193
716,589,0.16050144711685685
986,747,0.16050027941294925
944,1147,0.16049615713050047
351,619,0.16046417210560157
1162,516,0.16045826030400978
64,532,0.16044865576421558
64,74,0.16043704579743492
351,222,0.16043152741582933
769,734,0.1603830058670091
100,192,0.16037945699772677
20,87,0.16037945097643852
716,893,0.16037903869423412
1162,472,0.1603754974805376
1006,251,0.1603737493174805
919,54,0.16037089848731925
1162,541,0.1603703548573251
355,457,0.16036950484476195
769,399,0.1603290902946912
421,1061,0.16032658301113833
351,1054,0.1603262339668888
20,507,0.1603185139293199
20,197,0.1603160078841124
692,182,0.1603154911520221
716,1067,0.1603113243024116
64,754,0.160307717107259
716,725,0.16030262083199825
716,627,0.16028824120768465
716,1127,0.1602830031978416
778,293,0.16027188350897031
2,158,0.16026587611030693
692,331,0.1602441242936271
64,6,0.16023083885359307
692,41,0.16022557184799952
356,367,0.16022169250489518
804,1095,0.160220954428901
986,674,0.16017853554230782
1162,185,0.16017022302958284
64,1006,0.160167980780972
20,511,0.16016146626688937
64,1046,0.16015157132819094
1064,921,0.1601505522398979
356,190,0.16014749612971665
20,526,0.1601407564149742
944,553,0.1601373766532173
295,424,0.16013674309984122
716,600,0.16013373366520275
356,1004,0.1601336594937393
1162,920,0.16013246417342444
351,841,0.16012538726568812
9,619,0.1601105844397527
20,166,0.16010591674787383
804,1064,0.1601005077841011
1006,593,0.16009190213736338
64,47,0.16008692967091134
716,651,0.16006864870807466
769,622,0.16003668731836884
351,1115,0.1600243793831754
421,1068,0.16002093792069658
64,1125,0.16002086948942412
1162,101,0.1600191464286012
804,415,0.16000922826417752
769,1180,0.16000052647012006
716,1130,0.159996059877438
769,576,0.1599931080792872
1006,544,0.15999211701774713
1162,451,0.1599889148119201
769,1093,0.15998233118268662
20,454,0.159982010113024
1162,892,0.15997995562031023
9,723,0.15997977680951403
986,1081,0.15997533794754012
355,22,0.15994840972004912
355,746,0.15993684645373904
769,188,0.1599183742064819
9,374,0.1599146481825123
778,714,0.1599081097031932
20,319,0.15989754165582126
716,1115,0.15988813386604872
1162,426,0.1598834818527428
100,546,0.15988102941463989
769,825,0.15987554849809393
64,119,0.15987400309983846
769,601,0.1598617297484685
2,689,0.1598476628696144
769,885,0.15984369300950027
919,564,0.15984118834801134
944,1124,0.15983405565757933
986,604,0.15983257710351023
716,1110,0.1598241174236965
295,193,0.1598099736396231
1006,559,0.15980647328403064
64,624,0.15980539776955383
351,172,0.1597986962507777
716,386,0.15979655937406412
1006,1032,0.15979395754524917
716,863,0.1597665973561813
986,954,0.15975648366252357
986,528,0.159748437796052
919,242,0.15974810696953692
421,267,0.15974438152556128
351,460,0.1597436680118139
2,856,0.15973864383648834
1006,1172,0.15973435649148926
355,131,0.15973307691007785
9,260,0.15972192444832978
20,772,0.15970561078728399
421,614,0.159703408009642
351,131,0.1597026353454608
716,795,0.15969594582076782
1162,953,0.1596941642488676
2,418,0.15968125740645037
2,132,0.15968068798284382
421,482,0.1596803198741328
100,539,0.1596722122335734
351,1160,0.15966753579553677
769,424,0.15966377981506652
351,95,0.15966148234713012
355,266,0.1596605092332339
351,734,0.1596518103088387
769,1181,0.15965092847087053
919,416,0.15965054819253086
20,971,0.15964172351131842
716,308,0.15963571934817458
64,270,0.1596353286959298
769,425,0.15962401306968776
804,829,0.15959680852362848
64,1166,0.15959049228507177
986,330,0.15958238296454347
295,368,0.15957450411126411
64,920,0.15953326455780406
9,566,0.15953299926450037
64,222,0.1595309245984792
716,87,0.15952891487486318
919,549,0.15952656927464187
421,800,0.15952399413173624
20,618,0.15952213442644406
351,1182,0.15951371875961276
20,1111,0.1595055827826635
20,1079,0.1594877617667011
2,279,0.15947399195521536
1162,454,0.15947299484098285
351,207,0.15947297353241588
351,883,0.15946788625071126
944,524,0.15943142533297247
944,607,0.1594270588043057
769,746,0.15942375454403904
716,691,0.15942320947261082
421,496,0.15941648029712763
295,367,0.15941379719064674
64,695,0.1594129057665989
421,33,0.1593796726734759
351,748,0.15937932202189747
351,888,0.15937127336140794
986,266,0.1593705921423263
355,1089,0.1593696550558605
355,944,0.15935689121223162
778,351,0.1593374790758638
20,917,0.1593337846769843
351,229,0.15933346807589793
421,125,0.15932480022544854
355,580,0.15931965128345593
351,861,0.15931962203283329
944,1118,0.15931600174487756
769,930,0.15931262325364032
20,58,0.15930759188159166
351,918,0.15930727902850358
1006,6,0.1593065116033401
64,295,0.15930538778950964
64,1155,0.15930113787985667
20,329,0.15929298850803467
20,154,0.15928649703021044
421,820,0.1592855271652487
295,891,0.15927489725645336
944,692,0.15927273554998042
20,664,0.15927024986254099
351,1089,0.1592685192907734
20,868,0.15925530118183417
944,414,0.15924977218626019
351,708,0.15923957990534374
944,592,0.15922480042853013
421,1119,0.15921918879640004
716,109,0.15921680382714132
184,715,0.1592102658108548
769,354,0.15919632929354735
2,691,0.1591945572576005
769,1156,0.1591939606765724
295,1018,0.15919164117619028
769,872,0.15919016285344947
2,946,0.15916441978771045
64,1085,0.15915204568117788
64,1183,0.15914847571999272
64,394,0.1591482987795195
421,28,0.15914098369946195
2,458,0.1591267850889746
944,837,0.15912645495965602
1006,1027,0.1591254649876357
804,573,0.15912523855726113
1162,74,0.15912308163866232
1006,1094,0.1591111796560024
2,618,0.15908841737645285
716,262,0.15908751975067578
716,106,0.1590872545113046
421,94,0.15908464794374358
716,523,0.15908414083737948
919,1107,0.15907264051664477
944,74,0.15907251135367104
64,374,0.15905737164126432
421,997,0.15904599853505105
2,1147,0.15903797268679376
716,196,0.15903311495772304
20,330,0.15903208492829574
778,879,0.15902583073051088
1162,1061,0.15902038130799007
20,376,0.15901819975241543
1162,289,0.1590035159271725
351,1078,0.15899558015900345
20,402,0.1589903310227862
919,331,0.15898053634533993
716,34,0.15897582389582882
986,1052,0.15897521228878336
986,336,0.1589597115099535
64,423,0.15895621693426157
64,1157,0.1589505428343485
2,857,0.15893403181718216
355,331,0.1589285495986378
355,1123,0.15890776336630844
692,1143,0.15890724997788228
20,1199,0.15889963776047208
64,563,0.15889691810852455
716,261,0.15889522758375244
716,653,0.1588724202810581
9,715,0.15887227908890603
356,130,0.15887071345969328
944,698,0.15886388824323439
944,153,0.15886338534759176
9,143,0.15886103295963083
1006,1079,0.1588479453074299
716,224,0.15884758149102005
355,700,0.15883344382465886
1006,732,0.15883331776539283
986,80,0.15883115885907287
944,9,0.1588189134980952
1064,825,0.15880961859327122
356,534,0.15880860493575635
1143,995,0.15878634741097983
1064,882,0.15878054781184978
64,682,0.15876557452953163
769,886,0.15873801364900575
351,459,0.15873123278010648
919,577,0.15872941348696956
944,223,0.15872044665647692
351,752,0.1587199395248077
804,812,0.15870686541473653
1162,666,0.1586971231446884
355,871,0.15869709244828287
2,516,0.1586914019999623
64,853,0.15868528139057742
2,444,0.1586730496516074
1162,96,0.15865200557642198
64,153,0.15864890093930623
2,115,0.1586437376558205
20,1048,0.1586430004660592
2,107,0.15862449858054797
20,531,0.15862422449679608
944,831,0.1586219672442483
778,411,0.15862164336149845
944,1062,0.15860952396857983
9,683,0.15860090697216023
421,893,0.15860053000552668
944,451,0.15859701075433177
1162,29,0.1585946986581492
716,909,0.15859315551745465
295,955,0.15858807321556537
421,916,0.15858253154590238
769,1117,0.1585822515325503
20,823,0.1585668478869862
64,933,0.15856588800200425
2,766,0.15855861331763832
356,1043,0.15855798075159472
1006,1068,0.1585555704441164
64,35,0.1585546872495439
355,970,0.1585434299354756
351,1113,0.15853287610350564
351,329,0.15851978439557649
843,140,0.1585162103213172
64,909,0.1585097775323536
355,664,0.15850567408568378
64,953,0.15848071102219996
769,472,0.15847414536073953
9,971,0.15847365203392005
356,420,0.15845054779277254
421,87,0.15844122523171458
20,1110,0.15843666556847483
351,1137,0.15843509447905132
769,34,0.1584305556151101
421,410,0.15842222701739433
356,603,0.15841497190745443
1006,1191,0.15841229850361319
962,1143,0.15841125517123975
778,703,0.15840144154930083
20,307,0.158392936026589
355,1084,0.15839180000339945
944,49,0.15838686418360948
355,13,0.15838340805060286
421,613,0.15837887142899745
295,65,0.15836188738798454
64,311,0.15835357317148321
64,964,0.15834585217550542
295,716,0.15834469668486897
944,885,0.15833832138172213
295,668,0.15833419482765365
356,237,0.15832833662156998
986,902,0.15831111994340397
1006,1099,0.15830200675313796
716,658,0.15829107317990468
944,581,0.15827630359556658
356,770,0.15826892149449637
715,236,0.1582683102169621
64,424,0.1582657504347537
962,155,0.15825640284902628
986,897,0.15824848530738794
944,725,0.15824482590888356
944,998,0.15824175330614526
295,1165,0.1582411729128444
769,858,0.15823334817879536
919,83,0.15823090437187695
919,1175,0.158211795120006
1006,1063,0.15820244108025894
944,741,0.15817528000844028
1162,711,0.15815848295442936
1162,1142,0.15814985666646444
716,17,0.1581401391513585
295,564,0.1581369038312714
1006,910,0.1581337134883202
716,430,0.15813200435506453
716,316,0.15812934317664912
355,651,0.15812002704482547
1162,370,0.15811687997906604
421,464,0.15810805039349102
421,280,0.15806874485842817
1006,9,0.15806590346563704
804,821,0.1580620812321182
295,188,0.1580618676405318
1006,285,0.15805884492603756
1162,609,0.15804564793343148
64,205,0.15803429675611563
351,1150,0.15802226985054652
2,808,0.15801444025255118
421,578,0.15800226250885346
986,295,0.15799588537086398
716,568,0.15798831017581152
64,131,0.15797494373651383
2,562,0.15797312938061744
1006,1080,0.15796685018827544
778,715,0.15796261941267195
20,568,0.15795315093204412
919,88,0.1579490444909893
919,442,0.15794879289544947
1162,189,0.1579467998548791
2,1008,0.1579343328490052
2,896,0.1579227053561205
769,960,0.1579166846029991
1162,394,0.1578759641871639
1162,408,0.15786978719974282
421,550,0.15786539062608543
351,158,0.1578535293092436
64,329,0.1578448247800528
769,760,0.1578430373488859
351,952,0.15783689494198921
20,121,0.1578292649012804
1162,1096,0.15782009043079975
356,1025,0.15781853561236775
295,733,0.15781785517505775
944,298,0.15780777074677887
356,1140,0.15780266691925549
64,556,0.15780249776433808
356,962,0.15780242554810797
1162,758,0.1577952281816815
64,750,0.1577721007265306
295,1103,0.15777183331210443
64,174,0.15777137658127963
295,446,0.15776949899831721
1162,318,0.1577649066566282
295,187,0.1577501951005947
9,200,0.15772914362801851
64,352,0.15772316631312672
2,465,0.15771458772053923
944,676,0.15771107823813382
356,1024,0.1577090747522189
716,349,0.1577055416525015
351,1045,0.1576907455164857
421,1048,0.15769012799248946
1006,807,0.15768542411993133
716,1132,0.15767455277882658
769,1129,0.15767178085039213
716,131,0.1576686396810089
804,1033,0.15766761176024316
919,673,0.15765852043352213
840,442,0.15764944631798403
1006,1126,0.15764879132537593
356,211,0.15764570799855812
355,49,0.15764179597608785
944,920,0.15762896951952468
20,947,0.15761549878985506
716,33,0.15761410930609282
9,652,0.1576077677773434
64,83,0.15760450715680333
716,47,0.15760179463951277
716,908,0.15758721398584175
716,710,0.15758623353069348
769,364,0.15758236568657416
716,844,0.15757835076819268
64,752,0.15757481391920697
421,668,0.15757104882621564
804,137,0.15756220892000625
146,448,0.1575595438813737
778,218,0.15755638474726286
769,134,0.15755350545363034
351,64,0.15755206826339882
64,271,0.1575491076833902
421,446,0.15753832663024023
20,978,0.15753207046243506
355,1155,0.15752664544172174
944,794,0.15751232580425575
9,150,0.15751086447886478
64,879,0.15750484528166486
2,545,0.15750438627061827
716,775,0.15750342238273343
716,1117,0.15748715266663346
716,319,0.1574871320973013
769,1061,0.15748489160814305
944,290,0.15746435878718362
64,511,0.15745600594667006
64,475,0.1574508382335055
944,384,0.15743455286985178
778,106,0.15742884729760268
778,88,0.15741221074794057
778,788,0.15740611892975787
355,773,0.15740366095617886
716,130,0.15740170290567687
2,656,0.1573981161031082
351,1062,0.1573957675699404
64,952,0.15739323563309543
64,1192,0.15738883103631343
356,422,0.15738310002893835
355,559,0.15737890843209673
421,303,0.15735938537153846
944,251,0.15735711227078117
355,524,0.157353775210979
769,471,0.15735215820018297
64,876,0.15735003509960893
9,1087,0.15733681852154752
716,831,0.15732946078367216
2,897,0.157318203331649
421,1143,0.15731679667148718
351,1153,0.1573092452130213
1162,270,0.15730079140056466
355,520,0.15729964419148834
944,838,0.15728955263434255
355,417,0.15728610165240015
20,951,0.15727532987954262
769,635,0.15727319127486927
769,782,0.1572689970405424
804,1181,0.15726708489182856
1006,342,0.1572627933571331
769,521,0.15724693382544458
64,1134,0.15724671723610978
804,227,0.15723305984335934
1006,66,0.15721999274239315
64,660,0.157218068510028
944,679,0.15721487933209696
804,932,0.15721166214712326
20,66,0.15720311727506503
20,760,0.15719547160506045
9,408,0.15719194258976069
769,98,0.1571823244214446
1162,1140,0.1571769009155336
355,668,0.1571744936812455
351,197,0.15713921139984177
356,255,0.15712891710707588
769,260,0.1571262992260089
64,168,0.15712628771661163
716,105,0.15711560161306487
716,101,0.15710683964051342
20,998,0.15709210248839858
9,1162,0.15709073910909876
944,394,0.15708779618844326
20,323,0.15708001862072318
1006,771,0.15707834417905012
351,183,0.1570765359213361
1162,1141,0.15706323834606598
716,630,0.1570544895045
919,898,0.15705414737198242
64,751,0.1570468979589208
9,435,0.1570428659713349
9,556,0.15704027710085533
778,30,0.15702453232125257
986,284,0.15702396075261257
1064,813,0.15702202361197784
64,729,0.1570100853184246
20,794,0.15700456340498956
778,763,0.1570002327952909
351,556,0.1569828536161703
295,599,0.15698069596326503
1006,781,0.15697974468906178
64,542,0.15697340295413773
1064,1062,0.1569716959431056
421,44,0.15696789982910572
421,441,0.1569525531632139
64,1084,0.15695214751837894
64,1055,0.15695163683205204
944,910,0.15694804941992027
944,386,0.1569403990622646
778,977,0.15693437153972786
716,124,0.15692518652965434
716,979,0.15692283168579052
20,819,0.15691886842625016
769,332,0.1569179275748834
1006,916,0.1569120615517821
692,437,0.15691064566702587
9,728,0.15689839441530967
20,729,0.15688040521749808
944,212,0.15687916234174681
295,933,0.15686947527325662
1006,1043,0.15686661139629796
20,607,0.15686131526269786
2,482,0.15686042882337586
804,3,0.1568553565724692
1006,1081,0.15685256758636779
716,976,0.15685043278293895
355,230,0.15684902859212763
351,370,0.1568454789989144
421,885,0.15683388669506446
716,1087,0.1568248015456416
986,913,0.15682393236368009
20,264,0.15682118637824713
295,69,0.1568179662266376
986,102,0.15681771966744656
1064,616,0.1568107408034397
146,626,0.1568029289338999
769,740,0.15680065883365385
769,613,0.1567967587700228
64,941,0.15678240191322435
295,993,0.15677962978709148
944,1148,0.15676187320921098
716,624,0.1567438925749842
64,1074,0.15674289569027156
1006,442,0.15673740527708752
1006,319,0.1567348074965193
100,331,0.15673272819896103
356,1095,0.1567164640274274
716,621,0.15671164530995307
355,977,0.15670190767524195
1006,1113,0.1566999634393132
351,810,0.15669989470835446
356,554,0.1566967909499273
64,1101,0.1566869573468752
356,761,0.1566776763270044
944,38,0.15666750825172418
355,193,0.15666585034267377
986,406,0.15666206080105824
1162,679,0.1566539577706846
351,150,0.15664739050210102
64,127,0.15664473381923347
692,209,0.1566278422142475
146,538,0.1566263416484079
351,47,0.15661475798823188
351,681,0.15661067370731507
295,1066,0.1566049674677194
9,438,0.15660282596238784
986,207,0.15659357268509297
20,766,0.15659299944984553
769,230,0.1565772678666531
716,1097,0.15657100744781655
9,488,0.15655553479184267
421,229,0.15655541009006135
9,405,0.1565535702124632
2,1048,0.15655134433540457
64,1039,0.15655107662750728
962,200,0.15654553796247983
944,820,0.15653663226070247
716,210,0.15652919588362735
295,172,0.15652325856633276
1162,570,0.1565204492117249
769,786,0.15651937606732172
355,1055,0.1565052238988953
421,1001,0.15650332204678633
295,20,0.15649240568540493
351,1031,0.15649124503977702
1162,59,0.15646271767335526
20,2,0.15643361267023664
20,1141,0.15643029150936485
986,364,0.1564160120997587
421,411,0.1564086904651809
295,977,0.15639947386830977
64,701,0.15638725674997847
716,1053,0.1563858175455532
986,251,0.156382396451022
64,509,0.15637203283342307
716,638,0.1563690778182925
355,1157,0.15636350016247424
100,387,0.15635088172504147
2,664,0.15634333023373637
843,525,0.15634328284883925
944,657,0.1563342956482194
64,997,0.1563323690506771
769,1200,0.15632924061432746
20,722,0.15632904453886345
769,1155,0.15632810728631572
769,113,0.1563278982596592
716,521,0.15632596825898934
64,620,0.1563173608211688
351,83,0.15631087703673088
712,448,0.15630441849646953
769,314,0.15630440463508888
716,582,0.15629958214016443
944,301,0.15629773866208338
355,635,0.15629546869251673
716,1126,0.15628135280823122
778,386,0.15626518282664809
2,430,0.15626016108722895
351,1094,0.15624607969891094
716,62,0.15624536661310467
64,276,0.1562348078884237
351,98,0.1562304064503012
9,291,0.15622923446944403
919,220,0.15622104907234724
295,416,0.15621886048220374
769,1190,0.15620069396315694
1006,281,0.15619755403366622
295,361,0.15619229869439494
351,894,0.156181339098459
716,1200,0.15617313670681543
1006,179,0.1561581109912332
716,811,0.15613904140723156
9,192,0.15613214470190193
351,935,0.1561310497386605
100,944,0.15613103497340555
20,350,0.15612393444399633
356,1080,0.15612286148606358
421,479,0.15611489847598153
295,1093,0.15611472050418093
769,899,0.1561133413811764
20,996,0.15610741680367904
64,891,0.15610724624645275
351,233,0.15610717754820566
716,69,0.15610690430381952
944,344,0.15610681346954164
356,259,0.1561035559622538
769,221,0.15609327556020022
1006,265,0.15609055006492137
1006,65,0.15607899620309043
769,70,0.1560637821705379
716,848,0.1560560204446637
355,1158,0.15605513237270247
20,358,0.15604731697999627
355,70,0.15602885227610078
944,226,0.1560282301140004
716,70,0.15602263870736172
986,312,0.15602048971447516
716,620,0.1560160603100025
356,70,0.15597621890129076
1006,101,0.15597614385260367
716,32,0.1559732073572419
351,620,0.15596716499868427
1162,264,0.15596438781982794
295,484,0.15595875847868862
716,49,0.15595618934576572
840,834,0.15593080093819417
919,118,0.15592713201579728
716,781,0.1559267404838366
351,1035,0.15592568060655734
2,1045,0.1559070930028146
986,109,0.15589587179479236
1006,236,0.15589498656709905
716,389,0.15589383395482467
769,1015,0.15588936602264594
421,242,0.15588895218353316
1006,979,0.15588010771715116
20,434,0.15587926419472387
769,144,0.15586663505609438
716,564,0.15586643594560756
9,253,0.15586241488436894
986,1027,0.1558572168318413
20,611,0.155851048776417
351,942,0.15584964897419756
716,1129,0.1558364836968364
716,1096,0.15583092035559973
769,306,0.15582160671177278
769,54,0.15581669276122737
843,550,0.1557968235596991
986,374,0.1557939537937858
2,595,0.15579175582571334
769,561,0.15578649855343563
64,1072,0.15578637542031784
2,912,0.15578125280043806
356,1137,0.1557768375742419
716,983,0.1557701514226743
355,1137,0.15575672120815084
421,615,0.1557539712267923
1006,86,0.1557518217915311
944,933,0.15574883458417213
295,1039,0.1557411712228737
1064,645,0.155732484058714
716,320,0.15573081385217363
986,916,0.15573070340597173
64,438,0.1557164997934846
769,545,0.1557140950934727
355,367,0.15570672510892947
9,1129,0.15570385046752994
20,636,0.15569855826847984
351,1136,0.1556920890819551
716,18,0.15568797845348611
351,339,0.1556825468486788
1006,237,0.15567943520156322
20,467,0.15567772575615868
351,686,0.15567260150305476
9,121,0.15566273041256312
944,494,0.15566224766378423
1064,663,0.15565872020169466
716,607,0.15563516188462828
1162,671,0.15562500209240182
769,367,0.15562272916114284
1064,714,0.15562012379081006
1006,50,0.1556112768164738
64,628,0.1555958435415837
295,148,0.15559108842191594
355,908,0.15559054189784344
944,700,0.15558908150370204
840,63,0.15557911168721517
944,250,0.15557182397884872
1162,360,0.15556729936574384
421,90,0.1555668136612485
355,1203,0.155566419291129
64,916,0.15555324719379338
769,871,0.15555065361252013
20,1196,0.1555398567131632
716,468,0.15553647596550363
356,896,0.15553005262147548
184,249,0.15551948064273916
64,426,0.15551923009519897
20,595,0.15551611989240077
944,119,0.15551174439092952
64,207,0.15550250404755153
1006,906,0.15549831421987548
1006,35,0.15549158478629396
986,798,0.15548077913475272
778,764,0.15547579492686772
769,876,0.1554697124312231
944,180,0.15546431784045572
100,690,0.15545676294786862
716,693,0.15545595442661292
20,202,0.15545456956131826
20,954,0.1554533764298081
64,765,0.15544967649804955
944,3,0.15544874127124342
20,916,0.1554442022036652
716,672,0.15544390148303774
1162,248,0.15544386999899382
769,662,0.15544376052567244
716,822,0.15544243794214016
355,303,0.15544007757592598
715,834,0.1554360883266416
769,445,0.1554323110756247
1064,219,0.15542336547779684
1162,6,0.1554152832361613
944,701,0.1554126981769197
716,120,0.15539928627133903
356,82,0.15539724904005123
2,59,0.1553966503243068
944,401,0.15538882302350188
716,695,0.155388281609575
769,721,0.15538773423333435
20,426,0.15538645553531938
1006,502,0.15538628408180183
355,86,0.1553811361726967
944,848,0.15537623991930957
64,457,0.1553749062840288
2,428,0.15536264868448596
716,1043,0.15536253733775585
716,601,0.1553614526148074
1006,374,0.15535561182794486
9,434,0.15535259983265337
1064,1088,0.1553481772216642
769,692,0.15533929449377284
769,467,0.15533557283506616
1006,150,0.15532611663312507
919,236,0.15532416206515914
843,770,0.15532154551315722
351,643,0.15530936284731278
421,314,0.1553073611407214
2,648,0.15529925210451573
944,699,0.15529398301749364
64,0,0.15528874948138296
64,365,0.15527815442861198
64,226,0.15527476294185646
1006,22,0.15526802245517574
20,520,0.15526491708196732
716,712,0.1552648966541914
716,353,0.15525147648300727
778,221,0.15525141889506017
355,647,0.15524778257754487
351,936,0.15524308641863993
64,873,0.1552375934212159
421,784,0.15522784246205892
20,262,0.1552253577988685
716,1089,0.1552170373324475
2,548,0.1552130427016282
20,22,0.15518676879094254
184,450,0.15518389633481147
9,1011,0.15517322014712673
351,826,0.15516753883721607
356,442,0.1551662115107076
20,229,0.15516480656317744
1162,1152,0.15515929959914
64,67,0.15515197354510835
843,371,0.15514296338343875
20,893,0.15513492521642908
20,353,0.15512776358614883
20,501,0.1551209808669195
20,847,0.15511489166201411
64,1139,0.1550923945367526
64,522,0.15509123443023107
20,1190,0.1550876227555795
64,1069,0.1550835636981483
421,11,0.15506935643456804
944,945,0.15504697695724348
1006,148,0.1550421548142392
778,894,0.15503769940772774
64,651,0.15503172478618313
2,604,0.15503072241730861
2,297,0.15502138563831186
986,185,0.15497906780433468
769,69,0.15497702586818926
944,422,0.15497140009958998
2,353,0.1549647422293194
769,516,0.1549607916543152
986,792,0.15495944266181136
355,483,0.15495750241049924
64,816,0.1549430459839276
1162,0,0.15494206388364784
919,67,0.154931445845126
944,22,0.15492905571870472
716,747,0.1549261940686932
1162,484,0.1549245931457066
769,142,0.15492289582679003
64,898,0.15491939362980703
944,260,0.1549155363116377
2,717,0.15490954994052994
351,719,0.15490815553503198
986,486,0.15490149563532418
1006,330,0.15489794938463014
1162,608,0.15489768761344683
1162,793,0.15489492950560826
64,739,0.15489303369273053
944,255,0.15487458945591956
986,705,0.15483706061340197
351,692,0.15483657796164557
1006,889,0.15483343901760555
295,710,0.1548332024717468
944,823,0.15483279678587034
986,1004,0.15482453782100725
356,441,0.1548188312555263
64,61,0.15480738833365013
1162,337,0.1548011756509733
351,511,0.15479983148762444
944,1128,0.15479371859618682
64,18,0.1547933221051442
20,1007,0.15479271245489
356,951,0.15478545925749632
778,567,0.1547772940671282
295,46,0.1547616915428859
20,961,0.15475860191684226
944,1064,0.15475017604541616
64,417,0.15474345167882192
919,640,0.1547333051463322
421,853,0.15472350960002426
919,813,0.15472151036630533
2,326,0.15471977443453386
9,1150,0.15471932534855093
351,1198,0.15471636666734334
421,246,0.15471046264201332
769,292,0.15470986937416298
944,370,0.15470498419495166
20,1067,0.15469998675410992
1006,353,0.15469626045194687
100,226,0.15468959226427476
20,550,0.15468026123942338
1006,142,0.15467381770244445
919,1117,0.1546583727862825
295,21,0.15465690781343785
769,254,0.1546542385171634
20,1139,0.15465298155454538
64,285,0.15464497220537063
692,249,0.1546429777550184
1006,506,0.15463972214082794
769,1000,0.15462142775073495
986,392,0.15460774480814443
1162,841,0.15460433596193748
355,76,0.15459813074388365
356,315,0.1545863841563904
1162,365,0.1545848638335146
64,294,0.15458473548649887
919,1134,0.15457925388812493
2,21,0.15455850144543018
944,289,0.154555704091166
1162,1153,0.15453664026573677
2,1097,0.15453475112364143
64,260,0.1545302526075627
944,921,0.1545151458215436
9,299,0.15451340107694925
769,710,0.15450414048211283
356,726,0.1545028917868979
716,936,0.15448503678256728
769,718,0.15447389049986074
2,408,0.15446114565517455
351,88,0.15445638617116494
716,937,0.15445368354717795
351,294,0.15444727123056526
355,550,0.15444321539366623
778,846,0.15444019138501724
20,565,0.15443931370524444
421,457,0.15443908129114683
1006,476,0.15443805444798586
351,1162,0.15442673963059547
778,727,0.15441460143441493
64,507,0.1544113646606051
421,86,0.15440306485727773
64,481,0.1543970153747849
355,1092,0.15439304884871843
769,447,0.15439265575505115
351,117,0.15439261476498106
351,822,0.15438642575998185
421,618,0.1543727464271918
2,850,0.1543626049188012
295,434,0.1543606362433015
843,638,0.15435497237880696
20,700,0.1543524654628438
1006,1092,0.1543481119332676
1006,438,0.15434803501660396
356,679,0.1543468582180373
351,839,0.15434255790360465
351,501,0.15433696040187403
1006,1185,0.1543116268365317
804,923,0.15430333116728182
1006,55,0.15430162942319003
355,51,0.15429074052402073
20,1129,0.15428673017931063
944,1073,0.15428442859765276
716,260,0.1542794553766166
351,58,0.15427098051318736
944,924,0.15426601647832963
716,520,0.15426368206645777
577,747,0.15426209731439575
944,25,0.15424891195071466
1064,1200,0.15424005899061266
712,770,0.15423632851834418
944,940,0.15423308543062766
351,1069,0.15422392804168214
421,41,0.15422383150111485
64,908,0.15422155213532
351,391,0.15421562548074852
1162,441,0.15421476903252293
1064,254,0.15420035047839772
421,548,0.1541965916736277
351,813,0.15418968859236856
919,525,0.15418031867976612
64,351,0.15417703288699303
355,815,0.15417121521277902
716,474,0.15416377553979202
64,1142,0.1541462437045069
1162,1024,0.1541426605435308
356,365,0.15414176461480483
986,1184,0.15413659889812992
919,989,0.15413329366278739
834,249,0.15413240179865975
769,880,0.15413065897788447
577,1074,0.1541290374046179
64,513,0.15412508156128404
295,1105,0.15411489325064404
146,699,0.1541116965544869
351,451,0.15410950878108073
295,660,0.15410847644591186
64,1168,0.1541055391927461
421,1126,0.1540974171946436
2,179,0.1540955600770328
1006,645,0.15408856515816785
295,678,0.1540830176481171
944,437,0.15408273802813924
716,1151,0.15407296651694655
1064,929,0.15406625137425017
944,843,0.15406280182896537
295,1122,0.15405645551344965
421,710,0.15405461946572624
351,996,0.1540545616264967
843,366,0.1540532525514412
1006,316,0.154049623327673
9,1039,0.15404892957547717
20,694,0.15404322431404452
778,364,0.15404302034102896
351,272,0.15404183415439196
356,1191,0.15404062923664066
778,811,0.15403144990168346
716,728,0.15402945439182478
1006,729,0.15402782568425738
421,19,0.15401509591741674
355,1181,0.15401482942885358
64,925,0.15401112177510243
769,213,0.154009388085248
295,628,0.1539986250493922
295,498,0.15399571791544298
944,45,0.15399261682570378
421,276,0.15398822895386713
986,501,0.1539867451598366
1006,908,0.153986467679334
944,776,0.15397954174196649
351,482,0.1539707157728256
355,643,0.1539659523573033
1162,1097,0.15395225561375367
778,34,0.1539355655965551
769,94,0.1539350447813765
351,638,0.15393478615793188
356,1023,0.1539338116230459
715,627,0.15393322209694574
351,1183,0.1539292924576894
356,146,0.15391978990700741
356,567,0.1539120613542305
2,861,0.15391068366518304
351,1073,0.15391055364154466
64,357,0.15390737439601862
421,1141,0.1538976981852447
64,1121,0.1538834913295037
355,995,0.15387743518016028
64,302,0.1538747348443711
356,163,0.15386465039749292
64,762,0.1538567873408411
716,328,0.15385584946195555
716,346,0.15385524322499086
1006,933,0.1538500349036051
20,626,0.15384027418895863
20,817,0.15383878433030018
769,1148,0.15382927296269563
351,889,0.15382159769154896
356,671,0.15382136304118205
64,1151,0.15381964123391303
986,395,0.1538180271205102
351,149,0.15381627957119554
64,1007,0.15381336469421183
20,367,0.15379450795177563
1006,1181,0.15378997165936456
944,59,0.15378643024708086
986,21,0.15377554335571025
716,174,0.1537745478530433
2,446,0.15376686308237225
944,269,0.1537611843000104
986,972,0.15375898966045376
100,449,0.15374758119333096
351,151,0.15374329484314989
1006,42,0.15374138250963687
1162,547,0.15373569092683542
986,166,0.1537301044332319
1006,121,0.15372254116454417
295,971,0.1537065177816727
64,388,0.1536769411203649
716,1167,0.15367164604862096
1006,347,0.15367137049981655
351,109,0.15367015688996186
351,345,0.1536518062573844
919,612,0.15364936663411957
356,45,0.1536366545608498
2,376,0.15363523006922286
295,602,0.15362822235943827
351,72,0.15362463700167941
769,643,0.15362118256399393
146,906,0.1536129223752304
944,1049,0.15361104063534978
351,65,0.15360394564822358
421,1014,0.15360327182266345
716,608,0.1535976367072598
9,131,0.1535792291951894
769,1062,0.15357344134876025
64,409,0.1535724514451229
20,239,0.1535719474509433
351,234,0.1535681723895479
295,596,0.1535625966544039
1006,836,0.15355578117213287
778,377,0.1535424277509931
1064,78,0.15353868827877784
100,1004,0.15353750336143862
716,330,0.15353268377869667
944,654,0.15351557025514112
351,533,0.15351056102261193
1162,971,0.15348422918265062
1006,656,0.15348012606603678
944,254,0.15347879947180967
64,854,0.15345888952829087
2,815,0.15345724898774193
100,1056,0.15344869829341376
1006,704,0.15344036877011386
421,815,0.15342611080322174
716,1071,0.15342350179447625
64,349,0.15339639062689453
986,1011,0.15339576114168937
64,322,0.15338501508672012
20,109,0.15338364508054347
100,490,0.15337585142861612
1064,1010,0.153354975524825
355,713,0.15335446007987646
64,938,0.15334701994735409
716,870,0.15334458533251252
351,738,0.15334416867712203
355,1081,0.15332869154426815
64,1,0.15331582104026042
2,234,0.15331280961268623
769,540,0.15330213245257232
184,1095,0.1532988410228855
146,915,0.15329818243652193
986,991,0.1532947143002872
20,1020,0.1532939862385964
944,588,0.15328868287988048
20,1085,0.15328225228362025
919,1014,0.15327966663484016
355,349,0.15327713221570632
1064,572,0.15327266397618144
421,1037,0.1532726520756099
944,771,0.15326937177681957
351,11,0.1532612108450329
843,630,0.1532602746740849
986,209,0.15325819223587606
769,492,0.1532450046236239
64,115,0.15324239185557909
2,830,0.1532412156482242
1006,1009,0.15323644120845065
355,828,0.15322385682736017
1162,884,0.15322342573016542
919,675,0.15321698515620452
712,476,0.15319928469476077
2,395,0.1531939194808861
295,179,0.15318736352938545
20,28,0.1531787638755238
944,757,0.15317837799767064
295,513,0.15316824611886967
843,673,0.15316568611569056
356,804,0.153162917708698
64,1005,0.15315610357195095
421,14,0.15315602291125247
295,256,0.15315390760256825
1162,1132,0.15315252400789625
64,951,0.15315180686386096
1006,749,0.1531467414123151
355,794,0.15314549342416395
944,467,0.15314405367671816
1006,1197,0.1531364309528108
1162,657,0.15313458529157153
1006,228,0.153134564582093
1006,185,0.1531321406306807
2,396,0.15312368306656163
351,744,0.1531187693703323
20,130,0.1531120918952535
421,1019,0.15311146052956015
1162,443,0.1531102104114433
692,1076,0.15310292592390584
1064,433,0.1530994912223898
2,1021,0.15308963576156484
2,920,0.15308148856148224
20,957,0.15307570677766022
769,216,0.1530630391837766
20,195,0.15305593805479398
20,781,0.15305396237448807
64,139,0.15305378351600746
356,170,0.15305363370475855
986,830,0.1530477828471263
1162,1017,0.1530417119879765
919,626,0.1530366394728109
1162,577,0.1530352496168178
1006,821,0.15302509757924856
986,737,0.15301714197553112
843,558,0.153013887494063
2,1107,0.15301049106864992
2,1051,0.15300416736937927
20,1200,0.15300020127487968
2,797,0.15299368745983424
2,1200,0.15298536902850093
64,410,0.15298109564835302
1162,1056,0.15297440464257164
716,657,0.15297118108791014
716,477,0.15296694086770143
919,896,0.1529627418366151
20,49,0.1529559348406452
351,232,0.15295539242271738
1162,1069,0.15294640646020452
944,773,0.1529415301150986
769,353,0.15294017892779976
716,167,0.15293006037917078
351,906,0.15292865916015572
919,531,0.15292549941543374
356,319,0.1529239032074414
716,932,0.1529202325281414
986,130,0.15291967323243175
1006,377,0.15291897378169533
421,664,0.1529172063791864
356,579,0.1529011901337274
356,580,0.15290075505217873
1162,35,0.1528982077989831
20,462,0.15289772499209045
64,1043,0.15289504850213734
355,376,0.1528914234620574
1162,427,0.15287995950783845
421,221,0.15287435657534856
351,1105,0.15287004663372622
64,955,0.1528693708165862
1162,937,0.152867280637698
355,1012,0.15286150987829727
2,75,0.15286117486957182
295,200,0.1528397503807468
919,678,0.1528354811446861
184,915,0.1528186657560325
986,168,0.15281708228398044
778,175,0.15281406456701557
356,682,0.1528049354717881
944,688,0.15280370356835513
1162,751,0.15280329755424285
692,768,0.15279396841985185
1162,102,0.15279226184139844
716,249,0.15278259958073964
9,499,0.15278116193096633
986,484,0.1527741100241137
1162,1023,0.1527599020379608
986,975,0.15275931242788338
9,419,0.1527581461072865
769,410,0.15275589947183768
1006,652,0.15274728476480937
421,467,0.1527449048837469
919,758,0.15274178967208968
421,99,0.15274136871824645
1162,652,0.15273851700208316
804,356,0.15273088092560788
769,236,0.15272309505694492
944,320,0.1527219356852748
1006,1200,0.15272096634593618
769,341,0.15272006962225174
944,1203,0.15271463733757876
355,329,0.15271292702723066
295,1170,0.15270111667616798
1006,1135,0.1526996898030935
421,315,0.15267910675331575
295,838,0.15266835534395481
986,612,0.15266585090117818
1162,1182,0.1526640453807246
64,389,0.15266297839618387
716,881,0.1526519396629226
778,479,0.15264553299632377
919,704,0.15264242301795905
1064,464,0.15261710582874685
986,525,0.1526094497280199
962,1059,0.15260680928438214
295,1072,0.1526028671067474
716,207,0.1526022828966696
351,868,0.15259857947067157
843,213,0.15258713814222766
356,464,0.15257633396979392
9,642,0.15255586970773768
1006,819,0.15255535436289808
716,1152,0.15254626428934193
1162,667,0.1525462473210385
421,1190,0.15254011233680012
100,969,0.15253724279781034
1162,1114,0.15253606666681255
20,720,0.15253307986955889
944,718,0.15252719370172432
20,1198,0.15252634456837147
944,47,0.15251611224038436
2,564,0.15250537140660417
351,1020,0.15250455572906693
421,847,0.15250288316077393
778,962,0.15249414443746154
421,643,0.15247699155501723
356,144,0.15244331297546732
351,1176,0.15243602123869887
944,769,0.15243521294352963
1162,586,0.15243202750176235
295,454,0.15242685124063876
64,73,0.15242267109385865
64,503,0.1524183378833623
919,457,0.15239828036143946
986,399,0.15239734757173576
295,1197,0.15239481604088956
20,1187,0.1523848607025339
769,820,0.15236256046432742
20,508,0.152348909035214
421,651,0.15234797673695807
295,56,0.15234723034256173
351,706,0.15234467707682262
1162,1035,0.1523418462954009
20,721,0.15233628311064532
944,878,0.15233360806866836
716,640,0.1523265805583229
421,1199,0.15232509016679072
1006,43,0.15232151039362332
2,1141,0.15232049011795043
64,258,0.15231871720230322
100,1074,0.15231165051617632
716,714,0.152283952070964
1006,69,0.15228331401881087
20,205,0.15228322510530143
1006,182,0.15228239175911487
421,414,0.1522412531204453
20,1041,0.15223057044918523
351,685,0.15222246954093577
64,1066,0.15221794220180884
1006,604,0.15220519953620595
355,480,0.1522046458708265
2,849,0.1522038430106036
355,19,0.1522010065374243
355,1048,0.15218693693272967
2,901,0.1521815844921022
944,160,0.15217937542643162
64,714,0.15217935621228565
295,467,0.1521792669688712
1162,943,0.15216865424439868
20,128,0.1521547196426265
351,1111,0.15214993143731181
769,695,0.1521465620027229
64,1150,0.15214531301548048
20,661,0.15214190177352654
355,231,0.15213812198061552
716,828,0.15213582420971658
944,385,0.15213461555659474
919,1191,0.1521339555666806
944,54,0.15213134877259388
351,162,0.15211459512852052
351,844,0.1521131095107747
2,76,0.15210665981880703
356,372,0.15210010111525835
9,441,0.15209873991714587
944,1067,0.1520901370856944
20,529,0.15208748914001163
944,844,0.15208617024764778
716,1081,0.1520809371126466
1006,463,0.15207380670461682
351,457,0.15207173965539506
351,51,0.152067299043608
769,241,0.15206300509656206
716,121,0.15205947563315883
295,353,0.1520579542368533
716,896,0.15205210843374684
1006,611,0.15204394440307514
64,946,0.15203227519506782
356,432,0.15201075064355923
1162,329,0.1520087091133257
9,118,0.15199963443464468
20,478,0.15199680869733842
840,288,0.15198946864219956
355,16,0.1519831597420984
421,1051,0.15197808413844832
692,1197,0.15197584388642932
64,581,0.15196883851673965
295,26,0.15196744822018635
146,137,0.15195510753700023
769,937,0.1519461840363754
716,142,0.1519379092650438
944,1013,0.15193758727444528
421,907,0.1519314487398701
9,795,0.15192455012818126
2,305,0.15192059193638696
356,329,0.15191787112349123
716,1193,0.15191754265399174
716,971,0.15188317750267447
355,761,0.15187105371261583
716,854,0.15186754843762013
769,401,0.15186353781120332
1162,676,0.15186338758432089
778,543,0.15184612522900015
716,732,0.1518420968991074
1162,835,0.15184156141206126
351,1022,0.15183273482662726
944,606,0.15182437521636674
716,614,0.15181839395872598
778,992,0.15180645079636837
295,343,0.15180281854996322
20,950,0.15179793680769105
20,717,0.15179564679580562
356,210,0.15179438510136192
355,319,0.15179388860731402
1006,112,0.15179214505305813
944,328,0.15178213651456895
2,1182,0.15178104485666086
351,103,0.15178018067515353
20,648,0.15177800884478146
778,1134,0.15177673495767582
64,613,0.15177587550200453
769,285,0.15176388264461405
769,933,0.15175955760966928
2,536,0.1517497447582456
1162,819,0.15174317970862694
355,38,0.1517335258038793
351,850,0.15172840004207777
944,775,0.15172334397838438
421,285,0.15171169010417027
351,642,0.15171122130094497
944,532,0.15170626892485184
2,908,0.15170372286440334
1006,452,0.1517029769406823
769,762,0.15169917552766343
64,685,0.1516983689546635
716,903,0.1516975749232887
1006,602,0.1516947784121163
356,115,0.15169304581574458
356,991,0.15168519053036963
2,1121,0.15167089797552047
919,849,0.15166334167837117
1006,1057,0.151661639207964
1006,312,0.15165781142660564
1162,414,0.15165729706531209
64,259,0.15164981065153468
716,150,0.1516454244520848
716,841,0.15164192088196993
944,166,0.15161573512619103
295,715,0.15161385826528634
843,652,0.1516031633775786
944,742,0.15157543210826846
351,732,0.15157529614706794
716,928,0.15157061445112113
64,208,0.15156766852913195
20,1178,0.15156676677179928
944,815,0.1515662239415195
1162,685,0.1515561160979334
351,664,0.15154877215911253
944,749,0.1515468292157552
986,1050,0.15154524188085547
986,435,0.1515220066616389
20,465,0.15151840873518685
9,724,0.15151672676652156
421,983,0.15151581518956356
1162,214,0.15147355813828872
421,598,0.15147287840199
1006,1193,0.1514723990557623
64,403,0.15147006523583745
1162,678,0.15146871103998827
1006,911,0.15146552183904308
919,1081,0.15145535069253188
1162,1088,0.1514456300971674
716,41,0.15144069591895853
20,1071,0.15143705621779874
64,664,0.15143566512970222
9,116,0.15141993311184243
986,353,0.15140822107814955
1006,997,0.15140763720275138
251,820,0.151398782556395
2,259,0.1513967941374779
716,166,0.15139470984064032
716,416,0.15138121281991787
295,576,0.15137442773751478
64,1008,0.15137406412736218
1064,1106,0.15136539513305247
9,84,0.15136479509629688
716,357,0.15136414084791183
1162,195,0.15136397997946485
1162,647,0.15136028761395212
64,278,0.15135859641505803
184,612,0.1513551559118799
986,1103,0.15135496147435143
2,505,0.15135172368489924
986,52,0.1513472349333106
1006,540,0.15134451278466554
1006,1159,0.15134373303990578
20,602,0.15133343518520023
2,116,0.15131278640312884
351,542,0.15130949191611678
919,710,0.15130806968562382
716,86,0.15130769564457128
716,690,0.15130365481989247
769,281,0.15130291558748
919,1111,0.15129291220705635
355,109,0.15129218547880938
769,719,0.1512892738915473
944,585,0.1512891022174808
295,192,0.1512697734389594
944,763,0.15126454927462732
351,252,0.15123810343526548
2,54,0.151231039090495
100,747,0.1512103318547169
355,496,0.15120547417499716
421,1043,0.15119500503498212
1006,580,0.1511878832276143
421,933,0.15118350244218395
716,216,0.15117824163132731
1064,504,0.15117718020734497
1162,601,0.15117512581172013
2,754,0.15116842572928121
716,53,0.15116303304173156
2,1119,0.15115888539741085
1006,572,0.1511497122799569
64,435,0.15114916301264217
64,493,0.15114834106091335
64,577,0.15114661851716754
1006,306,0.15114530634687584
2,884,0.151138729063771
1006,315,0.15113621943647096
1162,1170,0.15111337650042647
716,498,0.1511120717475544
9,377,0.1511118560952652
351,249,0.15111094975707914
9,740,0.1511069686824699
1162,254,0.15110485962436634
919,256,0.15109915823229267
1162,161,0.1510976971198223
20,970,0.15109321007639545
716,277,0.1510894333985074
716,889,0.1510836091488854
986,1012,0.15108132627633147
944,946,0.15105716957953988
421,558,0.15104726228475154
716,108,0.15104508731830096
9,588,0.15103855535599184
692,540,0.15103744549536854
20,777,0.15103733734333305
184,864,0.15103246392486402
716,464,0.15102449250279895
919,233,0.1510213757987251
64,125,0.15102038310466034
351,488,0.15101118762929994
64,1147,0.15099958956058984
64,650,0.15099646578378614
421,628,0.1509957462496498
421,177,0.15099081349783072
1162,672,0.15098802006612683
1006,782,0.1509869012743877
20,979,0.15098578590006265
9,430,0.1509774159823626
919,614,0.1509655772563875
20,370,0.15096191853066807
769,938,0.15094872630840747
295,50,0.15094461487639543
355,941,0.15093613539742273
64,644,0.15093494333955645
716,774,0.15092830725144105
64,123,0.1509199433171928
146,1026,0.15091854629322918
9,594,0.15091555250614616
1162,1092,0.15091212822916614
351,705,0.15091155749197976
716,750,0.15091046113469592
421,576,0.1509021102761994
295,363,0.1509000167713272
295,943,0.1508981666386777
944,1040,0.1508948256195516
944,58,0.150893915380627
769,773,0.15089144369489127
356,820,0.15088859043912867
962,665,0.15088748640273392
20,1159,0.1508871840817789
1162,430,0.15088473232377742
1162,1007,0.1508837486908461
944,19,0.15088368402647667
100,334,0.15088325783632997
1162,890,0.15087749908538908
356,34,0.15087402728658914
1162,877,0.15087387900347235
20,831,0.15086994635682263
351,1125,0.15086792157627577
295,583,0.15086498463878334
20,524,0.15086264207607675
351,246,0.1508577709432899
2,524,0.15085618690011623
716,211,0.15083519103109383
355,679,0.15083089173422703
356,565,0.15082151259750512
1064,479,0.1508161446865051
355,774,0.15080614105726167
2,785,0.15080041048412518
295,544,0.1507983618707636
986,712,0.15079331113132288
9,358,0.15078797636138208
1162,449,0.15077597155908154
1162,422,0.15076976444975057
1006,213,0.1507645210305715
769,866,0.15076288605732965
2,33,0.15075567824516617
716,465,0.15074996391818
20,564,0.15074843144794134
9,617,0.15073358235668866
421,864,0.15072776406928592
295,612,0.1507178696539869
351,22,0.15071106339707804
351,498,0.1506990382953773
1006,129,0.1506662915132108
356,576,0.15066389391494442
100,1016,0.150662217321529
769,151,0.150657866624391
355,782,0.15065453445185795
944,666,0.15065302609520376
804,387,0.15064520472809914
9,716,0.15064504285551777
356,19,0.1506340337609594
716,1080,0.15062843368384948
351,781,0.15062372478537542
9,781,0.15062133006472994
20,412,0.1506008503642287
716,701,0.15059693817731445
100,925,0.15058918234655264
1064,67,0.1505876717022665
716,1139,0.15058537237792075
64,536,0.15058400899464788
919,31,0.15058043513337194
64,177,0.1505756425694587
295,225,0.15057476258165353
919,187,0.1505735621461806
692,879,0.1505620835575876
64,562,0.15055825381434879
20,689,0.1505521544218376
716,733,0.15055130350361795
100,921,0.15055040522188082
20,690,0.15054779375342692
64,717,0.15053778214419541
944,513,0.15053426774109338
986,1096,0.1505298351134376
295,732,0.15052798947598225
769,259,0.15050973222981057
1006,862,0.15050168955637422
716,417,0.1504959989152114
986,220,0.15049487410747042
356,1193,0.15049479294833573
421,184,0.15048859150778035
421,583,0.15048810963914672
1006,290,0.1504859833507978
295,951,0.15048329342660013
351,412,0.15048111555771096
2,520,0.1504789371984068
2,521,0.15047190672983557
2,1166,0.1504705906854624
9,250,0.150459510957031
944,350,0.1504573088544546
944,567,0.1504567030039527
944,135,0.15045396097601793
769,1012,0.1504525455565224
20,723,0.1504522645007297
944,961,0.1504461954373133
64,921,0.1504353651637308
986,545,0.15042381396248006
295,356,0.15042113626874914
295,1030,0.15041654641478888
421,879,0.15041492662183162
986,793,0.15040407411370801
919,879,0.15039397504569044
146,1137,0.1503913578537176
769,908,0.1503903424247919
1162,65,0.15038860258003564
355,153,0.15038566288056118
944,751,0.15038302330207692
1064,692,0.15037997365633723
184,332,0.1503764092082566
355,943,0.15037283871840035
944,120,0.1503529135275575
962,293,0.15035166679704
986,99,0.1503466015274017
944,723,0.15034534471352165
919,1129,0.15034114526489714
2,238,0.1503398182083661
295,404,0.15033748356473886
64,136,0.1503319983300711
20,346,0.15032844768990872
919,177,0.1503268450827354
355,110,0.15032612878302182
1162,191,0.15032599877518024
2,1016,0.15032477164141061
64,492,0.15032094114137
421,371,0.15030840730129807
20,1080,0.15030010457152704
9,347,0.15029855073850862
421,412,0.1502956943308504
1162,945,0.15029538308877716
351,255,0.15029510392487339
356,956,0.15029304588971865
356,855,0.15028686224201376
355,1125,0.1502809657956634
351,836,0.15027953640706443
944,868,0.15027846319833593
356,1090,0.15027159501149492
356,47,0.15027047104057203
20,443,0.1502552712059204
421,603,0.15025325221431673
356,1127,0.15024941684968487
1006,966,0.15024423680849977
1006,445,0.15023941075158137
20,672,0.15023027840240136
20,439,0.1502244582910065
716,438,0.15021549326012623
778,798,0.15020947004993174
295,412,0.15019911325490812
2,937,0.15019269557733358
351,559,0.15018580696260564
2,980,0.15018427601068648
769,628,0.15017362734366585
804,1038,0.15017006492847254
295,802,0.15016146926780052
692,1175,0.15015854022053915
944,433,0.15014857961403072
716,944,0.15013731669102234
64,1152,0.15013404963987542
919,465,0.15012703139854436
843,1202,0.15011185878346184
804,1,0.15011066209287638
716,574,0.15010884388207577
9,221,0.15010279107110283
716,1154,0.15009729669120572
20,986,0.1500881270101994
351,505,0.15008211567451532
2,13,0.15007719023772015
1006,72,0.150074558811004
919,912,0.15006472256975986
295,624,0.15005550515727104
356,44,0.15005431139331146
769,810,0.15005089576521624
9,146,0.1500419452424238
20,1019,0.15003951343128916
64,1018,0.15003272243368662
356,390,0.15003005731755772
712,865,0.15002220312103237
355,840,0.15001542784721905
1006,692,0.15001307155176294
769,14,0.15001066473262625
20,976,0.15000080466818932
778,1112,0.15000065897254417
20,12,0.1499983176801693
20,800,0.14998757256578163
1162,574,0.14997086722488315
2,948,0.149961516486455
100,473,0.14992931832779863
986,268,0.1499121733403095
295,280,0.14990890478704108
769,864,0.14990209040677782
1064,1009,0.14989747228054387
716,1073,0.1498966824349506
295,52,0.14989062715372722
355,595,0.14988939236953527
20,631,0.14987868788495703
64,132,0.14987828952883783
1006,1001,0.14985714049838886
355,544,0.14985114521220547
769,634,0.14984584225925657
1162,826,0.1498284757228654
716,1045,0.14981476860670398
421,767,0.14981345593518686
2,1159,0.14981303191737358
356,982,0.14981219209822078
1006,546,0.14980728734615187
716,868,0.14980687108110197
356,1075,0.14980550250423982
64,896,0.14980438556377412
421,451,0.14980117138501028
716,647,0.14979804235763564
20,204,0.1497859037761249
1162,12,0.14978457024256217
1006,524,0.14977947199438635
778,500,0.14977393140184628
769,196,0.14977374771882523
716,803,0.14976579520808883
919,817,0.1497644062301228
944,689,0.14975733163627475
295,48,0.14974655851416538
64,393,0.14974607218446795
1064,92,0.14974158716476027
2,512,0.14974008088800564
295,675,0.1497395446081508
778,864,0.14973471643823422
295,185,0.14973091988446458
9,1168,0.1497209451933662
64,69,0.14971871983929952
716,512,0.14971607111092303
9,807,0.1497129535513369
716,25,0.14971152859310902
986,664,0.14971020483567155
295,240,0.14970711146721766
9,422,0.14970550791040613
295,586,0.1497009832403208
64,735,0.1496826402249508
944,669,0.14967894767374149
769,935,0.14967387651070935
295,173,0.1496647551914771
295,622,0.14966262373912484
769,954,0.1496623048607909
919,781,0.149658552060345
1064,851,0.14965814779643954
769,1043,0.14965470680116624
986,4,0.14965393616107486
20,29,0.14963635201986417
840,107,0.14961260055015654
1006,773,0.14960930087200308
295,1139,0.14960493339696038
356,497,0.14960194681778355
716,52,0.14959978519433054
778,448,0.14959841359986803
351,287,0.14959504696633374
919,847,0.14958869980566344
9,275,0.14958864487369858
295,432,0.14957865687417066
351,282,0.14957772823412624
1064,853,0.14957626657559556
986,958,0.14957608212565338
64,523,0.14957528222492536
295,230,0.14957218895516403
64,508,0.1495643137683435
20,675,0.14956419547154987
356,656,0.1495612684142807
769,617,0.14955543457308926
355,993,0.14954339875719036
2,46,0.1495427202038271
295,831,0.1495402805398195
1006,1089,0.14953681338308658
944,1172,0.14953518815450914
20,495,0.14952763924329138
944,34,0.14952332207647162
356,880,0.14952017456089173
64,878,0.1494954979314876
64,1077,0.1494925442055372
100,356,0.14949070076964968
986,943,0.14948851937411975
20,445,0.14948502469383815
843,1023,0.14948471126346363
295,15,0.14947751772484605
351,805,0.14947382947767704
769,1081,0.14947044829756193
716,990,0.14946844600621634
421,1081,0.14946330254889395
716,636,0.14945375854752785
919,1059,0.14944559209553865
716,1049,0.14944031014451484
986,909,0.14943873660078727
20,1081,0.1494358443434736
295,746,0.14943120387074002
944,824,0.1494302381678928
769,50,0.14942990177149915
2,655,0.14941738177086422
716,441,0.14941637414939696
843,1053,0.14939898193278417
1006,468,0.14939268091702598
716,420,0.14938506504360455
295,409,0.14938024804306022
1006,786,0.14937786791884475
716,805,0.14937578140309152
804,977,0.14937487017819215
716,408,0.14937393797663248
944,890,0.14937244594890672
1006,1148,0.14936715966708564
351,443,0.14935979003722333
944,604,0.14935087051605797
769,42,0.1493475860801764
64,90,0.1493416078554292
295,907,0.14933179786639536
986,623,0.14933100358516488
64,297,0.14932814612517648
421,692,0.14932323012598708
64,1086,0.1493068167718823
1064,377,0.14930328671986842
1064,70,0.14929566871716926
295,45,0.1492945316924364
769,549,0.14928913636752603
962,437,0.14928461327758794
1162,73,0.14928377741468557
351,1041,0.14928134308051466
944,957,0.14927893335066741
355,598,0.14927318831879874
64,31,0.1492657234778988
1162,938,0.1492542222809772
295,326,0.14924749550632208
9,894,0.14923834533939356
804,180,0.14923288656198755
716,14,0.1492304207244611
64,783,0.14922823374487076
20,894,0.14921713719089794
421,405,0.1492165734325939
351,481,0.14920495458485292
64,504,0.14920444021569912
64,1092,0.14920367773996582
1162,994,0.1491988529133268
1143,677,0.14919469754686468
716,888,0.14919376947837845
769,895,0.14919292966488315
20,569,0.14918484572415405
944,14,0.14918388785148723
351,965,0.14918324601320979
1162,344,0.14917443804916172
2,1157,0.14917271863976797
986,92,0.149170036398735
944,136,0.14916889355743088
2,1071,0.1491654328869614
944,327,0.1491588338601237
1006,938,0.1491572001029438
20,153,0.14915177043691097
769,379,0.14915009324190714
20,816,0.14914568878406456
1006,1105,0.14914350070672167
64,251,0.1491397034110734
843,298,0.1491362666523849
20,812,0.14912739239110404
986,1092,0.1491266704996016
1064,193,0.149108998749482
351,728,0.149100188535513
20,889,0.1490981935723518
295,379,0.14909085371673048
986,492,0.14908814774358495
351,55,0.14908187768512843
769,187,0.14907823273773774
295,22,0.14907592194537356
100,941,0.14907248468973405
146,479,0.14904625664295448
351,880,0.14903714889130507
804,8,0.14903413279882388
146,726,0.14902885202070323
9,182,0.1490267600866996
804,272,0.14901560437227307
421,27,0.14900236865216152
962,959,0.14897859839907115
716,1079,0.14897497904654344
716,613,0.1489689101488827
1162,951,0.14896258215983713
840,437,0.14896200324928333
20,730,0.14894929643863059
1162,310,0.14894793909942897
778,645,0.1489423199189785
1006,194,0.1489400696153163
351,938,0.1489234695170819
778,1167,0.14892323681429384
421,1184,0.14891581381925748
944,81,0.14891405630506144
100,820,0.1489122474266942
356,932,0.14890694099332485
944,388,0.1489053743605508
351,367,0.14889382182517355
1006,615,0.1488901498404765
716,374,0.14888554105604812
2,1199,0.1488729228093274
295,551,0.14887272599834758
20,100,0.14885805595013904
986,812,0.1488494037275534
355,50,0.14884419173390204
295,975,0.14883895351281612
351,758,0.14883433691425674
64,847,0.14882472221933019
64,264,0.14882326607702373
944,871,0.14882303138032038
356,622,0.1488159939761748
986,833,0.14880793280867907
100,475,0.14880716655164858
20,102,0.14880313621546976
9,1172,0.1488018007787957
1006,417,0.14879531307215665
1006,412,0.1487662269786337
64,1036,0.14876282359064866
20,208,0.14876139235693198
421,704,0.14876021437095346
2,800,0.14875938300227434
1064,1153,0.1487555554092386
2,1193,0.1487502987767958
351,337,0.1487497309551674
1162,1045,0.148744134598407
1162,75,0.14873694201796145
64,496,0.14873292088847603
9,924,0.1487306970776191
716,175,0.14872259407929997
64,189,0.14872093023231847
421,688,0.1487159211860611
1162,436,0.1487140337640526
295,916,0.14871376481839751
351,717,0.14871273105006313
1006,75,0.14870931240992039
20,955,0.14870783572769422
1162,115,0.14869243765822038
64,413,0.14869202903674839
64,128,0.14869130085924662
20,688,0.14869095774532215
919,389,0.1486837547883461
1006,332,0.14867269368560115
1006,495,0.14866098974575015
20,19,0.1486607996950653
295,523,0.14865874116572553
20,396,0.14865020259910333
295,6,0.1486475163607865
1006,679,0.148642216675324
20,279,0.14863782817238141
9,998,0.14863335233381628
64,362,0.14862672955697867
421,115,0.1486162418507296
716,832,0.14861597401884022
778,104,0.14861282089794098
20,345,0.1486106495920135
64,529,0.1486073171120085
20,200,0.14860727733344076
9,349,0.14860342902068438
1064,1074,0.14859799019509887
2,949,0.14858996296304924
20,945,0.14858832197285524
356,876,0.14858381687663158
1162,614,0.14857801101965373
1006,313,0.1485695849899418
20,56,0.1485685465234678
20,1013,0.14856680988666618
944,575,0.1485660401699235
100,159,0.14856587420316758
20,663,0.14855592117667188
1064,1181,0.14854929736728262
944,862,0.14854129279779568
295,381,0.14854057718240848
919,19,0.1485394333402311
20,133,0.1485389852647173
986,578,0.14853292598239923
421,358,0.1485316545586068
351,327,0.1485278639348908
944,1191,0.14851445918000575
9,202,0.14851255318485723
64,861,0.148496183487216
716,176,0.14848887716022313
351,1061,0.14848773727381506
64,1187,0.1484867173685595
356,1124,0.14847740635829715
986,817,0.14847669738907085
351,25,0.14847141105622993
356,136,0.14846080044507623
769,317,0.14845783517194
351,349,0.14845639023473722
1064,619,0.14844419453142071
944,902,0.14844342903684202
9,702,0.14843577470191593
9,1102,0.1484229643103743
351,602,0.14841424734481504
804,1029,0.1484105231571923
421,656,0.14840430408795838
100,1202,0.14840297458033175
1162,852,0.14839934073195066
20,770,0.14839518438441077
944,951,0.14837846543737548
843,962,0.14837278802809634
355,229,0.14837065447478873
944,673,0.14836618905360455
421,746,0.14836574148171167
295,1123,0.1483573280911426
944,896,0.14835237770542445
692,1165,0.1483523255393878
944,123,0.1483420517211982
351,772,0.14833772209144017
351,285,0.14831707251975615
778,1029,0.14831678766331366
295,759,0.14828670310509562
986,499,0.14828153168037614
986,1000,0.14827413989665209
716,1190,0.14827254878378465
355,1129,0.14827032615640887
2,990,0.14825946709989493
1006,317,0.1482575303770213
769,980,0.14825329792178188
1162,566,0.14822993109096202
1006,134,0.14822912339823902
716,794,0.14822686462112214
716,1197,0.1482265924133194
1006,464,0.14822479853521695
64,638,0.14821972985200174
356,1111,0.14821869095182702
2,210,0.1482161964662528
843,265,0.1482128124148129
2,818,0.1482109811696811
1162,297,0.14819822011736153
356,229,0.14819782946304846
295,901,0.14819609932719832
944,858,0.1481955521050969
1006,1108,0.14819013226037844
295,853,0.1481815480090336
778,1031,0.14817999127784617
2,1092,0.14817081312157068
356,1014,0.14816100084783354
20,768,0.14815804447367317
20,704,0.14815515805997506
356,849,0.1481529233437996
421,1113,0.14814490937753189
144,406,0.14813049640725764
351,81,0.14812970333392744
1162,1019,0.14812774502921314
1006,635,0.14812640019257955
64,28,0.1481170834180999
421,529,0.14811578648916743
716,954,0.14810903132404193
9,167,0.14810638309747795
295,395,0.14810624384528503
64,547,0.14810521437141774
716,876,0.1481032295798671
716,132,0.14810206803450218
1006,846,0.14810188885777095
20,658,0.14810132556561625
20,271,0.14809581057833926
64,425,0.14808549351812786
421,980,0.14808009616983436
1162,957,0.14807654852777588
356,251,0.14806604226086012
716,74,0.1480649041760191
1162,827,0.14805435602568967
9,219,0.14805271434114317
1006,1045,0.14805271384851576
769,194,0.1480491756312357
944,543,0.14804519724041465
944,980,0.1480324653402621
716,696,0.14802242060686413
843,182,0.14801977077754588
421,1031,0.1480159797116702
986,816,0.14801152746838508
20,251,0.14800738127857743
356,623,0.1480057282126787
804,527,0.14800557646636034
1162,1084,0.1479924791443993
769,846,0.14799077192940255
1006,672,0.14798884395303638
20,725,0.14798802890783594
355,645,0.14798694673306154
843,663,0.14798330767517412
9,1059,0.1479732507551484
20,1155,0.14797039359298206
840,948,0.14795530723887243
2,599,0.14794864458855753
356,893,0.14794445868543252
356,1175,0.14793891498488604
64,483,0.14792888191263476
100,420,0.14792476604556318
944,548,0.14791941731901323
355,925,0.1479160672183291
778,834,0.14791199591308687
2,131,0.1479091939519283
351,917,0.14790838611113694
769,691,0.1479077593716687
986,635,0.1478935700046253
1006,853,0.14788998492319508
2,601,0.14788997929060185
355,98,0.14788806916871283
769,838,0.14787077557632503
351,144,0.14786751197985684
146,72,0.1478671046892083
1006,627,0.14786460379254318
716,363,0.1478625127276535
1006,422,0.14785886727576564
355,923,0.14784204393869702
355,1059,0.14783598444739401
986,1157,0.14783561166181125
355,269,0.1478351330108644
716,560,0.1478347874655289
944,409,0.147833398860018
356,851,0.14781761429275247
769,993,0.1478126877948237
64,1075,0.14781116842981817
778,1179,0.14780676156879996
986,54,0.14780261028713348
1162,121,0.1478008080535153
356,862,0.14779723774047465
716,1088,0.14779583313233582
716,30,0.1477895807699001
351,535,0.14778934131610164
944,608,0.14778685920980159
421,425,0.1477850765615699
295,913,0.14778310510608586
64,827,0.14777986362722462
716,126,0.1477737284801069
351,819,0.14777155944742554
295,13,0.14777066063077213
351,400,0.14776963031930906
716,762,0.14776956346206022
692,242,0.14776925171718436
64,165,0.14775578149044102
421,694,0.14775429919067493
356,312,0.1477520963099096
692,677,0.14774978815820217
1162,383,0.14773829701634067
944,471,0.14773664447338627
919,741,0.1477238675620757
986,1085,0.14771839627964192
421,1127,0.14771382523084314
843,249,0.1477120937428872
716,1086,0.1477037286697294
986,1037,0.14770237695374114
1162,208,0.1477017578780198
20,907,0.14770005724304805
769,862,0.14769578169825726
716,16,0.14768847731225085
1006,534,0.14767350265179469
2,571,0.14766929594601116
919,285,0.14766829627551342
716,312,0.14766550932670083
944,1069,0.14766325261001437
716,36,0.14766154236292708
2,576,0.1476566050352425
64,406,0.14765656823966594
692,747,0.14764731206352533
1006,89,0.14762651204993446
64,1190,0.14762503366641114
716,200,0.1476224364622322
421,967,0.14761465096233756
295,876,0.14760677824703208
100,484,0.1476037393688304
421,721,0.14760314195361635
20,181,0.1476012688176619
778,1143,0.14759471565966234
986,161,0.1475864615911609
1006,810,0.14758111679321276
351,816,0.1475705788668887
1006,503,0.14755592012072621
944,500,0.14755474089076695
20,111,0.14755154479886778
778,960,0.14754927186483474
1006,1138,0.147541003538763
20,1121,0.1475387030329703
351,486,0.14753864885944135
356,51,0.14753756849395033
20,1107,0.14753623854643785
2,1014,0.1475338418268475
944,561,0.14753235144180238
2,369,0.1475220084034863
355,1190,0.14750753526491872
9,630,0.14749791637020748
351,1011,0.14749570016886318
100,926,0.1474912240087629
64,1052,0.1474853718060482
20,745,0.14748381382352463
100,367,0.14748366992156964
421,623,0.147468540295573
356,996,0.14746056190206835
355,317,0.14746038038952314
355,694,0.14745828042619852
944,347,0.1474568256244189
9,824,0.14743400021634973
1006,921,0.14743144169485217
2,209,0.14743081153618845
351,102,0.14743020657717185
692,913,0.1474258753342867
769,788,0.14742040387471247
351,428,0.14741786072915264
356,516,0.14741143817281385
986,704,0.1474109510860006
716,871,0.1474045910401472
9,1183,0.1474013544688059
421,829,0.14739867696780998
944,428,0.14737749736596273
146,293,0.14737584121166308
355,1074,0.14737564815126014
351,1009,0.14734894478494487
944,456,0.14734875327320804
804,753,0.14733502922088954
20,683,0.1473189898313981
944,1122,0.14731878967403306
1006,1067,0.14731875827651622
1006,231,0.14731874481341287
355,902,0.14731752226010383
64,720,0.1473172190090119
356,939,0.14730885553917872
64,133,0.14730344938034046
20,1133,0.1472976533373206
421,89,0.14728667321715339
944,595,0.1472812207907397
843,829,0.14727958677010936
100,1123,0.14727739202502058
351,614,0.14727665528105344
356,593,0.14727664614551952
986,667,0.14727300004333863
295,401,0.14727299435335547
421,650,0.1472724834343255
356,586,0.14727230068977404
355,1199,0.14727040154839105
804,331,0.1472689178014589
716,538,0.14726806471665554
716,173,0.14726209395353287
421,52,0.14725795336627848
2,704,0.14724646832799937
716,1062,0.14724587020311444
1006,643,0.14724374733816775
64,797,0.14723703030629265
919,387,0.14723527895134292
716,379,0.1472344805749048
778,684,0.1472335370049103
962,974,0.14723204970248663
100,922,0.14722955113137132
944,447,0.14722884965004124
843,306,0.1472274571425989
840,575,0.14722539967429707
769,1024,0.1472188497831032
716,1013,0.14721757336681643
919,185,0.14721290517521418
804,1176,0.14719809631265934
769,1199,0.147197416210027
421,260,0.1471969671936386
356,578,0.1471941323661467
769,6,0.14718642564262271
843,913,0.14718295833984144
295,559,0.1471740184282967
716,491,0.14717387914801972
1162,277,0.1471719726654803
20,989,0.14716673676035172
100,1009,0.1471634668023182
20,201,0.1471601444692994
64,1048,0.1471600544742325
355,179,0.14715916713679336
9,1144,0.14715547373778404
986,339,0.1471524002447199
716,54,0.14714744181853187
769,347,0.1471371111499132
351,557,0.14712707434151479
1006,482,0.14712234735829394
351,180,0.1471213410838042
2,52,0.14711881381060646
64,862,0.14711293861567232
351,981,0.14711239414919122
64,1124,0.1471117978734074
986,914,0.1471089452951502
1006,525,0.14710319232350136
355,406,0.14709160007306687
769,48,0.14708439600152784
769,952,0.14708181188313296
295,1134,0.1470754085256422
100,467,0.14707400224829692
64,786,0.14707201373488107
769,361,0.14706632266621758
356,1045,0.14705679647554706
295,270,0.14705080760431752
355,986,0.147041703394067
716,705,0.14703777142747373
944,722,0.14703086295809928
692,701,0.147025463860904
351,211,0.14702109217171966
295,1153,0.14701927572571996
944,181,0.14701257160203499
986,752,0.14698996105064419
716,1075,0.14698390061203803
769,770,0.1469812227837149
421,114,0.14697921520671192
944,853,0.14696887643197964
421,492,0.14696758231511867
100,402,0.1469673251444789
2,385,0.1469647039541171
100,210,0.14696227833387362
421,1165,0.14696161149585438
1162,63,0.14696115867305137
716,154,0.14695996665199323
9,1113,0.14694930124006358
986,140,0.14694284149380363
1162,402,0.14694161668015027
355,1159,0.1469411478024408
2,942,0.14694091639007234
2,284,0.1469384207716951
1006,951,0.14693294992499567
716,376,0.14692651446036775
919,695,0.14692130078981816
356,488,0.146920058225781
804,492,0.14691619881667187
9,386,0.14691390607932525
986,1020,0.146889392466956
351,1001,0.14688927833805412
716,1015,0.14688830002488326
1064,1092,0.14688256583776768
295,1135,0.14687924445390244
804,251,0.14687780550368745
716,1052,0.1468754930268266
1064,1149,0.14685425697885543
100,63,0.14685094049568553
421,236,0.14684572378349725
9,495,0.14684321131356962
944,519,0.14682066575602717
986,521,0.14681299332248707
356,436,0.1468039687602081
355,163,0.14680275009453933
356,549,0.1467995670334577
351,201,0.14679761181002082
919,48,0.14679751581969636
421,69,0.14678588429291486
1162,815,0.1467841812406927
986,952,0.14678353420062631
20,432,0.1467805911343226
421,990,0.14677325621398457
716,405,0.1467582388044901
944,582,0.14675411371607255
356,732,0.14674402038085113
944,695,0.14673820149166436
295,247,0.1467364703918707
351,824,0.1467279112858508
421,876,0.14672245502539707
769,1178,0.1467217789458027
20,1194,0.14671859421327765
986,230,0.14671854022489345
986,1148,0.14671721006383312
2,217,0.14670747111420596
20,656,0.1466878294574497
1006,1176,0.14668295884760058
986,1080,0.1466752634614234
692,737,0.14667353981409034
716,255,0.14665153012833654
20,972,0.1466508663249073
962,1134,0.14664804340494383
295,113,0.1466430450995516
64,87,0.14663954740880222
356,746,0.14663771789420657
692,1129,0.14662874465647557
64,1014,0.14662736542351254
944,976,0.14662723069923642
2,586,0.14662011945403372
356,113,0.14661570025221493
1006,1020,0.1466128646567067
295,685,0.1466086247969971
356,458,0.14659003991408567
9,1132,0.14658625982055862
356,946,0.14658130807106293
2,1001,0.1465745944690267
9,1004,0.14657406750526003
9,557,0.14657161240808775
9,763,0.1465608312338998
1162,1101,0.14655863572548647
716,752,0.1465429057549386
355,151,0.1465359315548169
986,1023,0.14652777699879918
64,990,0.14652439455442465
804,644,0.14651706166175313
356,999,0.14651609787025419
840,37,0.14649539991645902
778,1010,0.1464867629608606
716,542,0.14648549798129773
986,900,0.14648320313937108
1006,166,0.14647071513175197
295,245,0.14646884799809753
351,33,0.1464619792217926
9,575,0.14645791972877917
64,1040,0.14644634881311017
769,927,0.14643628355242413
20,1163,0.1464307469735823
716,423,0.1464231406180864
1162,33,0.1464225167565242
843,573,0.1464217454854109
421,572,0.14641214506556285
778,638,0.14640542066169143
355,464,0.14640532589308047
944,845,0.1464045845083637
351,476,0.14640196016811594
64,906,0.14640083198953918
716,1030,0.14639568559558436
1162,689,0.14639365058979667
769,865,0.14639228950657301
919,419,0.14638707725530176
421,1148,0.14637513509051397
351,624,0.14636365557521666
295,125,0.1463624214470768
9,893,0.14636130534621172
356,417,0.1463497867990598
356,89,0.14634540813836572
64,596,0.14634440466814927
1006,553,0.1463367878964573
20,747,0.14633438516985728
944,390,0.1463268125900859
944,345,0.14632585598092626
20,430,0.14632508463056157
944,975,0.14632330186532078
1006,411,0.14632301940769804
351,332,0.14632245823222378
778,929,0.14632224995608012
778,600,0.1463155556186031
769,110,0.14631407719801404
944,939,0.14631379925089147
1162,326,0.14631355155725417
769,843,0.146306625784512
1162,42,0.14630358529993717
355,878,0.1463026467906547
986,908,0.1462969263486363
295,858,0.14627748189059375
962,34,0.1462726202444329
1162,257,0.14626837860812203
944,1055,0.14626787679395956
716,1145,0.1462615726573085
421,1023,0.14625689017487564
2,309,0.1462549829411773
355,1191,0.1462431321493058
1064,644,0.1462406140281816
944,691,0.14623084654843432
355,361,0.14622787810913204
1006,834,0.14621987266575204
944,735,0.14621496333957776
64,565,0.14621495771825752
1162,1119,0.14620722965479663
944,367,0.14619919687419364
9,216,0.14619583047614718
295,1049,0.14619464767496002
716,769,0.14618747007921673
295,449,0.1461820426072355
356,69,0.1461817502542802
356,845,0.1461801434497635
2,577,0.1461773993809992
716,274,0.14617259997485466
64,1081,0.14617080814685415
716,790,0.1461632204375177
64,794,0.14615838924736219
1162,296,0.1461573874700152
64,877,0.14615134586035974
944,721,0.14614258759340212
986,200,0.14613536374996136
944,1026,0.14613116981495472
1162,355,0.14612645876337643
840,441,0.14609582505360977
778,738,0.1460953790779684
2,197,0.14609370770901703
1006,386,0.14609354492497606
1064,568,0.14609296463705168
351,1016,0.14609110801722436
944,733,0.1460837662293529
986,258,0.14607773938501656
295,214,0.1460774960973788
944,425,0.14606430719359703
64,1087,0.146059661738801
351,9,0.14605357559199045
295,178,0.14604951812740652
421,447,0.14604937074323052
1162,285,0.14602909123682695
351,550,0.14602753155185902
2,610,0.1460245096415115
716,900,0.14602323111383264
356,128,0.14602061181308518
986,242,0.1460195317065113
1162,354,0.14601682709912447
9,826,0.1460121798143758
1006,302,0.14599965263058118
64,25,0.14599312870754377
778,463,0.14598544160086663
944,239,0.14597873631918382
986,564,0.14596867978046268
20,499,0.14596549480274595
351,14,0.14595785599632236
421,705,0.145954972813301
986,1111,0.14595289075397908
1006,467,0.14594178787310055
295,177,0.14594153367637008
355,1165,0.14594149122059616
840,394,0.1459378676329832
919,1068,0.14593776468537814
351,1000,0.14593750636637473
2,641,0.14593412861049299
1006,1096,0.1459324380140285
20,266,0.14592934116087639
1006,1168,0.14592668145395332
351,937,0.1459205464772426
295,233,0.14591642915572556
9,1185,0.14591020736993057
351,601,0.14590688464844626
1162,1173,0.14590117879702505
351,492,0.1458922014582771
919,2,0.14588734895109806
355,401,0.14588375225085953
986,445,0.14587010551810592
944,62,0.14587000124664432
421,932,0.14586713768992
1162,989,0.14586380766698492
64,759,0.1458605362517873
944,35,0.1458572216401047
919,417,0.1458549114624402
716,1061,0.1458500152725219
184,649,0.14584848919548682
769,675,0.14583537339381167
843,965,0.14583390309183566
2,1007,0.14582544199207098
769,402,0.14582286838890066
986,1016,0.14581806724012933
351,1173,0.14581730127629144
840,200,0.1458145758251967
919,656,0.14581265252279965
20,493,0.14579883516908715
421,486,0.1457973413445909
351,431,0.14579102319783485
100,604,0.14578275475400626
295,1142,0.14577840302800307
20,502,0.14577551980818693
1006,775,0.14577369598068063
351,1180,0.14577079308201768
778,649,0.14576859927281696
804,38,0.1457643439052357
1162,963,0.14576019623532202
356,1067,0.1457596867607655
100,411,0.14575627256694304
251,267,0.14575304792552232
1162,870,0.1457478922665728
1143,485,0.14574139886058596
421,206,0.14573303392743636
356,88,0.14573255167252627
9,1199,0.14572890425700635
20,315,0.14571533584627785
351,208,0.14571329230388483
986,1101,0.14570413740022634
944,1126,0.14570170718973685
9,375,0.14570134515127875
778,249,0.1456981690679011
919,1178,0.1456844573364512
716,57,0.1456835379395817
804,1037,0.1456804052376512
9,332,0.14567414914390026
421,798,0.14567004698659747
355,281,0.14566784116930098
692,916,0.14566394993113257
577,82,0.14565147399026426
355,129,0.14564168013642426
64,587,0.14563570352440827
1006,1106,0.14563210915461644
919,11,0.14562739981799153
1064,829,0.14562178706374218
919,50,0.14562074373106187
1006,51,0.1456088656193633
1162,432,0.1456039480028752
356,258,0.14560272519568365
986,77,0.1455951165924977
1064,755,0.14559293134061224
356,477,0.14558548350347805
146,437,0.1455847590343839
421,77,0.14557578516999656
64,1065,0.145573596943396
1006,1019,0.14556735280805283
1162,1126,0.14556597512052102
351,101,0.1455599204786199
944,893,0.14555858440376748
356,402,0.14555716889461692
9,906,0.14555681508356455
100,170,0.1455535295215677
840,1197,0.14555083329062185
356,957,0.14554951851543954
1064,939,0.1455422275663764
944,310,0.14553719108529095
421,595,0.1455255516781527
919,660,0.14551922636149428
944,417,0.1455135080378748
2,1075,0.1455059773183224
2,774,0.1455059705811983
295,59,0.14550208652317612
20,990,0.1455006896159643
944,526,0.1454875706490513
1162,506,0.14548736533879275
1162,646,0.14547329543338752
351,145,0.1454656853836808
351,447,0.14545965599512012
716,721,0.1454569309208104
986,843,0.14545592042962804
355,529,0.1454554337323748
351,318,0.14545452436403866
716,117,0.14544979553821905
1162,295,0.14544807333302687
716,843,0.14544730323915
944,1100,0.14544634518030458
2,1133,0.14544348244450084
843,185,0.1454422806848203
769,146,0.1454396304308715
9,972,0.1454241062062554
295,1140,0.14542399331506775
716,646,0.14542124259090963
9,477,0.1454210362042667
356,1074,0.1454187243084166
716,1092,0.14541749796880765
64,934,0.1454150708686291
840,217,0.14541065305286388
1162,996,0.14540841004591398
64,486,0.1454051119699142
716,579,0.14540363904332235
1064,108,0.14539904632149317
64,281,0.1453943218590733
944,1007,0.1453923141635318
1162,733,0.14539034377194254
356,693,0.1453857568744589
712,176,0.1453827682293691
295,925,0.1453799243193746
919,271,0.14537651649525904
840,184,0.14537473717936286
100,468,0.14537169798225094
716,73,0.14537076357627865
20,1063,0.14536987092838355
716,1121,0.14536691189128229
1162,154,0.14536016800789675
778,662,0.14535924439731981
778,843,0.14535852496680124
1162,878,0.14535804446379608
962,138,0.14534710594832848
295,43,0.1453465172149692
1162,405,0.1453442892468663
2,703,0.14534268415185855
20,563,0.145342583387781
20,165,0.14534160692461118
64,784,0.1453369278751867
355,274,0.14533689234918581
944,138,0.1453344770785024
64,160,0.1453311053104053
295,471,0.14532866147518297
9,397,0.14532861031758418
1006,1038,0.14530985309304484
9,730,0.14530808934024686
1162,1039,0.14530254989961508
962,966,0.14528889143228807
20,786,0.1452847954323664
1162,641,0.14528233877970917
778,696,0.14527098740810204
20,498,0.145270860045037
351,1048,0.14527047920091657
1162,347,0.1452685652126544
944,227,0.1452600087112136
986,688,0.145244795783486
944,68,0.1452388937123766
295,643,0.1452361865729992
421,445,0.14523599337828863
64,1089,0.14523099331555697
692,1106,0.1452249370710005
20,132,0.14521794746101852
1006,628,0.14520332677405548
20,168,0.14518801435643422
1006,737,0.14518656934615334
100,595,0.14517820125623834
944,694,0.1451779153620628
295,472,0.14517536851774882
2,535,0.14517172113782967
20,1118,0.14515789630707263
944,389,0.1451528211895866
295,119,0.14514569391911736
356,737,0.14514182937330203
1006,531,0.14513463928977133
986,531,0.145131413438332
919,613,0.14512171403491647
986,88,0.1451178727211605
100,259,0.14511548588608755
295,780,0.14510951564893054
421,926,0.14510149746531975
1064,703,0.14510052890954117
9,418,0.14509833762624583
355,618,0.14509597713298475
1006,109,0.14509201723835197
9,620,0.14508434677831264
986,444,0.1450746475926924
944,457,0.1450712344443834
351,333,0.14506972838092758
919,73,0.14506288434672693
20,162,0.14505974638976574
64,99,0.1450552032791998
1162,1203,0.14504732371515816
351,238,0.14504511869463907
355,909,0.14503382656291142
295,27,0.1450320484596056
1006,905,0.14501146056803663
64,489,0.14501014578459115
716,576,0.14500824995889453
2,1142,0.14500686161895657
716,493,0.1450027180539456
2,928,0.14500161448330273
356,201,0.14499225470580981
20,0,0.14498248193843546
351,964,0.14498247008931853
769,645,0.14497213738434406
351,898,0.14496600099455226
351,1203,0.14496126314242253
351,627,0.14496122755213206
1162,998,0.1449584279058377
986,1122,0.14495038877098584
944,716,0.14494620995241045
295,33,0.14494620638462466
716,913,0.14494527701318569
716,307,0.14494211130245147
351,784,0.14492312560768314
64,104,0.14491924440152984
184,1114,0.14491757084349197
295,758,0.14491716951198189
295,316,0.14491437826295087
9,1159,0.14491025333152036
20,94,0.14490486979977502
64,5,0.144903727823668
1006,447,0.1449014142950952
716,1137,0.1448965893608188
295,927,0.14489591886221334
184,962,0.14489220122301616
778,741,0.14489071860773875
356,1100,0.1448818413652657
1006,872,0.14488001778352919
295,856,0.14487888419534548
843,414,0.14487089068842307
356,468,0.1448675044162648
692,332,0.14485133000056918
944,696,0.1448445480277857
1006,489,0.1448409909512631
1006,1153,0.14483867657143454
919,272,0.14483286982732113
20,651,0.1448302972226645
716,586,0.1448254496864454
351,418,0.14482499675771435
144,1101,0.14482185036267262
100,696,0.14481830293146106
1162,802,0.14480716891914516
64,989,0.14480095617950026
295,937,0.14479989418059888
716,7,0.14479951645571595
769,78,0.14479917340088302
716,599,0.14479889304594698
1006,813,0.14479365566457103
20,310,0.1447924041415681
2,855,0.14479020507252563
146,114,0.14478987147964734
716,147,0.14478922753018306
64,162,0.14478711919766574
944,1081,0.14478626601680877
2,1136,0.14478192334237008
351,599,0.144781472937902
421,766,0.14478126213054557
356,786,0.14477960435127213
64,1136,0.14477919595401909
577,746,0.14477732973867136
769,67,0.14477482432727595
351,655,0.14476359466457997
2,827,0.14475320484981205
716,284,0.1447434760408751
1162,413,0.14474197372964673
351,266,0.14473276116847186
944,979,0.14472729586773023
1162,1184,0.14472463495251572
20,384,0.1447220008323757
804,668,0.14472199934544652
778,525,0.14472155775208453
986,431,0.14472140320863333
769,689,0.1447182833332469
919,913,0.14471646020261086
20,542,0.14471540076755926
351,441,0.14471380232884462
986,993,0.14471218643505807
944,645,0.14471217133968078
421,359,0.14470557739072307
1064,571,0.14470201476840938
351,796,0.1446999807841425
356,1085,0.14469991313913805
64,1063,0.14469910052525897
100,425,0.14469833567830276
1064,176,0.14469755011756366
64,199,0.14469364853710745
692,954,0.14469013223889146
20,965,0.14469000532239623
64,439,0.14468780941411433
295,1074,0.14468587602399963
20,70,0.14468076429374901
295,772,0.1446742810608225
100,521,0.14467392206792057
804,205,0.14467039320280534
944,522,0.1446693495356142
20,696,0.14466833067354978
9,125,0.1446678772136052
20,368,0.14465732331825998
421,185,0.14465712016550983
64,325,0.14465403909432256
20,34,0.1446522153230044
944,356,0.1446498979989268
295,212,0.1446461342209976
769,165,0.14464095625593468
20,1009,0.14464014350816864
944,671,0.144638282399297
1162,255,0.14463048334275438
2,266,0.1446299470602853
64,901,0.14462910870998746
716,563,0.14461670754722566
355,538,0.14461317445041744
100,1061,0.14459806853071872
351,608,0.1445938175130967
2,752,0.1445830400888131
64,23,0.14457580482576962
2,87,0.14457539362569402
986,561,0.14457303274768046
804,293,0.14457051883312583
1162,801,0.14457008939650015
778,1192,0.1445660220105186
421,993,0.14455659469337268
100,970,0.14455390247994454
355,914,0.14455081816548382
986,296,0.1445506764906924
962,977,0.14455027140783303
64,219,0.14453336768516958
1006,100,0.1445309510792389
351,1039,0.1445245219973754
944,379,0.1445185070604755
64,614,0.14451301908861872
1064,804,0.14451215234282433
1006,318,0.14451096066770144
355,969,0.14449808567657862
20,259,0.14449291589962912
944,148,0.14449018330408905
1006,1141,0.1444857057823349
356,500,0.14448064325408444
1162,889,0.1444775922754456
100,180,0.14446793516163234
986,990,0.14446393546874817
295,577,0.1444594848146603
64,726,0.14445465505418054
9,774,0.1444533391838757
100,54,0.14444603667964648
351,7,0.14444130427126525
295,700,0.14444089463619697
184,1190,0.14442596688703938
962,500,0.14441829304710627
944,2,0.14440639430547206
351,1107,0.14440011445919843
919,908,0.1443917536727343
351,245,0.14439068337599043
944,617,0.14438966929768882
146,984,0.14437911770918918
9,443,0.14437770031115163
2,643,0.14437350242570204
295,673,0.14436608137996773
919,649,0.14436570857057876
146,236,0.14435553371900994
778,812,0.14435413327768226
20,937,0.14435306725902186
64,652,0.14434800010868912
1006,1149,0.14434775807407876
421,165,0.14434610724841948
944,816,0.14434553884417675
64,1009,0.14433434100772854
944,887,0.14433324709762618
64,440,0.14432559907072462
356,66,0.14432266670118585
944,891,0.14431629204474106
351,700,0.14431545539993057
100,526,0.14431333056803577
1162,891,0.14431272435056536
64,589,0.1443041713184061
2,225,0.1442957252471727
962,504,0.1442910652210749
769,71,0.14428794774018538
64,948,0.14426793281386344
1006,982,0.1442477657459567
20,604,0.1442469428020492
20,13,0.14424508565152505
2,22,0.1442336552019981
716,559,0.14422951264557657
944,228,0.1442239884714429
944,220,0.1442195573791567
64,502,0.14421369879168972
1064,1085,0.14421311926662242
716,140,0.14421213008310071
295,335,0.1442013175231084
295,957,0.14419933011416808
716,134,0.14419655306044762
64,392,0.1441965107966192
840,353,0.14419419308594325
2,287,0.14417570931473422
351,319,0.14417530787388425
295,14,0.14417099167773118
295,423,0.1441707060660412
944,970,0.14416775441633806
769,36,0.1441601337162264
295,1162,0.14415793746655825
769,45,0.14415396319101262
64,241,0.14414834022438122
962,659,0.1441478148888712
20,1045,0.1441474931402462
1064,144,0.14414645446805932
20,682,0.14414118109441812
1006,494,0.1441398816086299
944,496,0.14413041312244126
351,17,0.14412967851856362
1162,416,0.14412337405254733
64,823,0.14412214170204776
9,873,0.1441218769773755
351,733,0.14412101546719833
1162,1041,0.14411691135526453
692,451,0.14411595895517604
9,279,0.14410214273757366
20,105,0.1440989156620655
9,544,0.14409734053024068
716,500,0.14409259419240883
20,728,0.14408887496984063
351,773,0.14408220766178867
356,782,0.1440815600254359
64,1037,0.1440797500715271
351,1178,0.14407641364954463
351,616,0.14407307411064166
1006,1137,0.14407116310950793
962,783,0.14407051387399603
355,950,0.14406487484771072
1006,278,0.14405987037566792
716,984,0.14405419235132969
295,238,0.1440535971907412
100,676,0.1440501605546009
295,181,0.14404099772891577
20,106,0.14403829611882893
1006,606,0.14403534285063926
20,387,0.14403461864822148
1162,922,0.14403389922647064
769,1176,0.14403327562129234
9,27,0.14403199871643177
1162,542,0.14402954813604102
2,938,0.14402371251725574
944,1020,0.14402348591392364
295,1048,0.14401823172084194
840,330,0.14401651788571035
355,442,0.1440107522070955
692,371,0.14400897912765814
1064,941,0.1440070987542368
356,142,0.14400657401465186
804,141,0.14400545550631186
944,441,0.1440012287848256
1006,1103,0.1439964106418751
1162,99,0.14399548517624133
944,577,0.14398947802564524
1064,558,0.14398434476389144
716,1065,0.14397852456784022
2,335,0.1439770056238901
356,539,0.14397670198753504
351,165,0.14397292419053037
9,578,0.14396442039561355
355,1168,0.14395508734867807
716,864,0.14395086144176888
1006,192,0.1439460183071648
778,357,0.1439441704802803
716,172,0.14393848801780054
64,501,0.14393837526617898
64,239,0.143934416555239
716,296,0.14393354645757983
1006,549,0.1439292125904607
1162,319,0.14392584631094166
769,73,0.1439240328226329
64,484,0.14390514826195977
351,471,0.14390344136367583
843,932,0.14390043092115265
769,133,0.14389967655897912
2,319,0.14389650059152942
986,575,0.14389289141059708
295,618,0.1438919349497442
146,1202,0.1438828465547146
2,401,0.14387615115434518
2,173,0.14387040294351913
986,436,0.14387011769985555
64,1174,0.1438663924070326
351,656,0.14386172762932795
1006,816,0.14386089680840541
2,265,0.14385464848876528
9,721,0.14385115874597093
944,313,0.14384996675414044
64,1184,0.14384870408160103
986,1022,0.1438480402777964
1006,595,0.1438383637081397
9,186,0.14383595238527877
20,594,0.14382704166951582
1162,1016,0.1438095877319693
2,617,0.14380468750679742
421,1080,0.14380069134105458
986,70,0.14379347902820463
778,932,0.14379171534984908
716,917,0.14379079703701628
944,354,0.1437805270776752
769,1075,0.14377782834541972
295,166,0.14376695556892655
1006,1190,0.14376629181136452
769,140,0.1437490243280595
64,343,0.14374850671021605
840,643,0.1437483377062184
421,1134,0.1437448983740111
804,134,0.14374217658061433
356,705,0.14374200723794917
769,17,0.14372885875985417
351,398,0.1437256936344192
64,713,0.1437243530146951
356,204,0.1437221911721086
2,837,0.14371574349243138
1162,780,0.14371376075141512
295,57,0.14371351990736964
421,465,0.14371001245430826
146,184,0.1437075610735791
840,1175,0.14370656094843498
295,1155,0.143705687023724
692,184,0.14370272872935916
9,810,0.14370020893645497
64,775,0.14369193187860207
295,1145,0.14368873567172824
64,629,0.14368794599978754
944,778,0.143687716281714
769,419,0.14368754136747272
64,618,0.14368566558426998
295,107,0.14368444366326225
919,59,0.1436759212583606
2,422,0.14366830385810644
351,901,0.1436667693829432
2,49,0.14365407157536264
2,1012,0.14364342539136357
146,681,0.1436414218208058
986,100,0.1436384714078474
778,360,0.14363694257443316
986,794,0.14363283617773875
64,353,0.14363212518510513
64,326,0.14362206561204305
769,468,0.14361063464137658
986,114,0.14360738378107857
355,185,0.14360687134830186
64,943,0.1436030789970116
1162,1175,0.14360301913283438
944,67,0.14360152166044926
20,943,0.14360025615551059
355,271,0.14359543136912686
351,360,0.14359464115065457
769,337,0.1435848078553675
1064,932,0.14358356277851025
100,80,0.14357491840917133
944,690,0.14357234424485465
1006,620,0.14357060384238002
716,825,0.14356818846137984
716,642,0.14356791585171177
716,602,0.14356552227928218
1162,1093,0.14356371676597157
716,899,0.14355965746240779
1006,618,0.1435592387390962
986,718,0.1435591211930587
20,397,0.14355907064829354
716,225,0.14355589765501883
9,67,0.14355234876301545
100,128,0.14354645508432912
355,851,0.14354127979736742
919,746,0.14353917124176338
421,989,0.14352661073213124
778,10,0.1435261456169979
944,996,0.14352358898267775
351,20,0.1435207632138264
769,484,0.14351145445752164
716,792,0.1435110350282077
20,1101,0.14351089309150228
716,170,0.1435093572739143
295,1121,0.14350256161501515
778,170,0.14350192645954404
716,996,0.14350074533757728
351,426,0.1435002947218043
2,976,0.14350021954668346
351,13,0.14349981830147743
184,221,0.143499090756829
986,1153,0.14349099422606582
944,387,0.1434898237095438
716,288,0.14348531411239962
184,1163,0.1434848623127898
100,956,0.14347236488684686
716,632,0.14346250577917233
1006,516,0.14346076664592225
716,377,0.14345473694059208
1162,406,0.14345458305838685
356,68,0.14345088044852752
20,1116,0.14344392785921645
769,1027,0.14344303622808655
356,825,0.14343840784673662
355,1189,0.1434381544825053
356,1117,0.14343732462567993
64,293,0.1434348382748433
986,74,0.1434281138828846
2,1085,0.1434278814531525
1006,527,0.1434274212425063
1162,160,0.14342403121344566
919,160,0.1434189387700074
2,85,0.14341591383302527
778,140,0.14340747231525944
986,182,0.14339730923018232
64,86,0.14339252578994285
64,549,0.14339164613474778
944,965,0.1433846346154433
146,591,0.1433838512823917
1006,132,0.14338224275810177
944,177,0.14338037843591736
1162,1081,0.14337976139429462
804,635,0.14336996701057303
716,457,0.14336159080929362
944,506,0.14335240675705613
20,389,0.1433521311352147
184,820,0.1433511741818569
944,1110,0.14334817412329284
356,354,0.14334779792298852
944,1104,0.14334558508526002
64,1122,0.1433444530721859
2,36,0.1433439985663341
716,115,0.14334289329892821
144,51,0.14334195164183972
716,1101,0.14333909174092355
986,121,0.14333634161435052
716,916,0.14333628400708237
20,838,0.14333606646844185
9,734,0.14333140763420288
716,384,0.1433295319095932
351,1044,0.14332844445317547
356,810,0.14331352393911864
1006,1000,0.14331093245923487
944,516,0.143306497350077
100,1043,0.14329833500316294
1162,311,0.14329825465165824
295,603,0.1432979417482211
778,343,0.1432804336822351
356,271,0.1432782960961054
295,847,0.14327705219181314
1162,1197,0.14327676251029758
919,1023,0.14327668015173467
356,1162,0.14327396412309992
944,186,0.14327321259405143
944,926,0.1432711612723539
295,521,0.14326841121129658
1064,897,0.143261421933213
295,349,0.14326012803518492
351,745,0.14325663176048498
986,955,0.14325075639648463
64,616,0.1432305918552242
64,655,0.14322843850003597
9,684,0.14322619449398885
769,1135,0.1432184451815453
804,736,0.1432142280693231
2,713,0.14320434284169356
20,286,0.1432005883729681
64,954,0.14319838824813966
944,836,0.14319831284250645
9,757,0.1431938256187986
20,601,0.1431838215846704
716,756,0.1431808822756444
20,653,0.14317698827999667
1006,424,0.1431735775968489
919,358,0.1431668262327738
843,939,0.143163386891931
20,78,0.14315993745871203
716,100,0.14315378917128924
1162,269,0.14315322979566014
351,1138,0.1431454614968143
2,390,0.1431421967963622
2,981,0.14314167028630737
1162,118,0.14313744568415743
351,584,0.14313428320269425
355,775,0.1431313094707563
9,373,0.14313035803967525
843,774,0.14312627459583374
64,446,0.14312531139908233
1162,367,0.14312349814139128
1162,1040,0.14312330990812816
355,549,0.14311879303852834
64,826,0.14311864262470056
20,849,0.1431181267962618
986,823,0.14311619686573543
295,1126,0.14311492711931945
2,910,0.14311459589009423
1162,534,0.14311230777490724
1162,389,0.14310924085563323
778,793,0.14310898092075053
919,228,0.14310843030440631
716,400,0.14310732514320476
769,705,0.1431068521899589
2,864,0.14310382125246013
20,4,0.14310072107547275
716,266,0.14309365482442207
9,198,0.1430866740315558
944,1065,0.14308472300778982
716,4,0.14308220833441687
944,713,0.1430786666714849
919,52,0.1430717306504912
9,428,0.1430644066911345
1162,308,0.1430625487745148
716,629,0.14306251344694085
944,192,0.14306045286313673
100,1117,0.14305943014119704
1064,989,0.14305707734339523
20,693,0.14305654358628853
20,190,0.1430563373979679
944,185,0.14305292418816598
1162,622,0.1430518508517565
64,498,0.1430516420132915
2,1081,0.14305123290387542
1162,1193,0.14302780566997553
778,671,0.1430270687673329
295,817,0.1430235870616952
351,721,0.1430145262497982
843,701,0.14300732520481435
1162,1200,0.14300338368299179
716,853,0.1429988797058298
295,201,0.1429984117029313
356,379,0.14299434484992443
1162,908,0.14298911554106086
356,450,0.14298766835998586
1006,1199,0.14298408283573621
778,1036,0.14298109495490685
778,1202,0.14297950134157486
769,929,0.14296246476689478
944,1058,0.14296103438632596
986,389,0.14296050126774779
64,46,0.14295383563570277
2,368,0.14295285022579207
355,290,0.14294529879461637
64,957,0.14294491762561912
944,28,0.1429421338838871
919,1105,0.1429222808325357
769,522,0.1429183456727759
716,958,0.14291347478198632
295,1068,0.14291147168307208
843,764,0.14291012256372007
986,479,0.14290205042211793
64,671,0.14289607400540105
421,161,0.1428949559872322
769,948,0.14289308439154996
919,62,0.14288889962889717
804,221,0.14288648330143008
351,393,0.1428847132953441
716,185,0.14288342485957742
9,1125,0.1428800031199459
1006,944,0.14287895094881928
351,951,0.14287604362432382
944,954,0.14286827750591616
351,363,0.14286660654747155
986,895,0.1428558769112263
295,565,0.14284301766747773
1162,544,0.14283807486061942
421,54,0.1428344782238476
843,373,0.1428306030156175
356,1092,0.1428245719459973
355,93,0.14281705862305558
1064,680,0.1428146140368326
769,451,0.14281230994301122
2,1175,0.14279589044598437
2,630,0.1427906343204733
1006,254,0.14278920637748907
1006,496,0.14278673934541758
716,849,0.14278531178721815
9,927,0.14277902310060403
9,692,0.14277760568936806
919,431,0.1427746990508238
1162,555,0.14277368637672014
1162,447,0.14276312094343624
64,516,0.14276153370603428
356,480,0.1427604999117935
356,963,0.14275464065083374
716,850,0.14275454136890514
2,66,0.14275070221762162
356,702,0.14274876426721558
295,1152,0.14274784569810434
716,572,0.14274740902935984
295,289,0.14273994521374606
295,1184,0.1427393325271649
64,837,0.14272850674571927
20,941,0.1427278408900329
2,559,0.14272511667738672
355,954,0.1427234260161495
351,273,0.1427129572360507
9,1142,0.14271144767002744
1006,492,0.14269738890499947
1162,611,0.1426925456774594
295,143,0.14269239101318187
944,1159,0.14268392471961097
919,133,0.14268216325634311
716,577,0.14267970802295796
716,1106,0.14267701149924522
295,51,0.14267677441775461
843,640,0.14267291917008226
944,623,0.14266582738793623
20,226,0.14265254909372904
421,655,0.14264939958606904
351,409,0.1426454932259627
356,316,0.14264269772801955
421,673,0.14263866945484385
2,900,0.1426349857779652
1162,239,0.14262833842566805
944,1163,0.14262598089916956
351,157,0.14262544439282238
1006,485,0.14262467906385426
351,947,0.14262169805637934
840,962,0.14261879350687073
944,991,0.1426158659831717
1064,1143,0.1426128764169709
2,874,0.14261016681633895
295,775,0.14260844535716016
356,922,0.14260769399118592
2,96,0.14260147879407106
944,229,0.14259670657677956
184,1175,0.14259132233838376
1162,690,0.14258503743880055
986,1003,0.14258101461825728
100,433,0.14258093423021145
351,1127,0.14257636525431333
944,828,0.1425689142479683
1006,713,0.14256470749646097
2,402,0.14256447129341207
692,165,0.14256349991530487
1162,251,0.14255683399595784
421,1197,0.14255205595160708
1162,453,0.14254779556091915
840,67,0.14254744430164693
9,997,0.14254587492824977
716,907,0.14254513427052168
986,446,0.14253167978130946
295,1190,0.14252913856257313
2,950,0.14252398497945512
355,28,0.14252291731852104
804,288,0.14252060643292652
355,948,0.1425147434004016
716,412,0.14251282296690085
769,982,0.14251201989889187
986,926,0.14250941054286495
1162,604,0.14250684181904713
9,1191,0.1425065766074096
20,14,0.1425005252797136
64,727,0.14249543724717345
1162,564,0.14249162580987623
295,948,0.14248883240736013
944,1137,0.14248702074024325
1064,16,0.14248682815526278
692,524,0.14248441703895504
9,147,0.1424822597989094
356,303,0.14247879493886145
64,712,0.14247123048767468
9,37,0.1424643877492762
843,1087,0.14246374354800712
778,724,0.14246372438784
1162,917,0.1424459765373556
64,54,0.14244572270542866
716,737,0.14243644582708828
778,865,0.14242901015346748
184,1093,0.14241487297582156
944,259,0.14241309948343236
778,306,0.14241275759142175
356,145,0.14240149425638943
1162,98,0.14239798901465903
421,951,0.14239444786425876
944,834,0.14239318520243266
919,1126,0.14238672799288354
944,801,0.14238505319571493
919,369,0.1423789309879413
20,448,0.142376144044522
986,36,0.14237379916004012
356,1197,0.1423645319668379
1006,573,0.14235988347899323
64,228,0.14235967885965184
1064,387,0.14235868305105712
804,192,0.14235058455241398
20,918,0.14234929771757218
355,910,0.14233884609947253
944,1034,0.14232899372276112
944,1061,0.1423270132336031
1006,230,0.14232344807534933
421,36,0.14232094232194456
64,1021,0.14231665910472235
64,145,0.14231612084111742
351,975,0.14231489186126853
2,934,0.14231308065606288
295,827,0.14230893387773386
295,800,0.14230820912981337
356,775,0.14230486590114239
962,37,0.14230450486717344
1162,226,0.14230369505764767
1162,930,0.1422957648767028
769,703,0.14229173976365936
1162,612,0.14228974640384132
9,818,0.1422819715399179
351,653,0.14227191444769316
1006,747,0.1422717956296435
9,528,0.14227178861539472
2,246,0.1422715716151292
769,40,0.14226607878468836
944,1162,0.14226109831681846
2,1074,0.1422498883467342
351,326,0.1422494872415576
944,990,0.14224695599254458
692,411,0.1422422271594415
944,44,0.14224089391372188
2,890,0.14223438841722905
1006,144,0.14223346070703705
356,446,0.1422304537633599
20,1124,0.14222773928414792
100,819,0.14222254749280655
986,717,0.14221767181112516
716,402,0.1422165752919006
692,843,0.1422141580140408
1162,630,0.14220736172429566
1162,400,0.1422060251394345
356,994,0.14220155854179894
20,230,0.1421998131667834
351,59,0.14218685004852522
944,1044,0.14218506387183527
355,1063,0.1421841374937918
944,686,0.14217395598457117
295,62,0.1421719558055272
9,294,0.14216828746081425
692,915,0.1421638827905185
716,422,0.14215923166217034
1162,491,0.1421585184559179
295,1060,0.14215739450578865
716,304,0.1421545369812961
2,443,0.14215405626958233
64,708,0.1421539487437663
355,1179,0.1421524383040621
20,993,0.14215027734480765
351,446,0.14214765504600627
1064,705,0.14214611972202754
1162,664,0.14213933492834874
944,299,0.14212550627619924
944,113,0.14212043986356387
944,426,0.14211860667614176
778,886,0.14211723942575824
100,673,0.142115025116736
944,416,0.14211350264188635
2,1203,0.14211186882000085
716,953,0.14210112271332567
100,1178,0.14209537480410886
2,1073,0.14209441762678113
692,450,0.14208818339418366
421,365,0.142087601452815
421,6,0.14208652363239624
1162,931,0.142081701766116
1162,502,0.14207747445652438
355,591,0.14207659207726403
2,773,0.14207403049182696
356,990,0.14207061576685284
295,265,0.14206833562594873
356,1062,0.14206369601841087
295,86,0.14206320335313025
1006,49,0.14206118145669414
20,548,0.14205565004547782
351,893,0.14203433782087596
355,337,0.14202589084741668
100,531,0.14202436543934754
1162,554,0.14202147358914893
944,373,0.14201780150410442
356,406,0.14201496714463463
1006,827,0.14201177245186547
919,411,0.1420096654935151
1162,260,0.14200568053542972
100,45,0.14200091266250484
64,100,0.1419988548038393
986,33,0.14199790203729795
1064,871,0.14198066819763278
716,993,0.14197666809713586
20,862,0.1419724928241074
944,1010,0.14196854958181782
944,573,0.14196225201342255
1064,529,0.14195792811893174
64,1141,0.14195566289684136
986,1202,0.14195120643397824
351,739,0.1419444021810862
295,94,0.1419424870972946
295,745,0.14193966175739214
421,437,0.1419377385448071
1162,182,0.14192949260265497
356,1026,0.14192846389359318
1162,769,0.14192716727743782
100,1148,0.14192335889424668
716,38,0.1419193459093689
2,1049,0.14191304529070572
64,813,0.14191177038363342
295,656,0.14190986846450904
356,817,0.14190728430972532
355,312,0.14189088401470076
355,54,0.1418892597468451
9,864,0.14188841533439353
144,467,0.14188513174572473
64,1194,0.14188502299874536
1162,520,0.1418808306883415
986,115,0.14186174822511205
1006,193,0.14186049383852914
146,1074,0.1418581478264882
20,306,0.14185667182922942
944,832,0.14185098066169388
692,767,0.1418436709334575
295,419,0.1418363231361808
1162,417,0.14183377790860394
1006,153,0.1418317320153155
1006,187,0.14182909435662802
295,191,0.14182309358940587
355,983,0.14181910851669144
20,629,0.14181534285258648
20,1113,0.1418124115641992
1006,366,0.14181000867968258
944,682,0.14180965296517212
356,1202,0.14180818253183627
1162,368,0.14180687267719969
356,684,0.14179487676283528
2,798,0.14179291082165618
919,176,0.14178997078292882
716,367,0.14178833275046718
692,663,0.14178516719181458
351,834,0.14178104842359956
986,361,0.14178074936527366
9,316,0.14177770946351373
778,18,0.14177389544118182
2,913,0.14176315211691543
9,842,0.14175558994398774
715,334,0.14175109365546928
351,335,0.14174693183353146
919,933,0.14174451164769092
356,318,0.14173970754948545
1162,916,0.14173522404312394
716,519,0.1417333883541135
2,98,0.14173269366388305
351,343,0.14173033093939102
100,584,0.14173024205141813
351,858,0.14173001828824608
100,359,0.14172368008255357
9,962,0.14172269120894243
356,175,0.14171783478603747
1006,77,0.1417177146034785
295,117,0.14171461942344402
351,417,0.1417142953513929
769,1019,0.14171315425895187
356,885,0.14170651442398763
356,62,0.14169487419248833
295,144,0.14169473261100887
944,1113,0.1416943404831266
2,83,0.14168536897000936
355,951,0.14168463025974937
351,89,0.14167291065961243
355,736,0.14167246570964726
295,246,0.14166811922582598
184,893,0.14166492241563622
356,1196,0.1416594798180849
986,710,0.1416594382510568
295,1150,0.14165300476414355
9,1110,0.14165003749000926
295,520,0.14164427876868602
356,484,0.1416405596485345
804,956,0.14163570585369945
919,267,0.1416309273544918
692,679,0.14162695120758953
778,726,0.14162475919908554
20,984,0.14161635157442765
716,98,0.1416139692537549
712,10,0.1416132678386792
716,935,0.14161296852057356
769,446,0.14159780811242179
351,1095,0.14159411293240703
100,900,0.1415919533743804
1064,736,0.14158948950696135
9,797,0.14158425520116175
986,1073,0.14158422339954072
20,833,0.1415737656673041
1064,820,0.14157013507662397
944,1025,0.14156445817240126
351,629,0.14156264708447333
20,101,0.1415624733917281
295,1061,0.14156032030803561
356,53,0.1415577460303963
716,679,0.14154768311941018
944,911,0.14154699160720297
356,659,0.14154483299774473
716,279,0.14154311077576087
1162,947,0.14153268149150497
769,527,0.1415316800976537
1006,919,0.14152773693168305
351,1159,0.14151975125441657
1064,213,0.14151796226535276
64,266,0.1415024678685924
355,425,0.141486936975745
295,688,0.14147630726757604
769,228,0.14145912559988413
2,679,0.14145494219742746
944,287,0.1414548976053761
944,929,0.14145107925993608
9,460,0.1414425494680422
986,371,0.14144254293621142
962,761,0.14143769240807344
944,560,0.14143742881528631
944,704,0.14143557344462776
421,57,0.14142581488443465
351,6,0.14141713713339424
184,1141,0.14141581117947993
1006,115,0.1414095607974118
295,549,0.14140707576102354
1006,1088,0.14140662665451187
944,117,0.1414008497760514
2,957,0.14139929852759595
20,258,0.14139316093968038
962,575,0.14138830755677576
716,884,0.14138824666047942
20,477,0.14138438238408432
421,773,0.14138395372098939
351,885,0.14137484848165097
351,991,0.14137167899015105
2,449,0.14137124543927776
692,897,0.1413710925162174
351,258,0.14135931458773127
1064,642,0.14135556435659563
2,688,0.14134784586360236
2,128,0.14134639376283484
1162,345,0.1413430768143421
716,668,0.1413379268851117
716,778,0.1413351332890494
769,62,0.14132844369359185
919,793,0.14132418905169797
9,1181,0.1413218485858118
351,1014,0.14132111252236657
20,613,0.1413181625985556
64,109,0.14130497468995476
295,843,0.14130238296715017
804,761,0.14129539307009184
716,280,0.1412874377745567
64,1038,0.1412869229781722
100,831,0.14128103749709486
64,835,0.14128087902320438
843,895,0.1412777267728754
944,189,0.1412760452582788
295,647,0.14127433975173714
9,676,0.1412741622868604
944,348,0.14127364483959676
769,670,0.14127295030048692
716,726,0.14127199062331905
778,138,0.1412689563507549
20,6,0.1412669928918322
64,277,0.14126310573752665
9,394,0.1412510674801948
778,1111,0.14124417820889737
356,1061,0.1412379266426575
804,640,0.14123224459548528
919,451,0.14123141220483554
778,1125,0.1412310927161933
769,389,0.14123029290939493
184,176,0.14122971332104767
843,3,0.14122902378465127
769,276,0.1412267114602715
64,55,0.14122238975661616
843,798,0.1412204965984806
295,410,0.14122023474226433
20,503,0.14121694522633046
1162,338,0.1412156765424344
295,1041,0.14121134839606292
351,735,0.14121019946188457
9,830,0.14120776564046245
716,618,0.14120606589230084
295,210,0.1412056876646448
944,640,0.14119638704532
919,990,0.14119596917063465
716,814,0.1411944443694776
1162,705,0.14118766015340262
2,1132,0.14117383032026204
351,1156,0.14116550299623662
1162,536,0.14115735270245044
351,53,0.14115530122191686
716,112,0.14115252682423687
295,90,0.14114840303218834
716,223,0.1411400372093085
295,296,0.14113928184314709
20,1158,0.14113599274305594
944,317,0.14113505750797842
295,1199,0.14112982086355072
944,211,0.14112706464157992
64,598,0.14111569348277958
146,761,0.14110877838574715
100,891,0.14110758806268783
944,549,0.1411061249294924
421,1074,0.14109917377388909
1064,1176,0.141094905237682
716,656,0.14109081769316167
1064,275,0.1410878173709535
1064,778,0.1410831456249633
9,980,0.14108231907105537
716,1028,0.14107166793886997
295,1106,0.141070875547263
64,98,0.14106890236713224
804,983,0.14106516942332867
716,258,0.1410558751545174
295,249,0.14105556804674807
9,1001,0.14105505444591115
295,133,0.14105299011867628
778,371,0.1410452972829696
64,782,0.14104442304599177
20,931,0.14104426199044595
769,528,0.14102536312540007
144,559,0.14102284302506066
1162,104,0.14102136255363465
2,700,0.14101918338729935
804,832,0.14101811438152467
843,983,0.14101649450333487
20,451,0.1410128655508468
146,134,0.14100912322871195
20,773,0.14100630933486788
9,509,0.14099450306256417
20,98,0.14098763546371118
2,803,0.14098657450438598
1162,588,0.14098410123708285
1162,252,0.1409809537579924
146,1062,0.14098015416701803
100,682,0.14097626574485664
20,1074,0.1409717328847383
716,107,0.14096454659493768
356,797,0.14096060785070247
1064,972,0.140959882207482
356,1155,0.14095192574288157
295,556,0.14094811801026635
944,709,0.14094361883926498
716,1006,0.1409395440293613
20,51,0.14093922739656853
295,217,0.14093590210821375
986,884,0.14093481398251248
919,168,0.14093176231044288
421,943,0.14092387240745186
356,744,0.1409194455427661
356,1143,0.14090813559183546
986,928,0.14089058340562194
295,425,0.14088641937070853
919,410,0.140872168566888
1006,460,0.1408686317100087
986,1182,0.1408624370976567
769,906,0.14085983123129125
986,671,0.14085189785040977
2,501,0.14085006113648796
986,1203,0.14083134460746938
64,191,0.14083123620047444
944,813,0.14083063759730494
20,506,0.14082938120447214
944,230,0.14082706328777195
1162,900,0.14082371128685062
2,1177,0.1408231272099977
1162,933,0.1408189677205044
919,815,0.1408186491812185
962,356,0.14081638762202628
1064,370,0.14081240438140388
692,508,0.14080311688130295
351,155,0.14080033030533606
421,449,0.1407980403005555
64,593,0.14079615708442766
778,264,0.14079369796199429
64,744,0.1407913836673231
1064,274,0.14078702361950712
356,631,0.14078698479255852
1162,976,0.1407811561813451
356,328,0.14077894083261863
986,872,0.14077802450583882
295,878,0.1407699243331792
421,720,0.14076414271862916
1162,304,0.14074915179253397
716,1163,0.1407490629815537
20,480,0.1407485644367355
421,1174,0.14074531001236967
20,486,0.14074226975470838
1162,1047,0.1407414056156832
804,1009,0.14073762251742558
919,270,0.1407366921171082
1006,984,0.14073274546958556
1162,276,0.1407253264633783
1006,927,0.14071376990686227
1162,670,0.14071313040169547
986,610,0.14070445043413726
2,295,0.1407029589992775
986,713,0.140699861653812
944,1075,0.14069172906770125
944,402,0.1406915105890278
919,15,0.14068437626802008
716,1054,0.14068411466479297
2,144,0.14068187870525892
64,1032,0.14068167694874384
2,979,0.14068167561705533
351,859,0.14068006972930033
421,897,0.14067719118134198
986,851,0.14067656669021206
716,177,0.14066939177983667
421,580,0.14066539953741417
769,1074,0.1406651392050369
716,219,0.14066161740577426
919,527,0.14065981719167464
64,261,0.14065957164860482
716,910,0.14065460106727307
2,853,0.14064584554292664
9,738,0.14063583162469548
778,623,0.1406329526979373
421,331,0.1406294868161055
64,303,0.14062259430028795
1162,265,0.1406104058549124
944,446,0.14060526641213317
716,1182,0.14059922532070773
100,405,0.14059915448997443
986,557,0.14059913982381167
778,1076,0.1405954403785473
295,1113,0.14059340907368384
1162,569,0.14058973108639364
1006,718,0.14058313276108256
64,586,0.14058284081362057
64,676,0.14057687417904563
986,1127,0.1405755113348423
356,710,0.14057437899155983
840,161,0.14057237118487853
986,1145,0.14057131400830009
1064,926,0.14056637912220013
144,317,0.14056570358259068
1006,246,0.1405650295784627
716,678,0.14056368468819
421,130,0.14055475354561447
1064,99,0.1405480639308945
64,1191,0.14053749382293415
778,902,0.14053618564154288
64,768,0.14053396065781998
716,1068,0.14052940384767354
356,193,0.14051908944174862
769,783,0.14051886767954946
20,142,0.14051851709740126
20,1027,0.14051706350337675
295,774,0.14051594716418347
20,842,0.14051489198376954
2,127,0.14051389666172495
295,1045,0.14051256961060088
769,322,0.14051230196662265
421,180,0.1405032112079429
1006,133,0.1405028645162221
1006,712,0.14049699608984995
986,554,0.14049688752253828
421,862,0.14049246860741038
843,448,0.14049039665231716
986,544,0.14048966821245304
146,738,0.1404813757112192
1006,659,0.14048131731220437
64,550,0.14048130652300336
351,281,0.14047887678097404
1006,139,0.14047719594649075
144,677,0.14047323031007053
356,40,0.1404679352935185
944,738,0.14046703648536502
1064,612,0.14046465750257403
1006,210,0.14046401901392924
356,241,0.14044958419313983
944,804,0.14044655050972923
64,855,0.14044629714956686
715,681,0.14044592804885236
20,572,0.1404442531024516
100,66,0.14042527300786473
2,1050,0.1404073538808349
251,926,0.14040212181715409
944,888,0.1403958629460987
919,575,0.1403921533039016
20,560,0.14038598848038
9,760,0.1403836810303562
355,626,0.14037639189254505
716,128,0.14037179805426642
944,894,0.14036753700086466
20,1195,0.1403637223951257
20,600,0.14036185918637442
986,451,0.14035927354985
716,1141,0.14035797831168842
2,89,0.14035677072100053
692,909,0.1403545154613995
986,653,0.14035289495589076
692,465,0.14034831190446975
804,669,0.14032809219448647
351,679,0.14032662928541445
356,294,0.1403207883947759
1006,983,0.14032077263317852
840,418,0.1403143435648135
9,570,0.14031400094309876
716,44,0.14031157610998457
769,371,0.14031089861525564
1006,451,0.14030997519631594
64,10,0.14030865685248048
9,1163,0.14030325674066277
2,686,0.14029708803058952
986,1005,0.1402963651179658
1064,109,0.14029604451452024
100,753,0.14029497535299734
351,618,0.14029115865477057
351,429,0.14028562587207002
9,1145,0.14028382042473206
351,142,0.14028288809823058
986,69,0.14027989202031999
20,1016,0.1402732017958377
944,182,0.14027272208274671
20,628,0.14026597045476744
919,276,0.14026309454360966
295,824,0.1402630177098136
295,578,0.14026022047742917
64,1047,0.14025740394457836
64,627,0.14025592382922014
295,332,0.140255591563391
919,943,0.14025546469869962
716,56,0.14024864566733608
769,52,0.14024617163027797
9,672,0.14024587770907088
944,130,0.14024547954913238
778,701,0.14024211524066663
64,11,0.14023981688766074
944,461,0.14023689195258188
843,1064,0.14022678860368493
962,1,0.140225365429342
2,943,0.1402250545455383
919,1158,0.14022127284058536
944,102,0.1402189449621213
2,41,0.14021275874548328
356,322,0.14021157557405198
64,44,0.14020794063740638
20,177,0.14020523084536995
351,821,0.14020016975854768
20,895,0.1401977680563576
356,388,0.14019711637794616
351,644,0.14019509512579983
9,298,0.14018278543307192
944,368,0.14017792042081456
769,696,0.14017619397754671
20,245,0.14017521045177692
64,944,0.14017278696908306
64,772,0.14016458057556513
1162,446,0.14016050151847906
9,1118,0.14015692976788427
716,58,0.14015598468218926
944,397,0.14015343030384989
351,140,0.140152220004128
9,124,0.14015184351046736
351,677,0.14014924776603974
356,192,0.14014297640183698
1162,433,0.14014230142693848
9,178,0.1401407114367687
356,149,0.1401404137023262
2,886,0.140135508380847
20,1084,0.14012981709592656
716,667,0.14012703116583855
1064,623,0.1401177221508763
64,662,0.14011367020701465
778,334,0.14011311757340025
1162,1174,0.1401108460389234
1162,1120,0.14010745408214892
716,449,0.14010660783044665
1162,1121,0.14010581529551094
769,599,0.14010444971338218
804,954,0.1401040568226857
944,558,0.14009458161927738
2,165,0.1400842691450281
2,922,0.14008176385758533
20,1183,0.14007296008423017
944,972,0.14007025983306665
944,1134,0.14005368785511385
100,23,0.1400509853886356
778,611,0.14004113038687585
1006,373,0.14004095104584624
146,494,0.14004093894375066
356,14,0.14004044294821238
1006,436,0.14003492111164373
64,657,0.14002891230196537
919,36,0.1400184606959484
64,254,0.14001564538972214
351,1148,0.14001213141187888
2,229,0.14000660794888056
295,773,0.1400042940367684
421,900,0.14000146095248195
1064,908,0.13999584258927822
20,417,0.13999387817945239
2,710,0.13999069710315676
919,379,0.1399842838491611
843,1197,0.13998212219327316
20,872,0.139974605123225
295,49,0.13997290929501058
843,357,0.13997114642777167
1064,935,0.13996910146031552
295,482,0.13995724833712997
351,1155,0.13995640174626647
843,855,0.13995517039937422
295,720,0.13995250383726815
100,623,0.13994965669480303
64,626,0.13994919299741082
1162,105,0.13994848762006076
1162,242,0.13994527899198386
1006,1085,0.13994234219587548
769,145,0.1399408916637536
2,608,0.13993877060690796
20,316,0.1399383462052747
351,927,0.13993630673787555
1162,876,0.13993502769342642
9,365,0.13993409973874923
919,1096,0.13993244043114425
944,884,0.13992883624350239
295,608,0.1399248996156307
355,1009,0.1399227730571965
20,741,0.13991859969298764
716,1135,0.13991339352984974
295,614,0.13991152086213543
919,780,0.13989861632532594
944,501,0.13989704474477557
2,1027,0.1398947946783989
9,1091,0.1398936876808124
944,312,0.1398898696563829
769,1085,0.1398819199331716
9,978,0.1398747782143435
146,298,0.13987406127067248
356,815,0.13987246805394415
64,1111,0.13987049349727865
919,790,0.13986317505528403
295,701,0.13985774321258357
919,245,0.13985322847313197
1064,739,0.1398501408631468
716,535,0.13984997149196404
355,717,0.13984612001619073
9,261,0.13984085300171767
64,520,0.13982842376293947
2,62,0.13982080269623456
986,622,0.1398167683965073
355,181,0.1398150893926309
716,31,0.1397976102928192
716,354,0.13979483389895714
2,423,0.13978720897486355
356,112,0.13977701344605212
769,688,0.1397740196553594
769,192,0.13977305927803152
716,410,0.13977142421120686
356,711,0.13976456929927836
1006,728,0.13976085695647286
64,887,0.1397599020496055
1006,45,0.13975954035461477
295,516,0.13975002293126787
351,35,0.13974979553340985
295,1108,0.139749268265444
1162,167,0.13974560023525778
351,695,0.13973616342635692
2,1096,0.1397348908146168
716,547,0.13973401386050915
2,160,0.13973095456139756
919,414,0.13971972813989786
295,437,0.13971967854182915
295,1043,0.139719294011588
2,135,0.13971491003726888
356,976,0.1397080158886675
356,1103,0.13970607454151998
20,896,0.13970532973941133
351,892,0.13970181644005775
769,586,0.139694284293694
843,1029,0.1396939512895306
1064,62,0.13969219880919528
986,700,0.1396919754327371
64,81,0.13969093255919482
840,691,0.13969006863720965
1162,776,0.13968538690981497
919,41,0.1396830756384203
351,484,0.13968100943693704
944,525,0.139676969193089
769,498,0.13967145179005164
919,668,0.13966707061534672
1162,192,0.13966243033476644
1162,1112,0.1396617027860347
919,356,0.1396546374502525
2,889,0.13965237522144724
769,668,0.13963721397129067
986,1051,0.13962803489186992
356,788,0.1396223083633115
295,789,0.1396079224422924
716,1019,0.1395947018960197
712,663,0.13959056039878653
20,997,0.1395849185313552
2,302,0.13958455405318954
9,1046,0.13958098719423773
2,82,0.13958026801199444
351,1146,0.13957809265915652
64,606,0.13957735288330936
20,375,0.13957721849433627
716,419,0.13957035439571314
1162,61,0.13956809153797733
9,351,0.13955591406482226
355,1192,0.13955183754851655
1162,178,0.13954988272195332
355,737,0.139549503644558
20,131,0.13954638275271508
421,679,0.139545612711834
9,77,0.13954434244735456
1162,1117,0.13954029134543047
1064,212,0.13953857018900157
355,6,0.1395369439773456
944,48,0.13953104084315335
692,133,0.1395255431133234
2,367,0.13952338811647821
9,977,0.13952162451825337
716,1186,0.1395187898596925
1006,1125,0.13950865551751704
355,416,0.13950612768693155
295,294,0.13949909117600828
9,653,0.13948806901378588
692,1068,0.13948462240707646
1006,941,0.1394813370043653
20,47,0.13947712969744147
778,1026,0.13947650623722394
986,656,0.13947327000950688
2,880,0.13947108283973064
64,683,0.13946780145114404
2,375,0.13946694688929473
295,365,0.13946615042331792
716,11,0.13946599294198775
716,1147,0.13946528180812268
692,1000,0.13946415316685615
1006,972,0.1394539178609705
1162,468,0.13944914790544455
421,317,0.13944879063644322
778,281,0.13944760221917923
1064,1080,0.13944729494403518
919,406,0.1394420876133944
692,700,0.13943940477760128
64,485,0.1394365863198226
944,675,0.13942165917335017
356,366,0.13942154040042087
1064,491,0.13940939590568835
295,683,0.13940906470243566
100,644,0.1394079878410909
986,580,0.13940345459887515
355,1117,0.13939972477573026
944,1009,0.1393975761863114
421,1163,0.13939638656834719
356,451,0.13939392141198845
64,1126,0.1393862075056816
919,1135,0.1393806926656852
944,366,0.13938012200124256
144,836,0.1393761830958168
1162,230,0.13937544246529565
944,245,0.13937187753116026
295,458,0.13936953589514037
919,623,0.13936821829080995
769,18,0.13936213610339207
1162,85,0.13935932999881465
64,182,0.13935439093690874
944,110,0.1393522043405929
2,278,0.13935203720759667
64,49,0.13934073208760087
64,13,0.13933229941924175
1162,862,0.13933073179962516
64,402,0.13931841390018812
716,139,0.13931767726022254
1162,737,0.13930852978296426
919,1173,0.13930722390786848
2,620,0.13930693785071713
421,760,0.13930682651344165
919,249,0.13930269964626463
356,246,0.13930163632286838
843,1043,0.13930042843623394
2,90,0.13929863940872117
778,332,0.1392969659232609
692,336,0.1392945810999709
64,571,0.13929429101814816
1064,923,0.13929195801088803
355,433,0.13928316906638766
1006,577,0.1392823399050224
716,67,0.13927805129897458
769,900,0.13927372762239465
769,618,0.1392737058172123
716,697,0.13927133565911656
778,145,0.13927040750837627
9,643,0.13926928877084874
1064,329,0.1392687801700904
1162,282,0.13926763745015341
1064,373,0.13926731967592182
9,265,0.13926461070170798
20,33,0.13925652598575802
20,843,0.1392563661136995
2,683,0.13925279344175248
1162,421,0.1392450465275755
100,1168,0.13924280864798777
351,1065,0.1392417890515546
100,853,0.13923597453115724
356,348,0.1392345109220227
1006,902,0.13923367368437817
351,259,0.1392326088573885
716,95,0.13923221585907566
64,668,0.13923089262401775
944,1099,0.1392297097616776
986,911,0.13922773484652598
9,119,0.13922355382275473
716,187,0.13921983897088014
421,910,0.13921945467069377
1006,993,0.13921145564184878
295,1111,0.13921123639136812
295,1047,0.13920996132175698
351,320,0.13920906600580482
769,674,0.13920639861020354
64,499,0.1392059856469463
20,390,0.13920516330025678
356,937,0.13920307886869293
1143,712,0.13920087721973431
778,317,0.13920026359084314
356,491,0.1391984448232138
944,1089,0.13919243064462217
716,798,0.1391858266500717
716,562,0.13918400006748827
295,376,0.13917641859560026
1162,334,0.13917498517620555
100,983,0.13916850575241846
919,664,0.13916701057822115
716,181,0.1391638318459104
716,760,0.13915533119732654
356,1121,0.13915106882454076
20,126,0.1391503060650394
716,617,0.13914891556229791
716,145,0.13914536301342206
351,298,0.13913396873880332
1006,394,0.13912834785741046
804,811,0.13912764610985281
295,989,0.13912440251777672
2,81,0.1391227339308579
20,242,0.13911949155125058
716,966,0.13911680634872092
9,337,0.13910945432671346
20,1012,0.1391064329616031
100,153,0.13908892650623467
356,1147,0.13908528665311787
9,461,0.13908324966701105
716,447,0.13907812558240207
356,410,0.13907801059059757
144,943,0.1390756837692045
1162,127,0.1390706132593714
356,573,0.13907037413399206
355,894,0.13906930688542746
944,1149,0.139060792465564
919,641,0.13905844796696168
919,1045,0.13905720575993868
2,64,0.13905515801941842
184,1176,0.1390473915319717
769,805,0.13904432520819152
356,647,0.13904298201666435
295,329,0.13903813055285769
692,745,0.139032962161892
2,120,0.13902942605154892
421,73,0.1390233834400311
1064,845,0.1390159840414283
986,855,0.13901260073400232
100,767,0.1390102437324362
295,1080,0.13900761849398932
1006,558,0.13900733691374187
986,1193,0.13900453310882854
184,793,0.13899898177004932
351,831,0.1389949136932235
1162,524,0.13899259770002606
295,935,0.13899139789425247
944,144,0.13898797828843704
944,1153,0.13898607894511164
1006,768,0.138977959005376
716,960,0.13896884499563353
421,1175,0.138965658061241
769,912,0.13896411670414022
351,439,0.13896405219936406
295,127,0.13896181194335772
356,416,0.13895253021143827
944,466,0.13895082738363934
769,853,0.13894901472181193
919,674,0.13894339271567477
355,1108,0.13893909745845054
716,1105,0.13893829486799278
2,472,0.1389304819470482
20,485,0.1389303166706711
716,687,0.13892872041621285
351,876,0.13892799599665503
64,604,0.1389117134427588
355,499,0.1389113186269135
919,361,0.13890408050364236
1162,342,0.1389010644382246
2,1197,0.13889647729529278
356,948,0.13889443357302525
295,917,0.13889249628475253
986,1076,0.13888981664869482
1162,783,0.13888761934931085
716,1123,0.13888451359348744
1006,414,0.13887988536337856
804,230,0.13887121326197432
9,195,0.138870702560822
1064,965,0.13887038593595516
2,531,0.13886940616674773
295,648,0.1388592141878429
778,275,0.13885428967325505
716,240,0.13885323235816047
1162,871,0.1388499691644558
1162,1136,0.13884024764565825
356,934,0.13883773678757402
2,596,0.1388364837611402
351,241,0.1388361737833063
1064,630,0.13883305597342468
769,794,0.13883284098501067
184,832,0.13883079773037624
351,830,0.13882966752000261
20,959,0.13882739723854806
1162,291,0.1388209744265444
1006,1134,0.13881907981172475
9,152,0.13881760815296687
64,939,0.13881674727211096
351,899,0.13881607711953867
351,775,0.13880976993676772
295,570,0.13880583410023462
944,266,0.13879285497175772
20,980,0.13879040072782886
64,902,0.13878934519780659
716,815,0.13878611709688507
295,479,0.13878391498064663
2,1058,0.13878365004949417
1162,303,0.13878185629600087
712,966,0.1387761217130503
1064,207,0.13876638606243089
351,934,0.13876465044527458
295,836,0.13876285078485504
1162,831,0.1387617311368123
356,470,0.13876119937257306
356,1153,0.13875921951489126
716,548,0.1387565652156789
716,406,0.13875473446784276
2,14,0.13875352902281224
351,173,0.13874995575389212
355,144,0.13874561570352736
20,217,0.1387427290908908
356,967,0.13873812231088145
9,210,0.1387352783358548
20,782,0.1387351955034766
64,368,0.13873464853870993
840,98,0.13873062748631595
986,1040,0.13872582935083388
804,438,0.13871674648057802
355,62,0.13871276248868075
1162,480,0.13871240070400287
1162,404,0.13871096024972843
9,981,0.13871020641607798
295,704,0.13870372987971585
986,829,0.13870332159649285
986,164,0.1386998100507048
944,931,0.1386950791404419
944,579,0.13869294484210037
20,711,0.13868258831327676
1162,469,0.13868097778687682
944,1117,0.13867976870057525
100,933,0.13867291675261126
716,1039,0.13866881790667449
100,839,0.1386687290237532
295,130,0.13865357022503894
100,239,0.13864817004871163
20,1157,0.13864738775275884
962,727,0.13864678613122547
1162,51,0.13863456188648518
1006,170,0.13863277947512193
295,595,0.13863092813000866
986,703,0.13863024062340035
919,181,0.13862154995508097
100,862,0.13862052277866466
356,583,0.13862028999383688
356,745,0.13861876187551528
986,1117,0.1386145421027671
919,712,0.138612158370457
944,793,0.13861161252015142
295,953,0.1386080746976021
840,812,0.13860264433518515
20,933,0.13860183275802068
295,503,0.13859517948133507
944,1156,0.13858961551332794
1162,739,0.13858897380631993
944,128,0.138585219801734
64,811,0.13858499924201634
421,278,0.13858432638217044
769,678,0.13858418446350157
1006,303,0.13857425428655307
919,1153,0.13857158199301253
1064,181,0.1385684597082877
2,280,0.13856798305240312
944,934,0.1385668443265309
778,384,0.13856588766493963
20,571,0.13856587106850132
778,267,0.13856392096744277
986,90,0.13856190064208102
356,43,0.13855558096746365
351,529,0.13855298417664721
712,337,0.13855000261469763
295,414,0.13854883515468602
295,25,0.13854856160011075
64,150,0.1385400236819057
20,270,0.13853938143360456
295,1052,0.13853888269477885
2,498,0.13852666091486587
9,510,0.1385197042473373
986,535,0.13851945468256546
351,767,0.1385190649545724
421,601,0.1385185432429019
944,829,0.1385164229011454
716,35,0.13850835376433132
351,105,0.13850701642623678
421,228,0.13850658407722025
64,821,0.1385048189971001
356,619,0.1385045675675877
804,571,0.138503187662597
986,1014,0.1385024645265801
944,792,0.13850231616443026
9,671,0.13850012096683467
9,385,0.13849781049565113
355,334,0.13849275081831108
351,57,0.13849064006830986
712,479,0.13849021825606117
64,107,0.1384890072049743
20,363,0.13848415261317226
1006,361,0.13848216292035165
144,102,0.13848172993667573
1006,589,0.1384814219871639
2,1180,0.13848133382287084
295,1127,0.13847910749182848
1064,1202,0.13847212231534392
356,131,0.13846889965194437
20,876,0.13846763837159964
2,349,0.1384634797995019
356,548,0.1384632913104854
1064,593,0.1384454788581982
9,1184,0.1384447420974503
351,985,0.1384378108573056
769,839,0.13843613477356195
716,484,0.13843077832394768
64,1127,0.13842978329086378
919,1103,0.13842534303834828
919,900,0.1384220051378918
295,272,0.1384211080033491
9,937,0.13841789771821442
295,1019,0.13841752077240183
944,50,0.13841492286418605
919,1146,0.13841441768668722
64,246,0.13841082722546327
716,473,0.13840647584796534
944,752,0.13839915569070563
1064,620,0.1383981523063246
295,1071,0.13838885263363013
20,1153,0.13838681831278285
64,19,0.13838445586810819
986,572,0.13838401401678008
356,492,0.13838372598848375
356,542,0.1383771238233918
716,168,0.1383756749891518
1064,641,0.13837289784002868
944,303,0.13837045505284398
64,929,0.13837000202356325
295,877,0.13836409216379025
1162,602,0.1383636779962686
716,1093,0.13835831736557785
716,401,0.13835671590246368
840,298,0.1383525904241356
351,160,0.1383468946238901
778,485,0.13834506042798744
20,171,0.13834179224254498
20,470,0.13834008788073376
9,1017,0.13833924187816515
421,1114,0.13833863908044106
295,1141,0.13833821444845232
778,450,0.13833433055702268
64,1165,0.13833236377395977
351,782,0.13832495129018335
769,1111,0.1383238966221766
716,247,0.13832325354775243
20,246,0.13832136529554828
184,1189,0.1383171158507024
64,679,0.13831569533737154
1162,1076,0.13830901984523486
716,482,0.1383073510488678
9,1044,0.13830481509609308
295,290,0.13830405070068086
769,583,0.13830127533879646
944,1066,0.13829755840953956
100,656,0.13829365872285884
20,457,0.13829342596238745
986,597,0.1382922682562925
692,1127,0.13828757132044292
295,115,0.13827750133595446
944,442,0.138266898458816
944,492,0.13826026544654973
356,717,0.13825962147434234
20,57,0.13825938145819436
843,1037,0.13825653409455207
2,1018,0.1382550026592025
769,585,0.1382547834967408
944,593,0.1382537783939682
1006,871,0.13824831721042385
100,876,0.13824547197586967
295,1092,0.13824393247049802
1162,927,0.13824366345207462
778,669,0.13823601942391983
716,435,0.13823092780576543
64,905,0.1382255335768073
769,1163,0.13822398208686038
962,221,0.1382109728971709
100,507,0.13821043246188192
351,69,0.13819907910714518
64,232,0.13819587319556334
778,709,0.13819545648547846
295,512,0.13819304767353044
716,1159,0.13818990311325532
355,952,0.13818736343285043
9,1002,0.1381782511525651
804,749,0.13817664191469584
295,870,0.13817520895063803
944,124,0.13817180871091014
64,27,0.13817031545260683
184,63,0.13816692386383567
919,315,0.13816494705597746
421,671,0.1381605632819738
944,418,0.13816019860436354
351,1040,0.13815871577772937
356,839,0.13815600464962546
2,433,0.13815534167985308
843,1080,0.13815160965625375
692,448,0.1381494575740761
20,584,0.13812362646253576
100,721,0.13812192475016627
919,86,0.13811917102750315
20,908,0.13811908295112998
986,675,0.13811394399565657
919,277,0.1381118617345807
986,1053,0.13810650205939035
986,303,0.1381027610269004
716,276,0.1380992036851766
1006,294,0.13809804523796565
64,332,0.13809712839417054
986,992,0.1380924921635752
9,108,0.13809215479260878
804,707,0.13809179388975965
944,88,0.1380881115682453
2,1054,0.13808724059115254
1006,1016,0.1380794750086056
843,503,0.13807383188969025
944,1046,0.13807155248835895
2,720,0.13807083901899206
64,173,0.13807053509885306
100,48,0.13807036509803455
356,177,0.13806467190431948
295,1037,0.13806232564044493
986,551,0.1380621122560864
944,737,0.13806008875150644
716,744,0.13805570840250841
944,172,0.13804450049166633
944,198,0.13803666835803963
356,1184,0.13803411510910668
804,620,0.13803410499504742
2,439,0.13803363341471195
100,14,0.13803204249846215
944,881,0.13802841905322435
295,101,0.13802727901127224
986,1009,0.1380213260492303
9,1037,0.1380155093523927
351,1119,0.13801039043756227
64,70,0.13800935084801
944,1003,0.13800801664922602
2,623,0.13800658522866596
64,40,0.1380043404235919
351,626,0.13800227553208028
1162,814,0.13800152688704279
919,412,0.13799576014419637
356,401,0.13799382490881662
20,614,0.13799116814906331
712,703,0.13799083516982685
962,184,0.13798953346454476
421,759,0.1379865892832603
944,15,0.1379863063384247
355,561,0.13798515187029953
356,703,0.13797916809069666
295,64,0.13797611111485486
295,651,0.1379725093557231
716,1109,0.13797248072500348
2,945,0.13797041026076667
1064,1053,0.13796642224690273
769,529,0.1379613218265541
962,965,0.13796130238526572
986,465,0.13796116430417885
716,370,0.13796076409929267
1162,803,0.13795806316508072
1006,1010,0.1379559273171307
356,285,0.13795449453441994
716,980,0.13795193931087316
351,225,0.13795112075608676
100,497,0.13794680285540345
2,1165,0.13794430699937688
944,435,0.13794395939088702
2,695,0.1379430125666533
944,559,0.13794018735699462
944,547,0.13794015812821672
919,1018,0.13793856410297736
716,195,0.13793778941049564
20,559,0.13793762782806773
769,775,0.1379356261663456
1006,92,0.13793447296224737
986,455,0.13792296529270787
944,248,0.13791521350731165
356,343,0.13791162728106604
716,502,0.13790178441119322
1162,781,0.13790159064923038
355,1163,0.13790151649620971
351,270,0.13789482570576098
2,134,0.1378903720859351
778,155,0.13788669569378
356,1165,0.1378838647876208
20,21,0.13788085532033478
146,267,0.13787829825189732
356,133,0.1378745384119109
843,205,0.13787405951847193
962,763,0.13787352785055326
778,628,0.137872887929596
919,280,0.13786816069174807
9,69,0.13786721796755125
715,1000,0.1378604583902504
295,604,0.13785215238685647
351,36,0.1378514335604578
919,717,0.1378479193218195
944,745,0.13784765162157173
356,908,0.137845837376912
1162,381,0.1378426960319275
295,645,0.1378378261397759
351,28,0.13782102163577278
1006,1023,0.1378201732980344
716,880,0.1378187414870848
64,544,0.1378139645587567
778,187,0.13781296858613407
2,296,0.1378118340397836
421,908,0.13781117884763597
20,622,0.13780493766922766
716,664,0.13780369340246343
356,601,0.1378015834404709
20,460,0.13779788756531186
2,1190,0.13779638294212587
295,373,0.1377937106975116
944,1142,0.1377903852822588
716,365,0.1377872572238773
1006,899,0.1377838843699409
20,967,0.13778259691385758
2,34,0.13777173311128743
64,709,0.1377711871561753
778,322,0.1377685038333207
20,185,0.1377650662295892
295,1079,0.13776250284149988
778,246,0.13776239236919743
100,1190,0.13775697851155572
295,557,0.13774866456458684
716,414,0.13774817390572083
295,976,0.13774653944064752
716,1173,0.1377394270097409
295,1050,0.13773313899719605
692,691,0.13772477484147946
1006,825,0.13772373282426728
1006,1073,0.13772200581431215
1162,462,0.1377125732174006
1162,774,0.13770287735360584
944,191,0.1377021737645548
692,486,0.13770008261906044
1162,834,0.13769688165753843
1162,490,0.13769227482809024
1006,365,0.13769145077651523
351,472,0.1376905494895798
778,761,0.13768940557386664
1162,403,0.137686748145023
356,927,0.13768452005683093
1162,763,0.13768431284820493
1006,272,0.13767636853952459
1006,263,0.13767577236213294
986,524,0.13767496965108994
351,1097,0.13767221405902408
1064,587,0.13766400173139948
2,823,0.13766364481753154
1162,950,0.13766257467687873
944,989,0.13766039669941477
944,982,0.13765900992618926
919,897,0.137652827442935
944,788,0.13765235073266952
769,503,0.137652198358981
295,83,0.13765196680978914
356,520,0.13764986735375015
20,835,0.13764317989018854
421,1092,0.13759932363456487
2,511,0.13759354570905333
962,684,0.13759322944188498
100,642,0.1375913146628546
944,1072,0.13759090661811843
692,746,0.13759024570445932
64,977,0.1375872678570523
295,267,0.1375816987051195
1162,1123,0.13757603962580106
919,529,0.13757081476881836
944,1136,0.13756399969443678
1006,926,0.13756162986860138
356,104,0.13755957036820504
9,787,0.13755324131449004
919,1092,0.1375525634485491
295,900,0.13754888255491268
9,540,0.137546389136642
351,690,0.1375348243351568
944,952,0.13753228303426962
64,144,0.1375240390017197
840,433,0.13752325911050964
1064,977,0.13751150253191746
716,816,0.13751123188290934
100,920,0.13751109644422915
295,834,0.13750712149390326
1064,793,0.13750702958721764
421,209,0.1375066437362757
20,456,0.1375054514227926
351,886,0.13750461554637464
295,696,0.13750112487022903
351,396,0.13749752192085832
769,651,0.137494383928011
2,893,0.13749245329186557
9,1175,0.13747940591535354
1006,96,0.13747651849438022
356,524,0.13747187649503137
577,1106,0.1374615054221678
356,794,0.13745912842252467
64,753,0.13745810329082797
100,353,0.1374532836408538
184,692,0.1374470175646237
692,616,0.13744237160731168
944,315,0.1374348472187953
1064,1125,0.13742468937759725
778,768,0.13742427357182968
64,696,0.13742280409320728
2,1194,0.13742106892959388
9,426,0.13741963119253953
944,621,0.1374129477729679
351,870,0.13740568795245006
356,1066,0.13740109355425856
716,941,0.13739852530217053
1162,1075,0.1373963052656867
1162,533,0.1373947835489441
351,1199,0.13739300084290573
64,45,0.1373900085108871
20,881,0.13738747833306592
804,700,0.13738578830849765
295,478,0.13737698847996346
778,813,0.1373762536818681
295,1046,0.13737275854629089
944,554,0.1373715066633681
778,925,0.13736768771451027
1006,163,0.13736233085823463
20,1037,0.13735873837183693
295,531,0.13735606199373754
1006,1,0.13735408918233133
1162,1122,0.13735403214308567
356,1178,0.13735025401891102
715,986,0.13734397150837419
944,77,0.13734361816930235
100,993,0.1373400054627628
1064,959,0.13733972108959747
986,1102,0.13733914595953342
1064,265,0.137337598215603
295,19,0.13733474276404253
919,390,0.13733110228978485
716,256,0.1373226871845557
2,172,0.1373212232643673
716,766,0.13731414700574715
64,249,0.13730592294405589
9,661,0.13730515787020262
2,1052,0.137302030047207
295,2,0.13730099209423427
100,899,0.13729211760988605
716,282,0.13729174370322322
1162,299,0.13728673086982834
962,969,0.13728178427819215
944,1186,0.13727980278405819
356,816,0.13727528050264456
1064,934,0.1372746098022647
356,676,0.1372718148071023
64,473,0.1372709204801802
355,184,0.13727083501545276
100,985,0.13726576388596748
2,315,0.13726140716537627
843,817,0.13726023208677035
295,813,0.137257230890919
9,941,0.13725097737308792
64,899,0.13724760074313017
1064,79,0.1372475038228891
351,316,0.13724235932894946
355,601,0.13723775707811717
9,650,0.13723091905328746
944,1024,0.13722875961099498
295,255,0.13722802117945382
421,241,0.13722654763656372
944,1015,0.13722617483797356
986,81,0.1372201688639087
351,691,0.13721996879637377
2,745,0.13721852612794028
843,1190,0.13721432145272253
20,1088,0.13721255629659204
64,379,0.13720872761557137
9,490,0.13720685268396385
2,300,0.13720595360594948
295,691,0.1372051715881353
919,1119,0.137204328682146
295,232,0.13720406340700556
919,836,0.13720114737615507
356,174,0.13719793574181757
356,727,0.13719786679475654
20,1008,0.13719675660032518
944,420,0.13719072877343833
356,414,0.13719023053508386
919,1039,0.13718291197080912
712,151,0.13717860397357826
1162,62,0.13717475840971585
716,1184,0.13717138909084473
716,518,0.13716577411075997
421,1085,0.1371647001003129
778,38,0.1371570685374487
9,1179,0.1371543324732996
351,1123,0.1371542247882839
769,1077,0.13714795764141582
716,759,0.13714510804172664
64,927,0.1371439782560863
146,879,0.1371434843847718
804,641,0.13714050621365959
769,9,0.13713192741922153
944,145,0.13712981819918382
1064,499,0.13712819767997278
986,98,0.13712718364612608
962,939,0.13712618975473967
944,6,0.13712146636500824
804,219,0.13712122554278755
769,558,0.13711916723936293
1162,597,0.1371174968126458
355,1080,0.13711699303391356
100,8,0.13711568560046772
986,1199,0.1371131047119748
9,1000,0.1371088089127624
944,207,0.1371076524052601
1064,240,0.1371041058237351
100,585,0.1370892926458297
1162,899,0.1370837851281927
295,801,0.1370779170200362
351,61,0.13707712799876942
716,951,0.13707406292183297
716,595,0.1370704306714752
1162,784,0.13706817711874644
2,207,0.13706198980353956
1006,406,0.13705331050866285
9,1108,0.13705158454538155
769,1076,0.13705081852010062
9,180,0.13704819123412224
1162,559,0.13704705949712745
716,528,0.13704461796404366
1162,993,0.13704443450791975
64,991,0.13703832908549757
9,191,0.1370375825581256
351,46,0.13703710673391892
769,827,0.13703570980827673
2,1129,0.1370352095627344
20,944,0.13703139563100378
919,1163,0.13702874536306126
100,302,0.13702493994318704
840,943,0.13701284173897463
716,603,0.13700593947953224
1162,459,0.13700332100945523
356,233,0.1370032558248758
986,691,0.1370030636865353
64,1110,0.13700225964313623
1162,69,0.13699871298815566
919,1005,0.1369933301906072
1162,1013,0.13698270753088077
64,793,0.13698266752901989
919,542,0.136976676634035
2,1035,0.13697474103108076
986,75,0.136974718761374
20,666,0.13697467523778706
20,814,0.13697448391555567
769,86,0.1369669516371478
1162,390,0.1369632727880759
295,165,0.13695701852612208
9,486,0.13695508051793892
944,1050,0.13695501130403304
356,389,0.13695285217577524
295,737,0.13695280321578293
356,1037,0.13695060288523694
986,310,0.13694809288850265
351,54,0.1369460122609808
355,386,0.13693237582062281
1006,54,0.13693058191567328
9,543,0.1369276939353173
2,826,0.13692514403048106
1006,30,0.1369245703670484
986,1008,0.13692254539517085
986,1019,0.1369211485598638
9,301,0.13692080685314842
64,819,0.13691870371810314
2,786,0.13691843478471555
295,278,0.13691482762827012
20,822,0.13691331245307214
9,567,0.13690491702340268
1162,117,0.13690466501863963
64,209,0.1368791283296803
1064,800,0.13687759966128005
919,864,0.13687575703408952
919,970,0.13687545901022047
356,869,0.13687462828687488
986,591,0.13687370783362193
944,932,0.1368735081036676
692,389,0.1368664522812058
944,334,0.1368623079640598
986,601,0.13685518110494005
100,807,0.1368505929332347
64,1049,0.13684773498622657
2,303,0.13684702682710229
295,274,0.13684563074459338
64,870,0.13684555003256135
356,998,0.1368424071983849
20,1034,0.13683875296320142
100,770,0.13683006752080618
9,576,0.13682753824858018
1162,1139,0.136827358505664
20,77,0.13681033252357774
356,304,0.13680591681041984
356,527,0.13680347515049976
356,599,0.13680210854804023
184,602,0.1368021032277201
351,52,0.1367972808949574
295,1016,0.13679088008784654
20,577,0.13678993650957108
1162,1155,0.13678494586240145
1162,898,0.13678427894736475
1006,550,0.13678384021654444
356,613,0.1367799776123072
356,150,0.1367791262855257
944,8,0.13677775079827137
351,838,0.13677642692916864
144,1175,0.13677148139288256
295,545,0.13676804047102506
2,28,0.1367676674654396
778,972,0.13676582571424709
20,938,0.13675741349256626
944,279,0.13675673967912144
2,1072,0.13675645318075963
2,1040,0.1367545577596193
1162,58,0.1367501662718645
295,897,0.13674905867019058
986,970,0.1367428726897314
1162,49,0.13673716021806842
100,372,0.13672957508841774
716,565,0.13672919592615926
944,66,0.1367291381274041
2,940,0.13672830927939425
716,385,0.1367263545962704
804,649,0.13672239190822544
716,1183,0.13671988735694798
64,1156,0.13671770158758925
692,406,0.1367168098501929
692,1199,0.13671670569911995
840,699,0.13671516446291984
986,801,0.1367104572970563
944,672,0.136707815252169
100,618,0.1367018960943229
692,671,0.13670139156207833
100,1199,0.13669696816176
804,144,0.1366904636367647
351,31,0.13668856666519977
2,247,0.13668643920201612
2,230,0.1366804051678589
944,217,0.13667702305100266
20,598,0.1366759234983538
1064,931,0.13666584993059613
356,1032,0.13666319693616674
20,731,0.13666210577421273
356,767,0.1366610405902096
804,710,0.13665590246579132
64,1202,0.1366552032077822
421,367,0.13665476081278016
20,265,0.13664954976134544
356,829,0.136648839278313
804,950,0.13664202349048182
356,508,0.1366366636115958
20,646,0.13662903830514528
919,426,0.1366219588720959
944,886,0.13662128037626786
100,686,0.13662090687215905
64,92,0.13661868968932758
843,200,0.13661583177505124
769,501,0.1366105425636115
919,57,0.13660753685744734
944,331,0.13660541421228947
100,160,0.13660101474282307
1064,23,0.13660024627429623
9,282,0.13659294075047568
356,376,0.13659247554301157
986,529,0.13658805560319873
9,355,0.1365876921129682
64,447,0.13658550422379467
351,307,0.13658487519586368
64,800,0.13658394506299698
1006,651,0.13658106514723736
692,246,0.1365782268048463
1006,1119,0.1365777981508968
2,737,0.13657012604003024
251,1048,0.13656793322320562
692,359,0.13656329395482716
919,572,0.13656199570921998
1162,897,0.13656045659141097
9,1173,0.1365470888034236
919,496,0.13654218944946156
692,86,0.1365415829443737
919,901,0.13654126534872163
944,895,0.13653998308758677
355,887,0.13653770658172235
1162,552,0.136533715699799
716,985,0.13653329555537547
9,1081,0.13653262493091403
64,331,0.13653253971313403
295,571,0.13652801068261203
1162,9,0.13652748994975303
1064,384,0.1365245459416018
716,673,0.13651711348051204
1162,1008,0.13651434999883968
356,552,0.1365124238301442
20,401,0.136510748469079
919,939,0.13651016012591777
20,441,0.13650925227709446
64,244,0.13650703832763422
351,979,0.13650102209519147
944,503,0.13649914678479982
919,872,0.13649843050642876
20,115,0.13649666448656395
100,165,0.13649339002391692
2,843,0.13649337757176433
421,691,0.13648999220472904
20,900,0.13648633964817228
356,1027,0.13648508190522707
20,1126,0.13648114708990863
9,1164,0.13647777117590734
100,312,0.13647463549959898
944,413,0.136471859862262
351,193,0.13646477006794858
2,868,0.1364579996638815
356,878,0.1364578211265405
295,314,0.13645739290969192
692,980,0.13644711653894373
295,781,0.1364464219432646
769,92,0.1364459384267684
100,1111,0.13644586643718237
356,75,0.13644150074866157
355,325,0.1364400619126633
716,837,0.13643972618634462
1064,42,0.13643671935404927
716,591,0.1364330822617733
1162,1134,0.13643196615352088
944,107,0.1364292204018029
1162,914,0.13642899955467525
64,213,0.13642767590859048
351,116,0.13642706172458202
986,337,0.13642529259248157
1064,659,0.1364236136541311
100,99,0.13641907928937905
944,872,0.13641769536610673
356,720,0.13641747748877617
351,414,0.136417013599908
2,392,0.13641038746265846
986,111,0.13640980758740084
2,445,0.1364092196879297
716,961,0.13640671796816908
295,99,0.13640620730334982
351,19,0.13640555256362302
20,994,0.1363988285523559
1064,812,0.13638929046540466
421,102,0.13638622105813883
295,35,0.13638260131925634
2,394,0.13638021671782447
944,106,0.13637426804857364
20,446,0.13636883218395404
843,315,0.1363681991372417
919,775,0.13636773314771364
778,205,0.13636724081953733
20,836,0.13636159647735363
944,755,0.13636159022862723
716,734,0.1363604446324258
692,529,0.13634678912371026
716,315,0.13633683372233538
2,514,0.13633419372948125
295,275,0.1363309310735242
355,1052,0.13632266900868537
944,27,0.1363189092969112
986,293,0.13631267198191085
64,33,0.13631223966394249
20,1119,0.13631082328881974
184,36,0.13630716636581172
2,1080,0.13630665993648716
778,1055,0.13630539208327325
804,544,0.13630203064181542
64,1163,0.13629760559931414
356,997,0.13629648721957038
1162,553,0.13628880528786524
716,648,0.13627597887405563
692,965,0.13626242795769197
715,1059,0.13626159469108895
944,33,0.13626106988349432
944,651,0.1362571521163
100,272,0.13625513279722096
944,392,0.1362524455931164
2,612,0.13625030091793497
356,248,0.13625014430605065
351,1169,0.13624794632921164
692,643,0.13624583154250505
295,189,0.13624484909661363
351,789,0.13624336850960905
1064,527,0.13624093118719388
1064,688,0.13624085715669204
919,962,0.13623616145218068
919,98,0.13623360505426993
944,611,0.13622042748454127
843,133,0.1362202717911584
351,855,0.13621796434395533
919,37,0.13621573471458023
1162,775,0.13621258726752494
692,92,0.13620816623665163
9,1031,0.1362009030775951
840,975,0.1361978574962363
804,1099,0.13619703643060352
944,870,0.13619554139953344
64,645,0.13619407088213178
986,745,0.1361922543361526
295,88,0.13619214490923853
1064,810,0.13618869329537445
100,325,0.13618792787262932
919,217,0.13618760907541508
9,775,0.13618369828701757
64,210,0.13618328949466063
986,372,0.13617838953232209
692,773,0.13617762132613745
769,485,0.13617205925856465
1064,322,0.13617154621318653
20,795,0.13617145142728113
840,544,0.13617123856122898
295,914,0.13617074638646048
919,27,0.1361668312758299
355,729,0.13616434269846123
351,580,0.13616408744453617
804,69,0.13615571548795719
356,853,0.13615439399075685
64,539,0.13615388479069163
9,187,0.13615339771066623
919,519,0.13614877784378576
986,179,0.13614765788155853
351,911,0.13614525860523619
1162,782,0.13614480235419307
20,599,0.13614114795835117
20,146,0.1361400990322378
355,371,0.13613458498851153
716,331,0.13613320569473722
9,104,0.13613046960341
986,1059,0.13612794382658883
919,1148,0.1361275566825797
351,148,0.13612723211332606
986,935,0.13612655798766263
295,823,0.13611543481920782
716,950,0.13611484103136928
356,6,0.13611303710940065
919,622,0.1361121823109838
944,121,0.13611188247360215
351,890,0.1361094357028302
295,682,0.1361087186241816
962,331,0.13609960304301574
351,585,0.13609830264678952
1064,517,0.13609337339984018
1006,350,0.13609105183018286
64,1129,0.13608636038239
919,648,0.13608578135918273
843,734,0.1360838970768889
769,280,0.13608248269999004
20,1075,0.1360781029223524
1006,1139,0.13607279675063533
295,394,0.1360663565512675
20,187,0.1360644474780857
1006,243,0.1360641435255615
944,653,0.13606271545460163
356,0,0.13606262745182027
64,656,0.13605987943698036
1162,983,0.13605828460458022
355,210,0.136057589976176
716,323,0.13605336509063998
9,132,0.13605181571767477
1006,1167,0.13605166933832444
295,315,0.13605019464957988
1006,1124,0.13604761164734225
843,599,0.13603607757760525
919,299,0.13603178696919213
356,889,0.13603150298719152
20,1092,0.13602667343436067
769,921,0.13602454589198157
20,161,0.13602182445163447
295,89,0.1360195902797777
919,792,0.13601790217835075
716,1136,0.13601573774627365
944,43,0.13601571872642926
9,1056,0.1360135490225602
295,128,0.1360085449310825
100,36,0.13600246352904286
716,358,0.135997723754797
355,543,0.13598987168137538
919,747,0.13598680482346107
843,209,0.1359865395913668
919,934,0.13598275194353157
9,346,0.13597978035024888
1162,1026,0.13597577142894413
20,1138,0.1359746931684649
716,898,0.1359742244612127
769,932,0.13596612214711518
20,156,0.13596171100248144
9,758,0.13595935468867473
9,879,0.13595473781294878
716,847,0.13594804647510814
9,821,0.13593973895770806
146,1038,0.1359386607410824
64,1178,0.13593704279150104
716,585,0.1359360890736596
20,27,0.13593156200906495
9,605,0.13592979738392558
1064,927,0.1359264740586377
944,1080,0.1359262561453982
295,640,0.13592608232629083
840,181,0.13590808833973603
944,827,0.13590544584145098
944,658,0.13590095680638045
944,1181,0.13590071640829662
944,246,0.13590043533558066
421,485,0.13589602759610317
146,139,0.13589395941286772
692,696,0.13589175945532586
295,259,0.13588855988089535
64,280,0.13588768493936607
692,712,0.13588556948874383
64,143,0.13588415141088978
716,934,0.13588335298210064
843,606,0.13588291387053078
986,614,0.13588198517073174
804,692,0.13588186706287217
944,1178,0.1358814551452743
20,134,0.13587849000765165
843,264,0.13587718875304425
778,1074,0.1358763224527618
295,676,0.13587613567467385
64,265,0.13587062834480138
1064,209,0.1358687916922152
2,544,0.13586584841596727
716,1050,0.13585655957931614
840,10,0.13585514468901827
100,994,0.1358513832863782
919,798,0.13585130756957572
295,441,0.13585041420190622
716,0,0.1358484960458361
295,248,0.13584439169677723
769,572,0.13584371868689105
986,649,0.13584146330981328
716,743,0.13584004233364758
944,75,0.13583609172071806
944,994,0.1358279772537518
64,381,0.13582594308336463
20,853,0.13582385108398878
919,1043,0.135819291848379
351,802,0.13581854671378904
356,988,0.13581388661313126
356,460,0.1358136974846842
356,261,0.13581304932312024
986,520,0.13581152248390568
2,1114,0.13580778832664342
944,808,0.13580345919009976
295,82,0.13580007771777206
919,128,0.13579985078574336
1006,1161,0.13579197245993735
184,419,0.1357914666168494
9,237,0.1357876452528387
769,614,0.1357873928418779
1162,197,0.1357797412709463
778,285,0.13577683078600764
295,980,0.1357727937338821
804,332,0.1357719943637457
64,1159,0.13577173745079155
351,645,0.13576974583162496
64,185,0.135767312542367
351,181,0.13576514290389624
64,798,0.13575964764740558
2,414,0.13575083216022338
944,65,0.1357468142977487
1143,640,0.13574219770799723
355,1038,0.13573696379255504
9,895,0.13573640345923477
295,80,0.13573555299332976
100,115,0.13573549592616996
100,1067,0.13572634427101649
692,931,0.13571859819469895
778,965,0.13571801160556402
986,278,0.13571600585369636
20,67,0.13570868936888833
843,18,0.13569994027568724
1006,487,0.13569340992916806
716,486,0.13569259721095087
351,499,0.13568406037345063
843,360,0.13568062688482935
778,1064,0.1356805980945521
577,371,0.13567719763047442
986,180,0.1356754873429258
986,1106,0.13567171847324913
356,944,0.13566629499716443
944,484,0.13566477365015434
843,489,0.1356621527401471
944,825,0.13566122414543666
692,272,0.1356589281036705
356,572,0.13565689348437135
716,999,0.1356484449248997
351,878,0.13564800729077656
716,396,0.1356477263791156
9,706,0.13564682907551207
692,1163,0.1356452261599821
9,596,0.13564506383410288
355,612,0.13564345190967408
421,82,0.13563543179028592
355,886,0.1356238067318986
986,950,0.13561737716427127
716,751,0.13561168269800458
716,810,0.1356106836938953
351,613,0.135610136563221
944,61,0.13560797724976068
20,179,0.13560627158742156
1162,132,0.13560324438527838
2,413,0.13560312023372434
9,357,0.13560282953887381
356,925,0.13560204293938535
20,644,0.13560050880046137
944,326,0.13559769714054282
1162,467,0.13559697994761508
351,768,0.1355851997693845
1064,1075,0.13558099341180815
1064,288,0.13558030849580333
1006,763,0.1355785409670318
716,604,0.13557792580257638
1162,515,0.1355771574602416
986,758,0.13557438186921028
769,640,0.13557433757741547
804,1087,0.13557024752856475
356,206,0.13556658521195408
356,931,0.1355658603085209
1006,280,0.1355578546479137
944,629,0.13555774372994653
355,724,0.13555739769181135
692,144,0.13555696548673474
944,1155,0.1355513688489122
716,250,0.13554483654262145
692,240,0.1355365448401512
716,861,0.1355363503882779
100,620,0.1355287090499444
184,840,0.13552788786088502
1162,128,0.13552699288796013
986,862,0.13552283166163154
64,1023,0.13551369413325953
356,147,0.13551194347875836
20,43,0.13550923098524556
295,174,0.1355067334679261
356,185,0.13550073840704693
356,250,0.13549691933099423
944,82,0.13549544219126555
919,961,0.13549411488389373
986,169,0.13549100216683002
944,728,0.13548431606418734
919,162,0.1354765830473727
9,855,0.13547587006716946
20,471,0.135471510305743
2,448,0.135471090278885
843,114,0.13546992910552857
944,1088,0.13546925236974847
1064,112,0.13546684983306653
184,970,0.1354658903539044
1006,895,0.13546343091391327
986,390,0.13546311712607548
356,434,0.13546188865810055
843,788,0.13545674348437675
356,611,0.13545188619377185
20,1123,0.13545067634542016
351,388,0.1354501283034016
20,758,0.13544750562655974
769,294,0.13544737178382144
2,292,0.13544559096863223
716,735,0.13543911605562411
778,179,0.13543750723535367
716,1044,0.13543568339849102
716,650,0.13543390107016767
20,422,0.13542847739716804
100,422,0.13542689473382355
986,187,0.13542618446548343
351,1158,0.1354241924852923
2,805,0.1354236699096419
20,643,0.13542211053281955
944,1176,0.13541360473156347
986,620,0.13540120338246017
1162,68,0.1353993730473922
1162,279,0.13539894288439164
716,879,0.13539115416707564
944,1038,0.13539038938316217
1064,886,0.13538179221030683
716,352,0.1353816503948185
1162,477,0.1353800995135411
421,1123,0.1353781510687889
351,1068,0.1353715242782269
9,280,0.13536740033808958
100,289,0.1353666977830471
351,49,0.13535732173201254
9,582,0.1353528803442197
692,669,0.13535169359932925
356,1054,0.13535164922033535
355,991,0.13534267793821078
20,1001,0.13534060533813225
351,548,0.1353402001699835
64,548,0.13533714765366345
2,1100,0.13533412765445593
356,86,0.13532582389379721
804,899,0.13532452275286216
1006,62,0.13532045733705816
1006,122,0.13531765189910694
2,1039,0.13531563380474104
778,1199,0.13531186606395645
295,221,0.1353117673317133
2,126,0.13531040626367963
1162,816,0.1353100331951607
716,257,0.13530807869428937
2,358,0.13530689367954635
1064,418,0.13530664658496214
716,458,0.13530248126499939
144,1113,0.13530143866687153
944,598,0.13529841028687414
986,443,0.13529505277095558
295,502,0.13529357242403692
962,219,0.13529177728124342
986,360,0.13529091356698666
20,1014,0.13528819765818328
986,401,0.13528535718957166
2,19,0.1352835695195254
184,442,0.13527594239728913
944,1196,0.1352753309597388
356,181,0.1352748471498934
64,234,0.1352737802667631
919,830,0.13526515900256333
692,543,0.13526142973800148
64,956,0.13525673081172201
355,966,0.13525503422254193
100,794,0.13525423492915042
64,433,0.13525187252172705
295,481,0.13524853304397355
20,1062,0.1352442807704816
577,602,0.1352433076031703
64,688,0.13524270864670637
843,389,0.13524106082340215
692,401,0.13524033612940534
1064,415,0.13524021330435693
1064,938,0.13523874039094996
356,228,0.13523377157438657
986,686,0.13523369646668892
944,115,0.1352325734052503
295,615,0.13522716359534256
356,558,0.1352266431720878
986,480,0.13522254831992092
351,521,0.13522187139433553
356,1093,0.13521611054228858
716,448,0.1352139514502359
355,779,0.13521308197545687
919,174,0.13521206663187374
1064,679,0.1352110003929164
716,1195,0.135209391336613
2,732,0.1352026037464813
716,27,0.13519932654692024
356,529,0.13519791102751402
1064,87,0.1351960058713682
716,76,0.13519494128799475
295,352,0.13519152410900886
716,85,0.1351897113414857
1162,375,0.1351861566281355
1006,454,0.1351860427875617
20,905,0.1351856215309416
804,617,0.13517450365353473
184,371,0.13517428223658337
1162,556,0.1351711152932254
421,948,0.13516727952122387
356,447,0.13516704178116498
986,123,0.13516702720546564
146,10,0.13516642444188917
1162,809,0.13516540310917374
919,45,0.13515751381375687
355,853,0.13515294074584544
944,1085,0.1351492533454114
986,1074,0.13514595424845324
144,446,0.13514430658250873
351,425,0.1351330360656817
716,718,0.13512786250080616
944,937,0.13512593349139373
692,251,0.13512567550646287
20,406,0.13512006363648493
351,647,0.13511857706497493
778,699,0.13511151893175735
295,600,0.13510432059335006
1162,217,0.13509974759826449
1162,88,0.1350987478665345
1006,207,0.13509657696494085
692,457,0.13509608654695318
1006,446,0.1350957210433603
692,1135,0.13509555157649106
64,363,0.13508926955266967
919,165,0.13508861723409782
944,32,0.13508584380557467
1064,1113,0.13508465378056767
692,1085,0.13507585786614762
9,822,0.13507378656824798
986,192,0.13506439872262316
769,1068,0.13506324665358743
716,293,0.13506221564751558
295,887,0.13505420310195929
2,718,0.13505250582683445
1006,959,0.13504672865371029
356,620,0.13504603463500445
716,99,0.13504400694659666
351,1109,0.13504379664425392
843,898,0.13504228976400323
9,161,0.13503732204333851
355,315,0.13503494812844183
1064,689,0.13503344774819823
295,1027,0.13502780761528302
2,533,0.13502769154988062
356,1160,0.13502607401086295
356,923,0.1350251972340297
351,260,0.13502269126666663
1162,1105,0.135021491137926
843,6,0.13501403568679407
144,319,0.1350127127385446
355,33,0.1350123751574811
804,155,0.13501228912183882
9,144,0.13501034743557286
1006,371,0.13500537389979894
986,562,0.13500500926497971
100,35,0.13500425489299478
944,1008,0.1350028591272714
944,850,0.13500281871877753
843,1114,0.13499737840970377
421,683,0.13499578603346735
944,861,0.13499427157893787
919,166,0.13499324461399803
356,800,0.13498871458923553
356,813,0.13497808843853187
20,369,0.1349775367444357
64,36,0.13497628119835242
919,909,0.1349754507670936
351,909,0.1349753366426534
351,136,0.13497356348347292
184,144,0.13497082368200755
716,1008,0.13496564962030327
986,804,0.13496216705425756
1162,461,0.13496109699457562
351,209,0.13495812434902132
986,676,0.13495473711501393
9,25,0.13494528336530767
840,1158,0.1349386201899322
100,195,0.13492770652145017
944,614,0.13492571747243787
944,1199,0.13492240693413304
295,835,0.1349199668791907
1064,773,0.1349133349164274
9,691,0.13491076146746
9,130,0.13491009444608454
716,338,0.13490829804310805
944,134,0.13490628647370978
295,1158,0.13490428162852003
351,356,0.13490367704040035
355,652,0.13490032052177955
840,416,0.13489872541531708
351,953,0.13489707016703947
20,588,0.13489392484043358
716,965,0.134893553931612
716,278,0.13487566020335726
1006,36,0.13487510619793858
986,181,0.1348749499653225
9,718,0.1348723398168408
356,581,0.13486936151666748
1162,794,0.13486840874692294
356,21,0.13486502459029812
351,519,0.13486191612332774
351,682,0.13485910241652252
1162,1194,0.1348518646881884
2,161,0.13485006920303708
351,432,0.13484876320761013
944,879,0.13484696249146705
804,75,0.13483708727788488
944,882,0.1348361054282136
919,1048,0.1348360115576663
769,176,0.13482739754770828
1162,258,0.13482423518991873
944,353,0.13481930065432177
716,265,0.13481925539149228
9,964,0.13481840498412345
843,882,0.13481407145227506
769,88,0.13481311937771376
944,626,0.13481161340712627
356,798,0.13480899052817075
356,559,0.13480382800486157
944,359,0.13480311343261098
9,595,0.1347948661520129
919,691,0.13479286419317088
144,829,0.134792531586824
356,689,0.13479210212109774
351,759,0.1347817050852049
1064,319,0.13477989822875766
840,27,0.13477577357265014
1162,492,0.13476814478196888
295,98,0.13476628819428776
356,302,0.1347662331975689
986,1087,0.13476591642140265
1162,874,0.13476537728684093
100,187,0.13476437733704022
355,1103,0.13476215082793086
919,43,0.13476078356312918
804,939,0.13475749754488014
9,905,0.13475594187333917
944,1197,0.13475160646797876
843,738,0.13474481730247825
100,1085,0.1347334071702989
351,465,0.13472020655828798
1064,406,0.13471856070633417
1162,1191,0.13471506794355925
9,703,0.1347117457676545
100,205,0.13470717687243172
919,1077,0.13470500634957502
919,884,0.13469799852909567
2,274,0.1346943127681437
986,464,0.13469199890561473
356,629,0.13468934654255163
64,884,0.13468837094286834
295,1138,0.13468745712177857
769,747,0.134686392886681
295,926,0.13468427486315462
2,226,0.13467622775809782
1064,142,0.13467324335749414
356,604,0.13467111104438928
1006,970,0.13466756108693287
100,626,0.13466515748638808
769,1016,0.13464184890253564
769,1143,0.1346376566301239
2,239,0.1346369357077672
356,1133,0.1346359884508264
355,104,0.13463019360896697
778,1028,0.13462788672625756
1162,675,0.134626765536173
769,759,0.13462423047806923
100,650,0.13461936926783954
2,721,0.1346145677000584
1006,1074,0.1346072843192457
769,793,0.13460398259020612
1162,767,0.134600710119951
986,827,0.1345977054911746
295,197,0.13459494586567783
986,50,0.13459244314458924
351,73,0.13458658520039693
295,689,0.13458181304052372
9,935,0.1345744033589253
146,108,0.13457337468981156
351,34,0.1345724023113465
986,748,0.13457155886206962
9,886,0.13456970509347815
1162,978,0.13456737780199707
986,577,0.13456580967775117
944,570,0.13456069936403767
986,373,0.1345566554846116
9,433,0.1345556961984491
778,1089,0.1345513408383681
351,1066,0.13455044188680607
944,89,0.1345481561253599
100,230,0.13454434517435573
1162,529,0.13454343151933193
2,877,0.1345417093942515
351,928,0.1345399225847903
919,1016,0.13453797130894563
351,712,0.13453044986442894
64,576,0.13453033850370189
2,1156,0.13452867466948396
944,168,0.13452384792514765
421,1189,0.13452381883895276
1162,796,0.13451568747873036
356,831,0.13451457080583093
1162,401,0.13451415356249036
146,967,0.13450181365872313
1162,333,0.13450148825850014
100,737,0.1345000439186771
944,1039,0.13449432312275938
356,240,0.13449171772851864
1162,261,0.13448932319819998
692,52,0.13448780090755927
919,424,0.13448588863060462
2,965,0.13448446961388713
716,445,0.13448358176860925
9,504,0.13447536332411175
692,584,0.1344743270571478
9,988,0.13446851759748246
986,907,0.13446528962690077
355,1111,0.1344633875603847
64,1094,0.1344617050131014
1006,1059,0.13446131749634022
716,309,0.13446087632703235
356,778,0.13445508635124945
295,932,0.13444923918479873
919,975,0.13444744394164243
20,798,0.13444663363814158
184,90,0.1344463467095366
295,1012,0.13444543495885708
356,1049,0.1344432454296771
919,481,0.13444124299953855
716,855,0.13444085200258302
356,1009,0.13443943339597625
295,260,0.13443396231267168
355,1126,0.13443217991676729
944,231,0.134432069626089
64,82,0.1344277694469889
716,531,0.13442474032400606
351,683,0.13442208665543626
716,88,0.1344186847571797
64,201,0.1344145290128233
778,887,0.1344110563501491
944,371,0.13440903137160531
351,1165,0.13440765447995628
9,454,0.13440666231998266
146,138,0.13440293625917954
351,939,0.13440080377324676
295,299,0.13439906396278778
295,435,0.1343944157808651
351,897,0.13438937069388546
944,1189,0.13438515650546656
295,1166,0.13438370913043526
1064,811,0.13438066256036232
944,1183,0.13438021927237212
9,1198,0.13437353515751307
986,1129,0.13436881473396609
769,184,0.13436722387132416
9,1116,0.13436682915558482
20,382,0.13436477800931954
9,326,0.1343470492717701
1006,578,0.1343407810521699
944,443,0.13433739939449288
9,1069,0.1343340600245216
843,270,0.13433322415262416
64,1080,0.13432718607077113
64,50,0.13431859729564657
716,885,0.13431512573645946
804,246,0.13431400340525776
919,568,0.13431368737450639
356,264,0.13431236688825396
2,27,0.1343112919726813
1006,416,0.1343091672498281
1006,832,0.1343058924332812
1006,697,0.13430216288911484
986,835,0.13429865905642022
144,165,0.13429604920701557
64,358,0.13429498213706684
986,645,0.1342938444552836
944,51,0.1342883199132274
100,846,0.13428140063939073
2,961,0.13428012202812428
716,192,0.1342793189784202
20,1094,0.13427822342312212
1162,233,0.13427803226411836
716,830,0.13427787138524147
20,96,0.13427755128888208
295,910,0.13427734130549593
20,592,0.13426496124148357
1064,145,0.1342633297603862
944,165,0.13426124523278282
1162,720,0.13425893784959295
804,1019,0.13424915531396173
100,864,0.13424871987309628
716,813,0.13424540237232957
64,479,0.13424371196779333
20,140,0.13424234182572967
351,797,0.13424074636709013
2,503,0.13423758629596896
1064,88,0.13423575683546343
351,1145,0.13423501700763563
351,0,0.1342289935001275
716,65,0.1342284579314586
769,936,0.13422626286127254
356,262,0.1342244635636438
716,425,0.13422117306358242
716,801,0.13422015199860804
840,148,0.13421557441502122
146,995,0.1342080135458749
1064,664,0.13420623280617422
1162,988,0.13420491789556221
356,507,0.13420446469203298
1064,948,0.134201403615107
1064,1000,0.13420091673287649
251,496,0.13420072221789092
944,1021,0.13419744049660506
944,199,0.13419508559118512
1064,57,0.1341932804706328
64,369,0.1341893526511542
2,1023,0.13418921338619302
9,295,0.13418825207273496
351,634,0.13418244096288157
944,274,0.13418075560081727
356,721,0.1341798145919221
295,322,0.13417752992920257
1006,642,0.13417679168534707
9,668,0.13417394373675473
986,25,0.13417361729617833
2,862,0.13417251904224084
295,1128,0.1341690628642524
20,702,0.13416430552058495
20,828,0.13415739559364245
778,1110,0.13415644775522706
351,87,0.13415628015894307
64,815,0.13415397528112977
356,121,0.13415111467232765
356,363,0.1341508375492771
295,791,0.1341479931362183
1064,909,0.13414656613557785
769,1023,0.13414537713253363
716,133,0.13414179054234854
1006,724,0.13413785521607982
986,1049,0.13413694853341063
295,298,0.13413610866398099
2,228,0.13413344209368494
20,603,0.13413197868763557
64,865,0.13412587725432362
100,1019,0.1341210687246961
9,278,0.13411929052070742
9,898,0.1341133095069133
716,561,0.13411140077449607
1006,614,0.13411121887740965
421,484,0.1341110605784583
351,671,0.1341108749825735
184,102,0.13411017203482803
716,183,0.13410213248726388
351,77,0.13408295084081476
100,298,0.13407987476216043
1162,172,0.13407177255382102
2,658,0.13407045795491176
944,897,0.13406880270709412
716,428,0.1340626262249128
716,1018,0.13405798424254037
20,845,0.13404754910622765
356,1036,0.13404748594937949
986,57,0.13404382055020103
1162,193,0.13403637486438116
20,668,0.13403429835269912
20,580,0.13403407961768224
184,1012,0.13403325180599626
295,629,0.1340320983255505
355,813,0.13402788841998498
944,157,0.1340239987146451
144,251,0.1340226504841377
351,600,0.13402247741770487
804,88,0.13402232032642894
804,1135,0.1340192272455333
351,737,0.1340145320910926
778,353,0.13401355821778022
100,342,0.13401298532339043
1064,216,0.1340100892272257
1162,866,0.13400628214564636
295,345,0.13400479865941237
9,241,0.13400191092848154
1064,133,0.1340002065988044
421,577,0.13399826734911424
944,304,0.13399807747369405
100,547,0.13399737503615733
1162,896,0.13399735924609826
944,208,0.13399555737635382
9,184,0.13399382279320068
1162,714,0.13399245148344766
1162,328,0.13398611622289025
20,787,0.13398398748524454
843,908,0.13398396721822203
351,786,0.133980602178878
715,184,0.13397858385176992
421,741,0.13397794161318763
1162,220,0.13397332514003918
1143,411,0.13397135588656764
295,406,0.1339674567430638
421,390,0.13396680433730046
351,1043,0.13396373411668627
295,784,0.1339540360261167
1162,682,0.13394665619055746
351,240,0.1339463169981561
356,486,0.13394024527490384
716,378,0.1339322565933991
20,811,0.13393140898481945
1006,969,0.1339307315107631
2,1067,0.13393022222694215
355,364,0.13393007511914226
64,1053,0.13393003622941077
843,1137,0.13392978844735146
421,849,0.13392868463678806
1162,353,0.13392376513673976
351,315,0.13391264677101358
20,361,0.13391198262886456
716,217,0.13390987645253338
1064,762,0.13390152972195213
1064,662,0.13389942299381632
356,961,0.13389371703276942
1162,766,0.13389303068910807
146,793,0.13389274390720496
919,713,0.13388939979304643
2,169,0.13388612551453635
64,476,0.13388411989623134
20,1100,0.13388403720994724
716,208,0.1338837255970233
716,264,0.1338750810669108
716,241,0.13386784322828466
944,29,0.1338662318084122
1162,343,0.13386599067767654
692,829,0.13385866049127215
1064,1076,0.13385861253447018
100,228,0.1338558692584537
692,1184,0.13385259900329563
840,1012,0.13385172441111828
9,534,0.13384967838579034
986,760,0.13384908834477624
64,880,0.13384839766192702
100,144,0.1338415893020739
351,1202,0.13384116197505683
986,938,0.13384097793100844
1064,737,0.13384049355291744
64,255,0.13383989322353831
2,1070,0.1338341995261132
986,894,0.1338314838351756
1162,388,0.13382961547037778
9,447,0.1338281781733186
716,698,0.13382631829641295
769,357,0.13382543092843993
100,88,0.1338236176538425
769,75,0.1338161263506363
351,1012,0.13381516151461315
351,1193,0.13381442728669796
1064,146,0.1338078557019253
356,993,0.13380670526281882
100,1119,0.1338062095485459
100,880,0.13380336632902012
769,1088,0.13379954879912465
295,1193,0.13379914598221232
843,43,0.1337983299857154
9,827,0.13379812936989002
356,691,0.13379732112714415
944,1083,0.13379643538135752
716,748,0.13379629101576435
944,458,0.13378583467217564
986,1018,0.13378318790287486
843,446,0.13378202624773738
944,835,0.1337790060098143
295,1081,0.13377797814068598
1064,1192,0.1337774947690754
919,49,0.13377154134678515
100,61,0.13377081092043042
716,136,0.13376806734676852
64,830,0.1337642084896751
356,311,0.13376417152761824
1162,527,0.13376243769060087
716,1010,0.13375798812892128
2,841,0.13374778696364098
2,125,0.13374734024679716
351,967,0.13374602452128392
295,1023,0.13374521760472957
716,270,0.13374448395803312
9,555,0.1337430167411632
9,63,0.13374296087821447
1162,561,0.1337399282491375
919,839,0.1337389023465768
692,834,0.1337331242565682
944,642,0.13373184128196816
840,692,0.1337294882320823
351,857,0.13372615928910983
840,410,0.1337138308728688
986,26,0.1337130672137698
1064,839,0.13371203023641923
962,450,0.13371004641103337
64,669,0.1337093209835527
769,977,0.13370613288046504
944,498,0.13370329444713783
9,1034,0.1337023138867741
840,1019,0.1336927371097061
351,1152,0.13368948294979494
100,688,0.13368593186223166
100,278,0.13368095081658132
295,205,0.1336733761393297
716,251,0.1336710159283449
356,207,0.13366877490363083
20,1076,0.13366794408790925
64,1133,0.13366207171109087
9,580,0.13366162213322189
64,736,0.13365975544343042
769,1059,0.13365158139017633
2,1046,0.13364617642852247
778,254,0.13364600614981925
20,425,0.13364051119807258
716,298,0.13363356181254543
692,676,0.13362709504036133
351,21,0.13362433680579447
843,572,0.13362093575871728
1064,163,0.13361811131922446
64,675,0.13361695493243572
843,614,0.13361646000259825
716,119,0.1336101520002916
2,909,0.13360904896758624
100,982,0.13360878498228215
356,12,0.13360833727274607
986,217,0.1336082767316317
1006,696,0.13360728805129066
64,134,0.13360460229884907
20,160,0.1336045309619315
100,496,0.13360340777276655
843,1123,0.13360108891454175
356,884,0.13359902115245187
1162,385,0.1335957935834935
716,933,0.13359428549296945
769,272,0.1335917227706213
769,1139,0.13358802842790893
20,414,0.13358733455000782
356,289,0.13358699067198387
295,666,0.1335815870134422
716,742,0.13358069838691858
295,533,0.13357722296938113
356,1019,0.1335764719099222
421,181,0.13357232672820227
295,18,0.1335702971086767
944,578,0.1335691125686863
1006,1202,0.13356217427763928
100,1124,0.13355956763429117
100,251,0.13355267502099818
692,598,0.13355116913500428
9,1197,0.13355062962473038
716,305,0.1335497031017065
778,451,0.13354940562594644
100,182,0.13354665819892766
919,671,0.13354208479620286
843,241,0.1335400336601355
100,414,0.1335342179809765
351,422,0.1335309707637951
2,722,0.1335288715868586
355,1016,0.13352733818887277
356,256,0.13352524313432745
356,1073,0.13352508939983698
962,1099,0.13352041044372154
356,25,0.13351796113926895
986,945,0.13351410594365992
716,501,0.1335080497694746
944,1127,0.1335051242114404
9,308,0.1335049332337294
716,78,0.1335040099699123
1064,453,0.13350322298810724
804,343,0.13350318590540994
944,493,0.13350045060326604
351,228,0.13349739053184553
64,437,0.13348973111735382
962,755,0.13348925344604481
295,725,0.1334871089421847
692,484,0.13348073720713474
1162,356,0.13347857455078205
20,62,0.13347336147622474
986,602,0.13347224647705838
1162,171,0.1334704926347861
20,385,0.13346965540166073
1006,16,0.1334675014328343
1006,88,0.1334665429976528
692,862,0.1334655689917974
804,77,0.13346346795585506
2,99,0.1334631089464
351,120,0.13346139014591887
2,927,0.13345765286785874
944,618,0.13345408640480272
355,270,0.13345331195250024
64,289,0.13345244747784954
100,260,0.13345227275706337
295,1148,0.13344251159150544
64,1137,0.13344074867389685
351,115,0.1334388733538191
1006,275,0.13343814240959062
919,618,0.13343026598407906
843,623,0.13342548198029347
2,103,0.133424394978709
2,112,0.1334198297039041
355,1087,0.13341934829458132
356,263,0.13341720963482065
986,846,0.13341709823586298
692,212,0.1334166895345227
9,393,0.13341635517467743
692,649,0.13341472923211886
351,317,0.13341464769807004
295,830,0.13341380433050365
356,602,0.13341134494937762
144,1009,0.13339922196753387
9,815,0.13339719594995228
295,529,0.13339230631570562
986,1010,0.133390956377539
64,975,0.1333902376454454
716,543,0.1333902279802232
421,713,0.13338586122617863
351,1071,0.13338490601920056
184,272,0.13338392767751678
716,1108,0.13338302326690216
20,821,0.1333827857357126
1006,517,0.13337002109060234
712,626,0.13336953983678893
919,543,0.13336758923673545
351,341,0.13336465108109957
986,1151,0.13335963094984654
100,700,0.13335945691127873
9,993,0.13335352149747853
986,857,0.13335002329067655
692,140,0.13334343413356306
64,89,0.1333431101772386
100,555,0.13334139789741906
295,601,0.13334121866343876
716,165,0.13334105155757398
351,774,0.13333828845995918
356,331,0.1333317916983081
919,445,0.1333304455960553
295,524,0.1333282621696996
986,265,0.13332751432891402
716,835,0.1333256900100696
944,21,0.13332368266543299
355,959,0.1333214355641496
421,737,0.1333199471813407
20,615,0.13331940492750172
100,524,0.13331914682535023
100,1023,0.1333165534417446
919,359,0.13331477049525942
351,330,0.13331273121635448
351,358,0.1333103343421493
919,645,0.1333030070577277
944,964,0.13329429243897511
778,517,0.13329368814738926
716,1103,0.13328670573248624
2,124,0.13327937364838885
1064,1135,0.1332781191906443
1006,812,0.13327714634034618
1162,498,0.13327634585405007
986,1113,0.13327052317200536
919,343,0.13326728427906662
9,831,0.13326317033832147
351,449,0.13326086609714866
716,368,0.13325354818554266
840,616,0.13325175447394327
20,343,0.1332493680239564
356,663,0.13324805099504514
421,274,0.13324744395171337
843,886,0.1332460836778841
919,696,0.13324459787081136
944,486,0.13324419248197453
944,1052,0.13324255626531675
769,559,0.13324177090318381
986,543,0.13323794407698958
356,236,0.13323711695078946
716,161,0.13323175350302405
840,294,0.1332271198862724
986,47,0.13322619387221488
64,554,0.13322164320722768
9,201,0.13321723360582163
356,36,0.13321554069837777
295,1021,0.13321487373900118
351,50,0.1332119809963221
1064,278,0.1332075371695168
2,1153,0.13320591687354394
716,745,0.13320496836920062
944,652,0.13320284170892094
356,266,0.13320091059737782
919,425,0.13319965038874337
2,936,0.1331953413952068
1143,267,0.13319397149653198
919,565,0.13319373728134684
944,5,0.1331892287791515
295,855,0.1331850880895092
295,872,0.13317105699368811
9,70,0.13316938939993817
351,75,0.1331689068491622
577,1134,0.13316495539326717
20,671,0.13316384759848876
351,244,0.13316273470288603
100,598,0.13316062792365999
9,68,0.13315789228593297
20,898,0.13315681371245094
351,1096,0.13315512191392892
100,86,0.13315404950967583
64,1025,0.13315348291895476
295,445,0.13314128512982135
944,1184,0.13314125888225142
356,48,0.13313995734997053
144,457,0.13313938093420585
944,649,0.13312948513903258
356,247,0.13312794542897982
184,926,0.13311930407248498
9,505,0.13311216000983633
64,43,0.13310906970117092
944,103,0.1331080996262311
295,898,0.13310750634519986
355,659,0.13310716603569742
1064,651,0.1331071464310412
20,170,0.13310451599361486
1006,419,0.13310138475044592
944,1103,0.1330977962042051
919,144,0.13309661294824476
64,272,0.13309285907108231
1006,864,0.13309122779587826
356,1022,0.13308946672494756
962,151,0.1330882880282386
962,726,0.13308616878908755
716,155,0.13308461616329087
64,1067,0.13307857831522604
769,102,0.13307455682154012
2,102,0.13307440598060735
64,334,0.13307345808446075
2,705,0.1330686274352859
184,810,0.133061288795258
716,1012,0.13306017758361072
944,1014,0.1330566954137284
1064,539,0.1330562765344318
20,546,0.13305622183113816
843,1165,0.1330503387527083
944,405,0.13304580258942886
295,1191,0.13304537565346716
2,1170,0.13304390763569499
1162,760,0.13304287862114805
1162,272,0.13304226665589877
2,914,0.13304090225179935
20,68,0.13303769004786356
2,330,0.133036558424148
9,1028,0.13303548782813449
1006,267,0.1330277348151597
778,767,0.13302409317024064
2,628,0.13302301186920348
692,759,0.13302128445025752
1162,752,0.13302020114187266
1162,1067,0.1330172877068836
804,194,0.13301401009665578
9,868,0.13300691417900906
843,36,0.13300560093646938
295,121,0.1330038130796488
351,1088,0.13300047357480926
64,306,0.132993555643882
20,1061,0.13298560360915118
986,1001,0.13298490063254842
919,1008,0.1329830634159186
919,1027,0.13297667647751493
355,929,0.13297529358215301
692,910,0.1329751333371255
1064,414,0.13297481682325688
769,508,0.1329728318119824
295,1097,0.13297012253767126
355,1075,0.1329593984589951
1064,389,0.13295145719037904
1064,102,0.13295033640405354
944,485,0.1329475812885208
1006,360,0.13294541536542476
64,290,0.13294467069221377
944,412,0.13294152303152668
716,626,0.13294135530177115
716,688,0.13293753840703845
351,32,0.13293530142300247
716,59,0.13293342144149728
64,578,0.13292940123677016
986,228,0.13292906967496465
351,1080,0.1329203414512899
712,697,0.13290632293233048
20,1053,0.132905100749152
919,738,0.1329041411971805
20,1168,0.13290197312215604
1162,535,0.13289983618381726
1006,977,0.13289923091137326
1006,146,0.13289805660754211
944,210,0.13289665869657347
100,1054,0.13289114857497394
986,727,0.13288890865567013
356,1052,0.13288839493780588
769,1120,0.1328864349286315
716,369,0.13288386804477056
355,384,0.13288343768700697
1162,839,0.13288255263358356
20,1197,0.13288057418127905
144,98,0.13288011880366324
1162,562,0.13287784234044545
356,675,0.13287211246146266
64,1073,0.1328706758203921
716,148,0.13286884575564403
986,1024,0.13286518944721565
778,51,0.1328642506827405
9,852,0.1328640618897859
9,1109,0.13286003681907416
351,555,0.13285979953767438
20,792,0.13285764559297522
64,615,0.13285639534900803
356,1129,0.13284658981412836
356,949,0.13284655323703043
356,747,0.132842180366156
146,24,0.1328397686637144
355,1014,0.13283843034110052
944,650,0.13283506328415806
1162,187,0.1328343153128648
421,265,0.13283078254082104
1162,142,0.13282766084604306
1064,970,0.1328245523033392
944,293,0.13282355670277338
1064,447,0.13282223642144458
351,389,0.1328221005564911
295,620,0.13282144913412158
1162,412,0.13281704472499295
100,1096,0.13281571125947902
356,73,0.1328140968327573
944,462,0.13281293792428778
9,1063,0.1328094710053881
986,315,0.13280678628019066
944,383,0.1328034909805311
986,628,0.132803256160626
986,696,0.13279928639855992
716,1202,0.1327988217341544
20,1185,0.1327984933369971
184,411,0.13279765446632585
2,130,0.13279313736736625
944,1108,0.13279191414712282
769,274,0.1327911633136304
840,265,0.1327893208552418
1006,664,0.13278582744351577
769,442,0.13278354773060558
64,367,0.13278184751263414
351,261,0.13278039085359775
351,754,0.13277926708936064
355,897,0.13277695285451316
355,762,0.13277335860200287
944,603,0.13277058387243545
64,858,0.1327694216999412
146,932,0.1327676797761419
1162,1161,0.1327640975004908
351,1126,0.13276112527138004
944,1121,0.1327604331576061
1006,932,0.13276028029403303
944,249,0.13275556693131232
146,163,0.13275029665678675
986,629,0.13274490704914127
716,392,0.132743755935579
804,689,0.13273401837236773
2,560,0.13272951250536402
769,1009,0.1327263290793506
716,1074,0.132721263905776
295,362,0.13271841073030416
356,584,0.13271531841838458
1064,880,0.13271237988437795
1162,1201,0.1327109863893587
804,99,0.13270055800695837
9,1047,0.13269253878266377
144,387,0.13269219984782415
1162,909,0.13269170724721874
804,1112,0.13269092757288925
64,992,0.13269056085647893
778,213,0.1326794588967175
100,835,0.13267076925639515
20,86,0.13267006879290544
843,677,0.13266942292877254
986,668,0.1326662400218414
986,819,0.1326635388096169
20,334,0.13265341273672776
351,1147,0.13264901419025668
919,894,0.1326396517890233
295,411,0.13263782151071335
716,738,0.13263732333184797
769,679,0.13263679311261606
356,501,0.1326337398276765
716,555,0.13263341825067837
804,882,0.1326308445899387
716,1148,0.13261695255118158
1006,1053,0.13261480535815684
716,418,0.13261280914826917
9,258,0.1326127324752447
9,1036,0.13260939309560046
9,885,0.1326082448492048
356,159,0.1326060950686289
769,130,0.13260349578637257
716,92,0.13260243620577422
944,1129,0.13259926374768877
986,738,0.1325989005131933
295,58,0.13259858261501026
2,499,0.13259811872886582
769,179,0.13259727625389264
355,644,0.13259401512710473
2,839,0.13259255775762757
843,576,0.1325856386707608
64,316,0.1325844333372559
1006,939,0.13258245095768448
944,730,0.132577219215962
100,932,0.13257516873339223
2,5,0.1325690902139051
986,1139,0.13256781156927974
1006,367,0.1325624047677674
356,635,0.1325609498475268
100,347,0.13255493770496454
295,486,0.13255437308135895
944,404,0.1325530161605184
1162,991,0.1325524675536847
2,1089,0.13255079866383435
9,197,0.13254866892297681
1162,241,0.13254855997907253
716,776,0.13254655802067747
986,741,0.1325462926337469
1006,538,0.13254483756111346
944,109,0.1325413801316313
9,598,0.13254005636934185
64,770,0.1325352048932856
295,120,0.13253455743917622
944,337,0.1325339260511502
1143,1079,0.13252861198546395
351,1120,0.13252788811440536
184,688,0.13252781358509963
2,429,0.1325273399256329
100,828,0.13252229992428183
356,1126,0.13252009561692704
355,100,0.13251991616733622
9,115,0.13251632832835042
64,995,0.13251473511535392
843,619,0.13251221466130939
356,757,0.1325089565140233
9,384,0.1325069175354294
1064,33,0.13250597964087674
20,224,0.13250423434266098
2,441,0.1325028301690776
919,21,0.13250275185272653
1162,926,0.13249810986599442
1162,850,0.13249771844179162
1064,441,0.13249576174820638
1162,1108,0.1324913893584513
986,226,0.1324891082892453
20,468,0.13248825109568607
355,753,0.13248788728074085
356,1110,0.1324877447215608
64,106,0.132480627114319
20,144,0.13248012293382147
986,32,0.1324793617844157
64,129,0.13247699143508043
1162,1102,0.13247597591266153
351,1196,0.1324750872437462
184,943,0.13247496993451716
351,191,0.1324736604168727
1162,442,0.13247155467313598
20,1189,0.13246258086797452
843,846,0.1324598734630493
100,1087,0.13245384407592445
986,670,0.13245000906319082
351,306,0.13244773777054647
351,1100,0.1324472568901702
986,997,0.13243523368055632
9,713,0.13243511658603987
944,943,0.1324306441443849
356,11,0.13242325626400153
9,145,0.1324222639947727
295,539,0.1324199082644812
64,468,0.13241867448856573
351,633,0.13241356625595227
356,544,0.13241330107170232
716,808,0.13241228493383814
1064,746,0.1324121287972009
1162,134,0.13241114811466134
9,367,0.13241035079353966
919,1030,0.1324098588331261
9,792,0.13240935459773845
944,913,0.13240861852984973
20,150,0.1324047705782359
295,575,0.132403435268704
716,988,0.1324029364381209
692,467,0.1324021393365517
20,713,0.13240108842949888
295,788,0.13240065569080298
843,21,0.13240038919825967
421,1103,0.13239305622893732
919,230,0.13239288589458867
355,619,0.13238843837195413
144,614,0.1323879416884106
1162,36,0.132378387330747
9,140,0.13237301040292032
1162,858,0.13237299543922468
351,376,0.13237242390831422
351,815,0.1323690357946949
986,412,0.13236282314494055
716,310,0.13236261303025915
356,1101,0.13235322357384866
144,673,0.1323529870461425
64,63,0.13235280328210997
295,444,0.13234946507948456
716,21,0.13234557119309145
944,111,0.1323397416159556
986,414,0.13233944206969672
356,94,0.132337561864138
778,774,0.1323348729400858
843,894,0.13233163999788033
986,362,0.13233136926692826
64,80,0.13233055869142932
295,983,0.13232776713999614
20,547,0.13232343377310332
944,628,0.13232176178626232
351,853,0.1323213814298455
840,1108,0.13231469118771508
295,457,0.1323114114714292
843,684,0.1323077317139823
184,1053,0.13230127458177787
840,598,0.13230054191792856
1162,13,0.13229992062422305
2,244,0.1322967165278698
778,1178,0.132296167379361
356,664,0.13229533898841112
986,285,0.13228655537736628
1006,762,0.13228631553276676
1006,1127,0.13228427440109597
804,1085,0.1322820685512515
716,303,0.1322750461479164
944,969,0.1322749021884971
986,583,0.13227015623948812
2,486,0.1322642313444968
692,99,0.13226329940886283
804,365,0.1322597444383097
100,357,0.13225942563409113
1064,1073,0.13225292882915418
944,46,0.1322502753893547
356,8,0.13224975738636757
2,95,0.1322353211738689
716,949,0.13223443006317506
9,338,0.13223219129995273
843,762,0.1322192345924541
919,1189,0.1322143587211865
9,1155,0.13220801334190707
1162,30,0.13220684099431557
295,207,0.13220621545187902
692,558,0.13220550172531217
986,5,0.13220272671101993
9,1027,0.13220257051629047
351,1101,0.13220106566336584
692,715,0.13219690168165507
356,29,0.13219396467205502
351,1197,0.1321911584022079
778,520,0.13218132591436563
64,839,0.13218128084221975
100,837,0.1321748112973831
295,277,0.13217348718962618
944,1195,0.13217074399966366
351,835,0.13216903538707792
20,497,0.13215392954451632
2,185,0.13214967383870793
716,505,0.13214892929696329
356,871,0.1321487363464624
351,639,0.13214533724105146
692,926,0.13214481471781162
1162,1127,0.13214450540103215
351,479,0.1321440577163257
356,260,0.13214371039268996
1162,44,0.1321418596619302
2,100,0.13214182716795939
20,537,0.13213590675102324
144,817,0.13212930638399334
716,1020,0.13212633352633424
1162,691,0.13212252961934765
692,1114,0.1321217812778014
778,185,0.13211985901422152
986,599,0.13211960038004303
295,818,0.13211579868538542
9,903,0.13211510952942085
351,166,0.13211193904735125
351,961,0.1321101350027017
64,959,0.13209786042401075
20,365,0.1320946328830309
356,606,0.13209215062781401
919,439,0.13208863874818078
944,1016,0.13208745515060588
2,240,0.13208300190350816
778,28,0.13208267885593955
9,1003,0.1320794266733161
716,1113,0.13207234699984877
20,897,0.13206952102708228
1162,962,0.1320692566639455
356,1177,0.13206831671384767
843,130,0.1320633433520465
356,355,0.13205918681487192
295,1088,0.13205846671872526
146,419,0.1320566759402711
2,730,0.1320548739966492
986,27,0.13205422970149075
944,687,0.13205098750522554
356,423,0.13205057512042528
2,813,0.13204798397207657
295,915,0.13204460568087945
919,766,0.13204034665323608
715,72,0.13204028988119978
1162,349,0.13203732865452364
64,746,0.132033887696513
20,464,0.13203143217824626
100,107,0.13202980698989605
919,796,0.13202837882368681
1064,712,0.13202659970806152
1162,207,0.13202031215324558
1162,903,0.13201927053261914
9,984,0.13201923900899798
351,187,0.13201836756883975
9,710,0.13200797479258244
20,927,0.13200739108156867
20,331,0.1320038116329619
1162,918,0.13200300920203603
351,579,0.13200127294563144
2,31,0.13199790123134866
986,423,0.1319952611429158
295,303,0.13199200089655225
64,1004,0.13199025146623455
986,927,0.13198953320802764
944,70,0.13198186868198405
351,590,0.13198145299325154
944,908,0.13198039963664507
2,1078,0.13197511891170993
356,212,0.13197150681830006
100,0,0.13197030080314778
20,198,0.13196838747887685
1064,394,0.13196535854703048
9,1128,0.13196390438901423
64,1117,0.13195781774336257
716,977,0.13195389722120807
716,434,0.1319516623542179
919,226,0.13194307637403607
355,1161,0.1319429689013392
986,442,0.13194128178580553
356,3,0.13193635742659673
1162,687,0.1319353712578041
9,107,0.1319321328453183
716,529,0.1319318297965838
1064,402,0.1319302356793759
804,1134,0.13192870992695216
295,967,0.13192687971646622
356,457,0.13192420754827436
356,758,0.13191732277558418
1006,274,0.13191589681818186
100,990,0.1319130624327603
986,880,0.1319112499703974
351,1051,0.13190495859702137
355,843,0.13190473716155227
351,44,0.1319026366158526
962,703,0.13190227046146563
843,274,0.13189954107962876
919,1202,0.13189860698889047
716,1023,0.1318978970544645
9,233,0.13189718463337352
712,1087,0.13188978025283696
9,1200,0.13188737927321995
2,318,0.13188168787106835
692,426,0.13187997071899032
20,182,0.13187959946769123
144,441,0.13187770120718728
716,1146,0.1318772842925895
1162,359,0.13187354876936963
251,1094,0.13187173600625168
944,571,0.13187015291137366
692,623,0.13186312111877624
356,353,0.13186280526317493
778,650,0.13186043832332425
9,963,0.1318562022593731
64,41,0.13185618398424956
1162,188,0.13185597199604468
20,926,0.13185246990227664
778,389,0.13184683162217134
919,1139,0.1318456359732389
692,361,0.13184554050147407
986,31,0.13183615577588167
919,628,0.1318356136263774
944,261,0.1318336164590483
351,896,0.13183310609883414
2,73,0.1318316625434434
1064,270,0.13183132016453392
778,601,0.1318296649293554
1006,671,0.13182939342944847
944,1029,0.13182847324944438
355,1154,0.13182744068895313
944,847,0.13182445058824738
1064,503,0.1318212351445614
986,210,0.13181960730866535
100,878,0.13181820059822666
100,1153,0.1318171736731868
356,643,0.13181065918413593
351,950,0.13181060885448867
9,904,0.1318079382842023
356,895,0.13180683501095708
919,1108,0.13180605726189257
843,486,0.13180064993196763
840,411,0.13179897383898243
144,798,0.13179857771895176
295,468,0.1317929582322748
100,332,0.1317854687402395
919,434,0.13178430368271635
421,144,0.13178239435505681
20,925,0.13177817698829158
64,874,0.13177611143848741
351,615,0.13177550553660003
351,549,0.13177228446507694
716,1037,0.13177018424314255
1064,595,0.1317682020034624
9,214,0.13176618790945796
919,246,0.13176564457982176
2,69,0.13176385878234534
716,877,0.13176129178520476
716,215,0.13175941718202766
944,544,0.13175934731629582
295,735,0.13175504539002159
1064,351,0.13174569646378018
295,354,0.13174364374121647
184,909,0.1317432556095117
919,927,0.13174282857962974
986,820,0.13174176200448492
295,961,0.13174172650291047
184,1199,0.13173981509815216
769,934,0.13173739331328327
2,174,0.13173604631886351
716,426,0.13173434463183717
20,255,0.13173029125143393
769,1014,0.13173022634903964
1064,101,0.13172858720947014
1006,27,0.13172211744238677
295,535,0.13171987242059344
351,198,0.1317178342645055
1064,1024,0.13171745188565218
716,915,0.13171129815152335
100,70,0.1317024994447539
20,522,0.1317011193404615
778,1159,0.1316973720052751
840,1126,0.1316956329133253
944,1170,0.13169331586667307
944,225,0.13168938863278695
355,1139,0.13168574674589686
2,166,0.13168561494537614
1162,119,0.1316853676896171
2,145,0.13167596939496004
692,690,0.13167444785151367
356,119,0.1316684227385575
692,1168,0.13166669686808236
295,1156,0.13166623245705725
716,1111,0.1316651708376111
778,583,0.13166076200712037
919,616,0.13165864413536293
9,303,0.13165838073384006
1064,606,0.13165699755563437
716,1114,0.13165516303537225
351,702,0.13165139210275018
986,82,0.13164775817648872
712,1202,0.13164211004469692
2,657,0.1316419774346954
20,827,0.13164100540610635
355,1110,0.1316345497807703
944,0,0.1316345497505352
1162,910,0.13163136316129226
919,647,0.13163131429642952
100,669,0.13163078611907858
778,445,0.1316282979846446
421,627,0.13162678172021738
716,1177,0.13162496654925263
421,1191,0.1316233497515914
692,580,0.13162164983843888
986,13,0.13161836182043135
295,100,0.13161224607113545
9,612,0.1316117381717053
295,136,0.13161137763464126
9,925,0.13160997211279224
295,908,0.13160565939691868
9,693,0.13160417843685038
692,353,0.1316037888099571
944,1165,0.1316002158746308
778,779,0.1315977146877178
1162,82,0.13159608876492496
351,1085,0.13159174635715395
769,764,0.1315879617960903
100,376,0.13157994878248735
1064,94,0.13157229439543444
919,353,0.13157192302015266
1162,741,0.13156593788864854
1006,33,0.13156474287931785
64,711,0.13156172323832005
64,356,0.13156139146982415
1064,361,0.1315607411937611
716,1048,0.13155795294834316
778,1161,0.13155279231292405
1162,907,0.1315505224620296
356,838,0.13154941511097928
769,965,0.13154879318338505
355,839,0.1315454729216941
944,705,0.1315412651268235
716,619,0.131535208034649
692,228,0.1315335516253409
804,165,0.13153332525836964
2,653,0.13153003162277396
1162,458,0.1315276893437328
2,549,0.13152412909206723
9,155,0.13152368107634477
2,307,0.1315231663850303
184,950,0.13151874761788962
356,1164,0.13151859628078935
9,833,0.13151515577262493
944,767,0.13151292549241075
64,721,0.13151255511933926
2,1015,0.13151088454295748
716,857,0.13150220193652937
295,164,0.1315011341036586
295,1174,0.1315008068125697
9,296,0.1314999422001693
356,54,0.13149831539367748
1162,628,0.13149830658719155
1064,463,0.13149714278847158
986,133,0.131492680303954
356,90,0.1314902443129294
778,272,0.1314855196288649
843,712,0.13148337843572647
2,457,0.131480252129478
2,251,0.13147793141498743
9,1049,0.13147439889533216
64,487,0.13147306091000993
843,549,0.13147202406876465
356,219,0.13146835516271976
1006,155,0.13146678166191111
944,167,0.1314635362339643
295,750,0.1314549779523067
944,1151,0.13145376816143947
356,694,0.13145109472671854
355,99,0.131445331525116
351,112,0.13144519740830068
2,1117,0.1314443877155901
351,689,0.13143977380180702
20,749,0.1314386782066245
20,637,0.13143801894835017
351,948,0.131434713166204
356,482,0.13143455472348956
355,264,0.13143244950098795
356,707,0.1314254035476163
351,776,0.13142315863472165
778,313,0.1314165998588635
944,52,0.13141654318451154
146,227,0.13141558756789967
356,947,0.13141227673699846
986,38,0.13140984170065903
356,1016,0.13140619660899175
716,178,0.13140178606697298
100,229,0.13140107978704155
778,1088,0.13139641935906202
1064,1191,0.13139360863952204
2,118,0.13139256104094993
351,622,0.13138379831391503
2,824,0.1313817302483214
9,451,0.1313798584846031
778,692,0.13137151573860176
944,187,0.13136966138441056
356,369,0.13136589931195541
295,116,0.13136473668900958
2,40,0.13136099350644603
2,779,0.13135982454845174
100,412,0.13135974671497153
144,1163,0.1313562510765939
804,549,0.13135387885498076
919,418,0.13134906641887079
804,417,0.13134758938842325
778,212,0.1313462484648037
716,9,0.13134015458366818
1162,607,0.13133575424250554
2,168,0.13133260727026172
295,965,0.13133168240769766
9,857,0.13133128052325957
64,935,0.13132743835194402
356,847,0.13132474275702463
355,36,0.13131915445453482
716,819,0.1313180164607772
1064,115,0.13131616231501722
100,491,0.1313159148560235
843,669,0.131312015640052
1006,501,0.13131044827249622
804,825,0.13130943606122072
184,1202,0.13130872592783674
944,803,0.13130840222652937
716,77,0.13130258570413533
1162,496,0.13129464101083596
1006,828,0.13129166563358874
351,467,0.13128805150718695
778,356,0.13128742621225917
716,179,0.1312862832504309
100,1113,0.13128556420973866
356,1083,0.13128459129953005
295,1007,0.1312837862771378
1006,441,0.13127984090809267
356,733,0.13127680032787456
716,962,0.13126474244738412
778,820,0.131263846331477
944,620,0.13126075496700518
840,927,0.1312586237606088
716,3,0.13125851963168514
64,77,0.13125467717544087
769,1202,0.131253963025786
295,1096,0.13125332611019042
9,1054,0.13125187334331254
1006,180,0.13124286707172492
295,310,0.13123545432713754
919,212,0.13123490221658335
769,676,0.13123037596508075
64,882,0.13122862523180953
577,369,0.1312254056083601
100,373,0.13122248800890424
184,626,0.13122027212129445
1162,245,0.13122022647933865
295,792,0.13120978143657258
100,813,0.13120707706511112
944,318,0.131206864834962
9,3,0.13120229881292714
2,180,0.13119839777404002
577,448,0.13119513250597536
986,6,0.13119074517222667
1006,709,0.1311892155649913
100,16,0.1311876259923497
20,921,0.1311831824522145
962,374,0.1311828109929341
716,272,0.1311806090917597
295,226,0.1311800426413414
716,669,0.1311800317874922
944,732,0.1311772978732503
100,652,0.13117573234580626
351,56,0.13117572922505433
356,701,0.13117537511415145
100,1053,0.13117447234089255
1162,47,0.13117288443816943
20,846,0.13117266389731763
421,629,0.13117257412228023
716,869,0.13117064226591965
944,992,0.13116457171977056
692,1103,0.1311627045630979
804,1004,0.13116203054906303
1064,601,0.13115582638559323
100,935,0.13115574555235698
1162,905,0.13115483439271516
20,632,0.13115439144769922
1006,37,0.13115242135774577
356,966,0.13115038706428486
716,359,0.13114836068860386
716,94,0.13114820398806512
9,23,0.13114615341093622
1162,792,0.13114455794348076
986,810,0.13114413254383414
1064,140,0.1311408175909874
986,716,0.13113982927838805
64,130,0.13113785777550396
692,628,0.1311337217375163
716,1016,0.1311333588307767
1162,181,0.1311333561559944
356,836,0.13113223583656985
769,63,0.13113038546352757
356,979,0.13112904055426508
840,993,0.13112594004166145
64,416,0.13112473836283825
778,144,0.13112354150760344
1162,623,0.13112303429142758
804,724,0.131121145975955
295,861,0.1311181681615814
944,263,0.131117002682524
2,1139,0.1311120480130241
1006,811,0.13110723370784738
356,359,0.13110447116875795
9,1053,0.131100930796806
716,113,0.1311002581273506
1006,221,0.1310893489521131
295,145,0.13108200498367698
986,1178,0.1310802363775615
1162,133,0.13107561243678015
944,564,0.13107461610083587
1162,156,0.13107164993647197
716,230,0.131070803272841
351,226,0.13106550947868248
1162,379,0.13106325843979036
9,32,0.13106224777884604
1162,1138,0.13106123398159544
840,1184,0.13106078236073107
100,261,0.13106077229663954
64,1012,0.1310601061316974
356,165,0.13105898744928118
184,146,0.13105600201090384
9,19,0.13105146061079498
944,613,0.13105037633653488
986,233,0.13105023768482996
692,513,0.13104983600167738
1162,1009,0.13104714439207976
100,614,0.13104176449544766
919,209,0.1310398074574373
577,1020,0.1310355383760491
986,734,0.13102699906868734
716,162,0.1310266125616052
1064,640,0.13102417545390688
778,644,0.1310237891486165
1162,1159,0.13102325441021523
778,1155,0.13102221893730828
716,973,0.13102136640694223
919,578,0.1310209253751689
986,934,0.1310189351165992
2,728,0.13101888719617263
295,1117,0.13101125434913652
716,746,0.13101012869513215
351,586,0.1310041629487642
986,1176,0.1310021417449205
1064,1159,0.1310000484482005
64,560,0.1309888179932601
295,547,0.1309838890442229
804,671,0.13098353513090233
1162,928,0.13098162328899754
919,926,0.1309804272796648
295,692,0.13097905883507155
944,918,0.1309783781498535
421,531,0.1309725740524738
944,905,0.1309724154803218
716,1069,0.13097152967274003
9,177,0.13097041907459545
986,249,0.1309690577512925
778,618,0.13096874654507817
843,280,0.13096300351877713
1064,318,0.1309585063163576
9,0,0.13095635475435277
355,192,0.13095566522492738
944,586,0.1309545934526507
986,1173,0.1309526314080966
100,458,0.1309526138002406
2,1126,0.13094873255814543
944,892,0.1309483163037216
716,674,0.13094826873931847
769,701,0.13094725006295949
144,926,0.13094506961004593
692,1126,0.13094430560918435
356,598,0.13094312385155618
351,694,0.13093982518901642
356,1033,0.1309397624370486
355,880,0.13093883932613673
769,851,0.13093707648523067
64,913,0.13093704948322504
9,464,0.13093406539644306
944,729,0.13093130078543702
356,920,0.13092835522151894
355,446,0.13092430023274873
716,1158,0.13092417101266848
1162,420,0.13092301116052626
2,638,0.13092270058108008
1162,688,0.13092061836568072
421,745,0.1309143518513835
355,79,0.13090833115162526
295,649,0.1309041839194721
184,88,0.1309020492031384
64,206,0.1308958247980138
692,180,0.1308831756234781
843,89,0.13087940496776435
986,448,0.13087626926139367
986,426,0.13087083593224053
355,709,0.13086462895305667
64,838,0.13086282856635753
9,871,0.13086262170809482
944,1087,0.1308591378060992
2,603,0.1308587980484002
716,1155,0.13085570730135324
804,342,0.13085523743195948
1064,1108,0.13085092493745404
2,467,0.13084936954103307
692,1117,0.13084914180395948
9,427,0.13084349058032863
64,387,0.13084246954299014
1162,838,0.13084201430290732
295,652,0.1308387184675851
716,1059,0.1308332495536535
100,816,0.13083134060129514
944,703,0.13082137748599454
778,729,0.1308212360626585
986,560,0.13081552037047378
843,1176,0.13081295761497017
769,840,0.13081233632979236
1064,185,0.1308045891559306
1006,402,0.130803923721713
64,932,0.13080046597656403
986,155,0.13079301532505772
351,390,0.13078652951643566
295,92,0.13078560272294348
778,544,0.13078451809708103
9,239,0.13077861471658947
944,365,0.13077838163317151
986,853,0.13077309625202893
9,689,0.13076665606695131
20,650,0.1307560964534824
2,947,0.1307559797983927
843,529,0.13075410323832362
919,167,0.13074982018403417
716,1072,0.13074940103043292
20,180,0.13074932838847594
843,921,0.13074716391942387
251,1061,0.13074262406371556
919,1037,0.13074216710264394
2,767,0.1307416412804013
944,271,0.1307400879298914
184,387,0.1307399657906974
716,677,0.13073983238069534
692,703,0.13073963095837102
64,725,0.1307395361721427
2,434,0.13073788932444466
804,185,0.1307361033374819
843,675,0.13073545026256156
9,645,0.1307343552884515
351,194,0.13073388789113677
986,48,0.13073333664270614
64,1031,0.13073314888811538
64,30,0.13073287068791178
1162,583,0.13072669847110596
986,1048,0.13072667099121774
295,1009,0.13072183856373096
356,753,0.13072159369714795
356,506,0.13071734707314256
351,303,0.13071687995330158
716,228,0.13071075724166736
295,797,0.1307078337657584
778,848,0.13070412356946554
2,741,0.13070088633552357
184,468,0.1307007115914096
64,390,0.1307004110505526
20,877,0.1306980995828044
421,261,0.13069720203029053
1162,1128,0.13069411783512733
804,535,0.13069125040084462
144,640,0.13068887916640357
9,382,0.1306874936388909
295,970,0.13068735928281566
692,652,0.13068686281198233
356,628,0.13068545811224636
64,890,0.13068300930245608
1162,145,0.1306828617395647
184,885,0.13068023070576615
1162,1157,0.1306791298874485
9,589,0.1306743410939744
843,1014,0.13067100546077634
986,349,0.13067004422659106
944,1068,0.13066766110093145
351,843,0.1306637143358509
944,173,0.13066309573947527
9,859,0.1306626891200798
356,1089,0.13066210991777735
20,1028,0.13065696727358178
295,106,0.13065398962173566
692,573,0.13064925836580643
355,140,0.13064374173408502
778,1062,0.13063849425780236
146,627,0.13063595797048208
1064,628,0.13063393712448715
355,671,0.13063028843767213
2,459,0.13062887326698933
692,278,0.13062771768279663
356,526,0.13062757259745303
778,436,0.13062496650953279
356,833,0.13062313547370363
843,839,0.13062261396307928
64,766,0.13061996815813592
1143,774,0.13061936274024774
351,290,0.1306188643367228
9,288,0.13061222762243022
356,99,0.13061038308615233
9,267,0.1306007928072851
2,547,0.1305929396643367
716,578,0.13059148657281663
577,62,0.13059116864918308
351,798,0.1305911331957677
1064,1001,0.13058891121937316
2,1113,0.13058433216222579
962,778,0.1305824399883263
919,327,0.13058134937125973
944,363,0.13056549068023202
944,833,0.1305618414132303
944,1023,0.13056026582915592
295,760,0.13055818792277357
100,1139,0.1305517702132311
295,123,0.13054890394927354
356,1012,0.13054720362861993
919,1184,0.1305469944120587
20,148,0.13054384851809336
778,354,0.13054327182582293
295,428,0.13054130433075822
351,242,0.13053618549391457
356,909,0.1305355493840095
295,1062,0.13053523925223282
919,1143,0.13053487084682447
295,1085,0.13053341128181184
692,1014,0.1305306305313614
804,516,0.13052814023875053
356,425,0.13052486484755316
944,214,0.13051165991203106
356,270,0.13051102823695207
986,584,0.13051012090361142
9,414,0.13050728319737984
919,368,0.1305048751666979
986,319,0.13050272608786245
944,294,0.13049617143669573
144,1199,0.13049469221307858
351,983,0.13048812416393
184,1037,0.13048750316172408
1162,200,0.13048734090995973
769,623,0.13048685515314
778,75,0.13048411017637124
716,686,0.13047911799427145
20,1064,0.130478264888699
351,119,0.1304767425120211
716,387,0.1304761936855668
769,334,0.13047153209200374
356,743,0.13047035517392644
1064,865,0.13046949810714176
843,899,0.1304672468342761
64,1041,0.13046018469633672
919,328,0.13045921943276673
64,335,0.13045762052309767
577,181,0.13045696160264839
144,1085,0.13044975949958978
64,37,0.13044651733437887
1064,997,0.13044435604528112
20,710,0.1304407850428373
20,623,0.13043304474669562
692,894,0.1304297191769041
100,33,0.1304273527437178
295,1101,0.13042730194978325
64,984,0.13042638215342722
9,98,0.13042596597195008
355,402,0.13041950062835636
20,962,0.1304066511224519
295,244,0.13040586824148923
986,1088,0.1304020653247231
716,545,0.13040019750896395
9,72,0.1303975484930807
295,837,0.13039627487461106
351,570,0.13039624471910083
919,669,0.13039484624624095
295,721,0.13039305308308174
9,471,0.13039210275386282
944,98,0.13038958961033595
1162,633,0.1303826620757962
2,1086,0.1303826590726603
778,453,0.1303819026200568
20,433,0.13038030947687293
843,38,0.13037958123133803
20,344,0.13036237411248822
295,505,0.13036196513858994
2,405,0.13036114830361625
2,86,0.13036042136242154
716,597,0.13035753171279268
716,1085,0.1303527954450395
1162,842,0.13034531126883014
944,1092,0.13034366610894882
804,680,0.1303425659252364
919,1199,0.13034097417594656
1162,579,0.1303369368845673
804,1165,0.1303328170719356
2,257,0.1303325097694984
944,599,0.13033198428214576
351,1200,0.13033174648118098
1162,595,0.13032142998139137
804,628,0.13031921371448246
1162,635,0.13031521597344162
351,435,0.13031257237650473
295,1203,0.13031094883202704
1006,8,0.1303042324995167
356,232,0.13029273152643225
1064,401,0.13029118943299578
64,543,0.13029071041490023
716,615,0.13028950432541203
2,290,0.13028897669732767
986,128,0.13028776813814813
804,619,0.1302870247200231
351,704,0.1302828283619266
944,86,0.13026942121141777
769,115,0.13026882970201634
2,615,0.1302657827038865
351,265,0.1302653188976028
986,813,0.13026512800994164
64,372,0.13026438445559987
986,467,0.13026419778645187
840,715,0.1302609179586826
986,775,0.13025932319857247
1006,1155,0.13025705197919193
64,22,0.1302559502748577
9,1130,0.1302559188631815
919,700,0.13025080024602817
716,946,0.13025063295653422
986,498,0.13024434063056167
986,609,0.1302416299180383
986,119,0.13023981552573988
843,401,0.1302353933013302
355,620,0.13023158738214075
919,784,0.13023064076607077
356,1001,0.13023003359820762
944,1096,0.13022843364042072
356,107,0.1302282549789
356,290,0.13022784293542566
2,316,0.13022780457150074
64,724,0.13022610901727968
64,1135,0.13022534609799064
692,501,0.1302201986658876
9,669,0.13021474095055757
144,447,0.13021441988048782
919,838,0.1302100485267746
1006,792,0.13020750647792753
146,851,0.13020681933553566
9,497,0.13020245446383705
778,161,0.13019809782954506
1162,710,0.13019583126340778
692,485,0.1301950175617262
804,1189,0.13019480321338817
716,534,0.13019451351056527
9,705,0.13019382885086017
64,846,0.13018845193914583
944,1031,0.13018660759182044
944,1193,0.13018605652476448
356,713,0.13018105256131277
919,306,0.13017888698464605
356,381,0.1301763515183653
716,1007,0.13017466996986463
1162,1043,0.13016580866413127
1006,623,0.13016529173068464
919,954,0.13015675167970736
804,1153,0.1301539144797444
986,776,0.1301480358374751
20,848,0.13014728305443832
1162,1051,0.13014696498361797
64,527,0.1301467512987228
146,30,0.13014614597693575
9,431,0.13014283651554417
356,347,0.13014162742316213
716,1138,0.13014144488649285
1064,86,0.13013553261869473
1006,991,0.13013340619430777
986,144,0.1301325990812698
20,635,0.13011974100113505
944,502,0.1301135153076926
944,307,0.13011252275246044
351,274,0.13011033519754614
184,503,0.1301100329138923
919,193,0.13010957298954917
986,652,0.13010391312593322
944,1093,0.13010376983594674
9,607,0.13010130652567795
351,347,0.13009871132645703
2,835,0.13009567292978988
1006,638,0.13009505536271973
9,44,0.13008174212457843
843,1009,0.13007883121396938
1064,366,0.13007582943041976
9,283,0.13007565577085828
356,773,0.13007456900133696
351,833,0.13007413229520234
9,1073,0.13007390032888522
184,142,0.13007285327285215
20,654,0.1300715757935765
295,1086,0.1300706427970715
295,542,0.1300697934529396
64,1010,0.1300685234976562
692,618,0.13006403576272554
9,410,0.13006354739370793
351,248,0.13005936400535956
986,962,0.13005855557638335
692,476,0.13005807546926948
944,1180,0.1300557635985166
64,242,0.13005062030895612
716,102,0.13004679465920183
843,1040,0.1300443958700233
9,685,0.13004326857463047
356,404,0.13004033834014822
944,959,0.13004012746782675
356,221,0.13003898137795167
351,70,0.13003537279421798
692,531,0.13003537070527144
351,750,0.13003360415344223
2,151,0.13003318897239513
100,69,0.13003045483718242
716,1000,0.13003022292730615
2,196,0.13002989125802442
100,148,0.13002859751737514
1162,576,0.1300275735172046
715,967,0.13002719265378684
356,531,0.13002665117256804
986,240,0.13002467967247425
351,167,0.1300243071788871
843,1134,0.1300177307120445
2,1163,0.1300141453029863
769,131,0.13001349567468487
1006,640,0.1300123684927374
692,1051,0.13001059465313605
1006,453,0.1300102691432899
356,894,0.13000963878629096
919,501,0.12999941194452694
356,1079,0.12999872785403638
834,540,0.12999540822458372
944,330,0.1299952969703444
944,731,0.12999033689174216
64,192,0.12998913450877173
716,499,0.12998899771951247
9,172,0.1299813369572893
692,952,0.12998119567852875
64,702,0.1299806205519591
716,5,0.12997924816005674
184,180,0.12997909343881806
716,51,0.12997491106771022
1064,983,0.129974332629984
2,579,0.12997408156925
184,8,0.12997381193921434
9,1127,0.12996877277572974
100,327,0.12996797496212256
2,931,0.1299662516517754
944,336,0.12995100178987598
692,191,0.12994849513228837
843,144,0.12994646474021265
716,446,0.1299448619246519
355,236,0.12994371704552307
356,320,0.12993869744035627
919,791,0.12992738444150553
716,201,0.12992673741721436
1006,102,0.1299251994793649
1064,1190,0.12992348451206923
184,451,0.12992307445872864
769,575,0.12992271110446793
351,1117,0.12992270109211904
356,103,0.12992162837015547
944,814,0.1299215199145074
944,1078,0.1299194340789712
692,961,0.12991837512765766
769,1053,0.12991619682073205
100,82,0.12991464346648957
769,1001,0.12991388026437564
778,952,0.12991337371449255
64,1113,0.1299089154547462
804,479,0.12990300039081246
1006,613,0.12989987700886954
692,813,0.1298997510875788
1162,843,0.1298971947378443
1162,179,0.12988837612837287
2,1131,0.1298829775938541
2,1068,0.12988138231436322
716,291,0.12987744115303082
144,1067,0.12987613171836748
716,327,0.12987076666424277
64,233,0.12985959067378264
356,938,0.12985571187589945
769,816,0.1298507926599931
778,939,0.1298505332660801
355,906,0.12984581041076526
944,900,0.12984496739813964
2,261,0.12984435385047885
351,236,0.12984207538284825
843,818,0.12984101317317384
100,951,0.1298402501824062
716,570,0.1298357810669775
2,777,0.12983437044715676
769,1184,0.12983290077087078
20,737,0.12983241265232376
944,527,0.12983078218902372
1162,921,0.12982814851306365
20,88,0.12982797469136662
100,558,0.12982767263048992
716,558,0.129825299544257
804,873,0.1298249061304389
919,47,0.1298216175784001
2,780,0.12981768301661595
100,829,0.12981767345701348
919,89,0.1298146561353571
1162,615,0.12981418809799714
1162,631,0.1298112130512225
2,851,0.12980467726235445
100,92,0.12980126876350634
100,548,0.1298003958143305
692,276,0.12980015754622468
962,364,0.1297904838776358
716,48,0.12978815782264613
843,267,0.12978632450222263
100,979,0.12978403092777907
1162,673,0.1297825655183072
1162,885,0.1297793341156747
1064,782,0.12977809106070512
1064,1004,0.12977348968499353
100,910,0.12976766330795023
64,1167,0.12976552479553954
64,361,0.12975928472389858
356,907,0.12975099579825958
295,816,0.12975042865962894
840,1087,0.12974869916193701
355,504,0.1297479162360887
1006,956,0.1297459516594697
840,1086,0.1297440145584195
716,964,0.12973087079567078
716,610,0.12973050908105763
1064,1126,0.129727386717691
356,202,0.12972138804452854
919,1157,0.12971804010656318
716,611,0.12971779621553767
716,355,0.12971705173869622
1162,165,0.1297159634704966
769,894,0.12971536515603105
2,932,0.12971514773470386
692,797,0.12971324894798583
919,1190,0.12971159608958635
840,128,0.12970835957561955
843,815,0.12970708410489656
843,34,0.1297068561411618
843,107,0.1297031614534275
295,1196,0.12970000873723408
421,1009,0.1296979387101895
716,8,0.12969730913123614
919,737,0.12969417883903153
692,572,0.12969199163670922
20,939,0.12968994626439267
351,442,0.1296886729283744
716,476,0.12967948985200656
9,946,0.1296782843355706
944,276,0.1296740095877478
986,644,0.12967236442323998
295,1065,0.12967161421682943
919,1050,0.12966439614773728
778,200,0.12966244382518954
804,940,0.12965694246435785
804,846,0.12965113757307825
843,75,0.12965003285264798
1162,531,0.12964909498658128
944,319,0.12964874574453408
9,1008,0.12964846764602958
778,1136,0.1296460360744046
804,98,0.12964580829562466
1064,1,0.12964564869828815
986,89,0.129644485636342
355,965,0.12964413196215696
356,1068,0.12964128850501655
355,846,0.1296412428853771
986,951,0.1296365102910868
2,644,0.12963568980954585
804,543,0.12963209937622655
715,540,0.12963068316892537
778,365,0.12962931363313246
356,666,0.1296292506807248
9,727,0.1296271346359138
778,1108,0.12962552514321943
692,908,0.12962344446678634
295,102,0.1296223366505174
9,390,0.12962127963781855
944,146,0.1296142073297951
919,332,0.1296134563917784
100,132,0.12961199041259144
692,221,0.12961090988397425
1006,929,0.12960845538311674
1006,266,0.12960756237615384
356,375,0.12960655798007692
144,280,0.12960020534885097
100,996,0.1295957139071898
355,453,0.12959528767202694
778,539,0.1295906873232419
712,677,0.12958845875413869
1064,710,0.12958678558796266
986,434,0.12958436855440925
778,303,0.12958333696505345
355,726,0.12958129062964177
843,33,0.12958016104364703
2,977,0.12957485301550528
716,268,0.12957313904296588
351,1128,0.1295685153326871
20,325,0.12956444005540804
64,16,0.12955787402555335
1064,665,0.12955628782845702
20,296,0.12955217894423848
9,114,0.12955208910001464
295,939,0.12954848010440198
944,1158,0.1295482342927217
1064,125,0.12954256756990049
840,983,0.12953962080685227
919,576,0.1295396004341506
351,545,0.12953904353704196
692,160,0.12953521254518965
2,255,0.12953220494770054
843,449,0.12953045985266967
100,952,0.1295302236429686
356,890,0.12952648296563835
692,1155,0.12952618219598397
64,968,0.1295242907944844
295,803,0.12951982846899543
986,457,0.1295191181441594
986,922,0.12951703307141355
20,1203,0.12951552787861417
64,758,0.12951461160078898
716,205,0.12951239948452786
692,1062,0.12951181259865407
295,403,0.12950929219535204
778,184,0.12950063405438428
1064,828,0.129499718108739
20,1073,0.12949835378926805
716,641,0.12948776133712347
100,74,0.12948601480030555
100,672,0.12948285476640684
9,621,0.1294792720499466
2,15,0.1294762575104907
421,836,0.12947608514444808
295,764,0.1294757597506813
356,364,0.1294674383179669
144,737,0.12946478191414335
144,486,0.1294643783728277
712,364,0.12946174041373726
716,671,0.1294591188575325
986,838,0.1294570297483255
184,366,0.12945582170756875
986,788,0.12944515796356373
716,467,0.12944338324068852
944,129,0.1294420156637411
421,834,0.12944094738320452
356,1141,0.12944011468084576
1064,531,0.12943873261309533
295,384,0.12943536144935144
716,299,0.12943170937837847
356,179,0.12943062029402924
840,1009,0.12942318416994017
355,276,0.12941546596004191
944,232,0.12941439857659562
716,948,0.12941423023910356
295,635,0.12940942540050787
144,951,0.12940661167369216
184,1197,0.12940451855014581
1064,75,0.12940433932960915
351,284,0.12940038157561948
295,598,0.1294000024824302
100,105,0.12939848072858534
1006,1165,0.12939650389762436
840,361,0.12939590997169034
715,612,0.12939550533512506
716,356,0.12939478597299514
1162,873,0.12939262710211571
351,780,0.12939098754571352
295,982,0.1293869671206711
944,985,0.1293844168755195
146,982,0.1293829245072324
986,523,0.1293820854958221
184,276,0.1293787247314036
356,1190,0.12937473247254236
944,440,0.12937163213309458
1064,894,0.1293681993484407
295,307,0.1293681064053593
919,997,0.12935995573301826
9,1072,0.12935974391609179
356,1057,0.12935560055453177
769,642,0.12935559942078959
962,710,0.1293538291816004
64,1181,0.12935272081978835
295,465,0.12934563833217858
919,862,0.12934292035356565
944,278,0.12934217588054653
295,501,0.1293406777750561
712,543,0.12933826445017524
716,1199,0.1293379890128009
944,758,0.12933517126260755
1064,251,0.12933419608553462
100,1080,0.1293329012381971
2,277,0.12932746977308965
919,476,0.12931977802997927
100,775,0.12930709130940213
351,359,0.12930683072467494
146,151,0.12930495905393888
1064,1023,0.1293033598080143
20,616,0.12930318658770415
986,946,0.1292979688912397
146,709,0.12929729052044867
1162,225,0.12929631217145227
986,402,0.12929314779201906
716,1031,0.12929185849678387
944,1123,0.1292893795735045
184,498,0.12928878262325316
944,18,0.12928741516176576
9,245,0.1292856689658371
840,952,0.1292811943562218
1162,124,0.1292801921581662
919,1127,0.12927740117638906
355,165,0.12927717815038678
986,1152,0.12927667653083186
944,1071,0.12926744268892196
804,989,0.12926730651942475
20,479,0.12926411840865265
919,932,0.12926049785219518
9,1041,0.12926008021395355
356,640,0.1292540012233425
778,498,0.12925101733106256
295,257,0.1292509151486886
9,950,0.12924843533367328
919,14,0.12924828054836218
295,580,0.1292438317416204
692,599,0.12924258481950907
692,951,0.1292415797430978
64,623,0.12923979014894346
986,42,0.12923960015330155
716,925,0.12923598674469605
100,401,0.12923137396815726
692,591,0.12923021644512458
804,1117,0.12922650316071493
919,447,0.12922248845580775
64,774,0.12922021551763696
355,738,0.1292194776811676
769,374,0.1292144718381675
716,226,0.12921437161885296
1006,165,0.1292127859782023
2,84,0.12921200270267588
1064,343,0.12921179581374975
944,482,0.12921025614159756
351,161,0.1292093907284491
692,88,0.12920906883669317
1006,736,0.12920650061273048
351,230,0.12920397933546962
1064,874,0.12919644181963288
351,278,0.12919447022139494
20,1106,0.12918831951830453
986,815,0.1291863815844683
1064,34,0.12918505919460643
692,181,0.1291841331759756
356,418,0.1291809726586948
1162,54,0.12918079829735254
356,882,0.1291773766928815
840,36,0.12917530032317462
100,1035,0.12915991411845532
2,694,0.12915986353793524
100,800,0.12915818596955483
351,295,0.12915611173379035
919,1012,0.12915288715028084
692,732,0.12914789161938314
716,123,0.12914764785194707
919,508,0.12914536136777952
1162,146,0.12914324596745394
100,101,0.12914254170984454
944,1054,0.12914238435225076
100,838,0.12913484490113863
9,862,0.1291336363743791
716,334,0.12913211945776754
919,317,0.12913203061550407
146,962,0.12913105731007407
9,66,0.12912803886921984
944,150,0.12912561679572598
100,486,0.12912538269904283
9,524,0.1291243716097608
716,956,0.12912317302477536
351,827,0.12912260226376998
1064,22,0.12912076847647622
986,659,0.1291207120418375
1064,775,0.1291124380073354
843,73,0.12910217279279665
804,840,0.12910098661671207
804,264,0.12909957899042737
1162,829,0.1290973872565351
712,977,0.12909639389757713
184,194,0.12909512758763678
100,948,0.12909310130862658
9,2,0.1290802182209402
64,832,0.12907574943993377
716,622,0.1290746594613008
295,679,0.12905831144706603
692,1092,0.12905656929466833
144,571,0.1290560966448721
843,585,0.12905154827525706
716,143,0.1290493472835368
769,1149,0.12904820829220082
295,11,0.12904035992294435
962,699,0.1290401956694938
804,769,0.1290349318274271
356,208,0.12903443505856396
356,317,0.12902970846777656
64,267,0.1290289300034676
144,741,0.12902698524426187
986,858,0.12902584068285575
778,617,0.1290252320933824
716,645,0.12902447586164595
295,909,0.12902155719179995
843,402,0.12901825824886978
986,732,0.12901438850017632
100,306,0.1290099744733084
944,812,0.12900829863579538
356,645,0.12900625576420827
356,953,0.12900134021447798
421,1202,0.12899986830246502
100,108,0.12899677262106193
1162,1167,0.12899528843589803
986,125,0.12899316425725263
944,464,0.12899097290547812
351,747,0.12898789473018055
716,921,0.12898303898785166
1064,962,0.1289829515277943
100,75,0.12898190648776345
986,985,0.1289816697441157
356,157,0.12897682845777206
295,389,0.12897620793948592
986,439,0.1289721609817037
944,906,0.12897099438216825
716,788,0.12896828556469786
64,176,0.12896783217937344
843,1108,0.12896665433178864
1162,772,0.12896653234257635
1064,421,0.12896380001336322
769,554,0.12896362753168
184,827,0.12895818878407256
843,531,0.1289578421173195
1162,1111,0.1289569482170896
986,856,0.1289564604635975
295,1035,0.12895413246327783
843,1036,0.12894986935536565
919,314,0.12894700995773503
144,115,0.12894327771942976
64,804,0.12894057348868004
2,222,0.12893772255710245
9,604,0.12893630241967893
351,598,0.12893017229529488
778,550,0.12892759820988214
9,872,0.12892727612128344
986,516,0.12892725577204142
986,1137,0.1289265677594046
355,714,0.12892459534470724
2,410,0.1289216436907442
100,276,0.1289200186683512
351,920,0.12891861671246313
295,859,0.12891509735751944
356,564,0.12891293634735174
356,296,0.12891239572462762
919,183,0.1289116645884416
144,246,0.12891114332516956
919,278,0.12890800419117615
100,534,0.12890701489315382
20,854,0.12890597937566334
351,1049,0.1289040358925667
20,932,0.12890318035596085
2,1137,0.12890248176025448
1162,939,0.12889954408744764
100,1127,0.12888263436952302
944,993,0.12888107066768448
778,938,0.1288767098126609
769,619,0.12887547254144704
919,683,0.12887406943324906
144,784,0.12887384528825077
804,935,0.12887351442503303
295,1147,0.12887104168221442
20,825,0.1288699577505755
20,543,0.12886624662016705
64,810,0.1288658409774527
1064,501,0.12886571206378755
100,155,0.12885953180600462
9,315,0.12885861921524247
919,362,0.12885639602479207
64,429,0.1288532331951636
1064,950,0.12885031282600912
843,993,0.12884808495398098
20,304,0.12884382473861414
351,1190,0.12884077593569387
421,1159,0.12883886248683038
421,179,0.12883813704504674
716,432,0.12883789901932297
20,269,0.12883041868646752
843,679,0.12882737699879915
1162,1020,0.12882567620484472
804,51,0.1288246627473717
712,913,0.12882291526589904
716,66,0.12881431479749586
295,572,0.1288135667722177
9,583,0.12880947040061885
356,412,0.12880426025118846
944,782,0.12880390618712276
1064,668,0.1288028055556267
295,744,0.12880277157353076
1064,310,0.12880025389680363
351,371,0.12879960349733113
919,261,0.12879921877846146
1006,1037,0.12879783580000814
692,317,0.12879188571511135
100,608,0.12879187692956084
919,251,0.12878991594057285
986,678,0.12877955072967637
944,619,0.12877902613820189
100,843,0.12877335846384483
64,923,0.12877260802351898
351,849,0.12877099510869847
295,1163,0.12876741165143288
351,577,0.12876505409885516
251,1134,0.12876487067451436
804,531,0.128758800653214
716,157,0.128754611274788
184,207,0.12875453797001762
351,914,0.12875054335155459
986,558,0.1287499496674672
421,107,0.12874936651750357
351,793,0.12874775813287706
20,1191,0.12874579092030572
692,47,0.12874285850933007
100,47,0.1287407962180021
9,679,0.12873945406398093
20,248,0.12873942397294583
9,788,0.12873913931975328
144,679,0.1287312286023295
351,891,0.12872901173700954
100,179,0.1287286092720468
1162,166,0.12872857776572008
100,1122,0.12872848505556364
692,673,0.12872410700246073
944,955,0.1287239020708522
1162,312,0.1287225185791433
9,1050,0.1287214117362725
9,507,0.12871425148236015
919,69,0.12870406338461357
421,498,0.12870403600176902
2,614,0.12870303593974847
716,324,0.12870085509935789
919,274,0.12870056348119777
919,843,0.12869638890025958
356,278,0.12869107964379115
295,623,0.12869104531828152
355,705,0.12869021426019034
356,535,0.1286865040239002
716,635,0.12868409393468838
421,1129,0.12867939014337124
2,232,0.1286793728513546
356,13,0.12867706949550686
144,549,0.1286694600351043
100,691,0.12866873051963737
944,1119,0.1286674639575036
2,1111,0.12866563766019498
356,27,0.12866547709553014
804,909,0.1286628350915944
9,30,0.12866281755286196
692,44,0.1286619692027471
1162,626,0.1286588735747994
778,920,0.12865877651914054
986,422,0.12865817741843885
716,180,0.12865370834287285
100,290,0.12865221361930737
9,1166,0.12865006826425227
351,406,0.12864880259738018
356,182,0.12864830852239392
919,951,0.1286466933059306
577,862,0.12864233220420063
356,127,0.12864219769512975
1064,276,0.12863836101481957
1064,47,0.12863824913410365
356,595,0.1286372108904351
356,134,0.1286325594733491
769,267,0.12863123215100963
986,184,0.1286305568636337
919,75,0.128627417302822
716,439,0.12862577758252622
716,6,0.12862364823733974
1006,738,0.12862276609896292
1162,147,0.12862038981529622
356,989,0.12861740598712598
692,498,0.12861678768399915
804,302,0.12861416299640988
356,120,0.12861235971593335
9,752,0.12861145695844375
804,140,0.12861084476925136
144,315,0.12861053759510796
356,1199,0.128603835749787
9,961,0.12859400608355967
1006,1004,0.12859340686011111
355,1053,0.1285926099376424
295,304,0.12858991685763357
9,748,0.1285890681725871
356,1081,0.12858805414270935
2,373,0.12858428890639842
769,1096,0.12858378277796156
1006,887,0.12858212779896364
2,105,0.12858132701436564
351,910,0.1285812158069978
295,949,0.12858047627512217
64,710,0.1285769565572622
351,512,0.12857480433800209
64,155,0.1285747521040146
2,136,0.12857410760308444
840,192,0.12857278123678978
184,696,0.12857028507570573
716,692,0.12856620727550946
295,54,0.12856294921301692
1064,484,0.12856113281381082
716,28,0.1285570558346132
295,740,0.1285530415286249
356,995,0.12855052197380723
184,1023,0.12854767705832867
9,481,0.128546257244874
295,170,0.12854548384145856
834,146,0.12854517445356037
356,153,0.1285327328041926
716,809,0.12853249796819544
356,582,0.12853131301435905
944,408,0.12853123096340344
840,738,0.1285307436762479
1006,1055,0.128530631771017
1162,24,0.1285296041012708
356,265,0.12852676449484793
351,872,0.12851661322680696
769,564,0.12851447550678555
100,561,0.12851221601221033
769,829,0.1285116469150141
144,618,0.12851159176975255
2,270,0.12850805044583105
778,468,0.12850655578007655
20,1043,0.128501929916378
295,447,0.12849959206120584
100,916,0.12849012299527945
351,523,0.12848901051528056
843,1191,0.12848790974464325
692,921,0.12848215801169172
64,312,0.12848186667736528
356,325,0.12847861292736898
769,298,0.1284781595774213
692,753,0.12847672115273254
986,773,0.1284744234010418
1162,176,0.12847256847982813
716,222,0.1284720695464959
295,66,0.12846581242841298
351,464,0.12846489814977216
692,898,0.12846161291524436
100,1158,0.12845872166699082
769,1126,0.12845501781189472
944,233,0.1284490887191496
20,673,0.12844520842841534
9,641,0.12844390899060418
100,152,0.12844351305278018
356,123,0.12844317071666303
692,100,0.128439583359945
100,360,0.12843917177081854
351,678,0.12843440504680623
1162,1087,0.12843302749794047
351,130,0.12842936803544067
20,409,0.12842913772164616
986,329,0.12842886607106638
840,426,0.12842490200320675
804,86,0.12842227403257456
944,591,0.1284219075984735
1162,376,0.12841717215215578
986,65,0.12841643146086174
804,437,0.12841637537048847
100,52,0.1284146904060175
1006,703,0.12840912899041962
2,996,0.1284089279475425
356,1138,0.12840884383151036
1162,3,0.1284079623618632
716,1169,0.12840706883365263
944,361,0.1284015078205976
1006,1087,0.12839809730735052
100,801,0.12839268374958507
1064,1119,0.12838996142670042
64,449,0.1283889790101859
716,929,0.12838878637045986
919,1031,0.1283853425697947
716,700,0.12837979146526798
100,457,0.12837956819133348
64,1103,0.12837929753514452
944,36,0.1283748398588683
20,899,0.1283736141707246
1006,1076,0.1283687136491592
769,737,0.12836504991840278
769,652,0.12836388047746075
919,158,0.1283631190853089
692,27,0.1283630760063569
1162,425,0.12836288263965795
251,773,0.1283558964706841
919,248,0.12835563742309966
351,1081,0.1283547879273971
716,23,0.12835437377159525
2,333,0.12835303732858344
9,777,0.12835232896045773
355,525,0.12835212310917138
843,665,0.12835005585712292
944,87,0.12834837087988385
919,499,0.12834783392603355
20,709,0.12834211632697595
355,30,0.12833959314033083
944,445,0.12833655647645
692,414,0.12833148685077303
778,192,0.12832755194967035
356,327,0.12832522607769548
100,1129,0.1283248310326676
20,99,0.1283227807726938
1006,227,0.12831979074945946
944,99,0.12831916408448685
843,847,0.12831565497170566
356,783,0.12831438332381617
9,317,0.12830953364350964
944,396,0.12830905635827092
986,1039,0.1283072198640184
351,531,0.12830597259299728
356,455,0.12830472290999073
2,1030,0.1282965905429428
1064,369,0.1282961585847618
716,890,0.12829250460926286
2,347,0.1282873611755511
1064,486,0.12828690244558627
919,559,0.1282816171475665
919,319,0.12827332181563458
356,462,0.1282721145859066
20,1108,0.12826862262455177
944,849,0.12826553531546153
64,983,0.12826463273686556
2,1009,0.12826299830071955
2,42,0.12826005596187595
716,1040,0.12825947805736024
356,493,0.1282588354720653
1162,510,0.12825683979975452
692,816,0.12825611216544064
64,442,0.12825490548665403
64,66,0.1282545086840261
355,251,0.12825029097522095
944,406,0.12824713734445597
356,566,0.12824307849384495
944,717,0.12822879167809592
351,27,0.12822844232519648
351,640,0.1282277558525131
804,210,0.1282224329696411
351,1141,0.12821618059731046
9,45,0.1282118484013539
716,943,0.12821097182915248
986,782,0.12820637338931
351,508,0.1281987685348848
356,749,0.128194245082036
919,771,0.12818828918199712
351,609,0.12818796385148754
843,649,0.12818687831205583
1162,1190,0.12818397296973508
692,358,0.1281821227484609
9,359,0.1281820455920769
692,1059,0.12818057058877078
840,644,0.12818042106956257
944,242,0.12817841981112132
919,703,0.12817770703536788
1162,686,0.12817767133386898
692,239,0.12817698069992975
944,601,0.12817503603227742
356,498,0.1281735809512704
2,50,0.12816117967869367
356,324,0.12815653355874845
2,447,0.1281550439506557
146,337,0.1281547425812228
1006,67,0.1281526852781857
962,734,0.12815170256722336
1064,1117,0.1281509402221499
9,356,0.1281458452748184
9,166,0.1281456170913306
100,893,0.12814560597687707
100,1203,0.12814320326845927
295,893,0.128141903008043
64,642,0.1281411928754944
100,2,0.12813797924471657
716,739,0.1281359879929295
1006,909,0.12813482134319615
843,390,0.1281338098410582
1162,702,0.12813109866887035
1162,361,0.12812976315819394
356,921,0.12812742096230623
919,750,0.12812527669144244
944,101,0.12812483373223188
356,308,0.12812281530380462
716,800,0.12811961867483665
144,953,0.12811750420973878
1064,130,0.1281160179081272
295,561,0.12811568937276122
944,720,0.12811419707043936
716,1140,0.1281130438990942
944,1111,0.12811303600586643
2,784,0.1281121772661132
1064,614,0.12811031588451527
351,673,0.12810991399208993
919,498,0.12810509183636154
769,373,0.12809713769754028
100,303,0.12809191425131392
1064,567,0.12808155615651307
295,1003,0.12808069832454314
986,332,0.12807825647690912
1162,210,0.1280782318543952
840,1142,0.1280744367044688
692,302,0.12807335671524359
64,697,0.12806782322887303
692,445,0.12806586444299167
20,652,0.12806512690936392
100,718,0.1280632516329703
144,272,0.12806114948090516
944,710,0.1280605996891975
919,303,0.12805905912528165
1162,1027,0.12805868979312318
356,826,0.12805672202581678
1064,613,0.12805299408884566
9,696,0.12805181437481467
944,1074,0.12805043221386747
716,259,0.12804756772031456
351,1114,0.1280472535126677
9,1106,0.1280454550426845
356,454,0.12804245415573967
986,826,0.12804194089892515
295,157,0.12803871613014015
351,958,0.12803488104998034
351,1079,0.12803437148871463
778,1149,0.12802998035821248
944,282,0.1280279939874517
769,641,0.1280248823538222
351,651,0.12801864052147832
919,871,0.1280160037207716
1162,1185,0.12801455148163987
295,460,0.12801202728900543
100,406,0.12801146820446632
184,543,0.12800944285027382
2,878,0.12800913477950246
351,973,0.12800886626755908
716,209,0.1280035967113811
9,380,0.1280016297131401
295,96,0.12800141084691502
769,1141,0.12799971364068194
778,652,0.12799863761872127
100,803,0.12799790264909025
2,47,0.127991743560633
64,1153,0.12798989370154623
840,989,0.12798935476233433
351,1087,0.12798853214742031
1006,1123,0.1279870726996729
2,816,0.127987005696632
986,1126,0.12798110737926865
9,274,0.12797799108983335
356,561,0.12797611621517824
20,1137,0.12797554854495682
9,536,0.1279754889449804
351,362,0.12797538881251697
2,325,0.1279679816285447
944,76,0.12796733938027918
919,745,0.12796721276857334
919,6,0.12796531492968546
184,114,0.12796159798285606
100,131,0.12796051694169033
1006,34,0.1279541171820471
351,766,0.1279514532088479
351,551,0.12795002053385873
356,980,0.12794899361026332
295,388,0.12794881686355072
769,1103,0.12794618460067733
778,810,0.12794186790346856
944,928,0.12793895211517958
716,846,0.12793702350871883
716,50,0.12793186191485076
716,404,0.12793008203026693
356,1198,0.1279275766915986
843,628,0.12792356259088672
692,166,0.12792311957011934
20,261,0.12792282851553644
716,479,0.12792230440260607
356,1076,0.1279203006389701
1162,1189,0.1279181231073931
1162,79,0.12791764053435414
144,112,0.12790956879937745
356,692,0.12790731500607058
295,1136,0.12790303272203415
9,918,0.12790161708642406
295,1077,0.1279013758240187
716,1056,0.12789513998186694
962,216,0.12789457216925865
64,88,0.1278942711218688
351,989,0.12789301535409592
1064,993,0.12789278431951787
20,337,0.12789170509792602
351,525,0.1278855145591133
9,907,0.12788528080790945
840,1076,0.1278804312196297
2,509,0.12787720494924404
1064,1012,0.1278769531951863
356,102,0.1278767554431131
840,425,0.12787523893871203
2,1037,0.1278719069819342
9,929,0.12786895004906415
769,486,0.12786471414811065
2,420,0.12786469812314957
804,626,0.12785797610581479
184,246,0.1278576092023445
712,774,0.12785627393500193
295,279,0.1278518919091361
944,209,0.12783872812411443
295,671,0.1278385691492416
716,838,0.12783825096756818
840,745,0.12783629469804125
716,455,0.1278348381863636
20,1135,0.12783444499767607
843,736,0.12783291670910235
20,461,0.12783270255660067
1064,847,0.12783101101922728
9,323,0.12782956796918735
804,965,0.12782819263936873
804,499,0.1278276284696255
1064,1037,0.12782555829802575
986,1197,0.12782035971272906
769,669,0.12782025619647286
356,591,0.12781588047529419
295,85,0.12781455055717303
778,394,0.12780921891732122
295,251,0.12780777147571373
804,677,0.12780627848981083
944,1047,0.12780574247174098
986,976,0.12779688154724494
1162,649,0.12779542039146627
769,473,0.12779149012534918
9,888,0.12779104914686004
778,92,0.1277898557976874
144,691,0.12778009943097204
804,406,0.12777878616204819
144,57,0.1277760539448698
356,465,0.12777524972292714
100,943,0.12777517738729044
1162,395,0.12777161048131497
2,712,0.12777100278080766
64,734,0.1277681510481822
9,889,0.12776201241202512
843,931,0.1277579175003475
843,1199,0.12775651307903724
986,790,0.12775564807091425
1006,629,0.12775545157759496
251,578,0.12775540700288046
100,31,0.1277529534389536
356,678,0.12775114116640246
778,584,0.12774677718124774
184,99,0.12774499973332454
9,1158,0.12774362964463415
716,526,0.12774105067707492
1064,671,0.12773944272939752
356,1040,0.1277383358408803
100,464,0.127738225629603
351,455,0.1277373997244582
64,788,0.12773577913629625
9,290,0.12773557364099836
295,644,0.12773367683107478
1064,155,0.12772851626385595
356,1139,0.12772841101888222
778,310,0.127727489187839
1162,1030,0.12772387488785278
840,471,0.12772190720957657
351,1108,0.12771770264649285
1064,1101,0.12771380099846985
351,919,0.12771194355752502
769,578,0.12771118096810238
944,784,0.12770517794943784
944,13,0.12770412878544352
100,809,0.1277028728852087
716,652,0.12770023467380048
1162,19,0.12769911724114275
64,703,0.12769607259210214
986,689,0.12769139131964843
1162,86,0.12768782786721833
184,576,0.1276864896710123
804,705,0.127685959216014
986,131,0.12768160338778856
295,1119,0.12767761728425084
64,200,0.127676149803613
716,127,0.12767234691761062
1064,684,0.12767045561182339
251,448,0.1276689084851184
944,393,0.12766553670726943
919,385,0.12766300786338666
100,22,0.1276625769232292
9,948,0.127661501644392
184,913,0.12765927682276004
295,1040,0.12765810186500265
1162,266,0.12765736595416433
1162,100,0.12765429423241823
716,373,0.1276514964195351
1006,965,0.12764816109771907
351,82,0.12764703976727368
356,50,0.12764677170703861
355,933,0.1276458831453364
64,914,0.12764506345352616
100,316,0.12764455718541068
20,107,0.12764320644211646
421,525,0.1276427473524663
9,1165,0.1276407565221111
986,921,0.127640275218341
356,774,0.12763694939491646
986,449,0.1276294265169824
944,622,0.12762091833839673
351,62,0.12762009079492811
1162,89,0.1276192106648611
944,529,0.12761450488081633
9,600,0.127610176178704
919,87,0.1276099278182336
251,652,0.12760814741958718
919,533,0.12760055337013296
2,915,0.12759897779534496
295,355,0.12759826892580994
778,374,0.1275953607649602
100,304,0.1275907192652114
804,762,0.1275861562391199
295,894,0.1275824587433697
356,1114,0.12758104508772328
144,894,0.12757736756662688
9,339,0.12757205412832393
778,527,0.12757118373579956
356,227,0.1275693104015851
351,454,0.1275621196985868
351,143,0.12755828435498928
9,771,0.1275547073918565
840,650,0.1275528938186338
944,1019,0.12755206192806592
986,253,0.12755190439722916
20,45,0.12754932552937212
804,1155,0.12754529677518955
944,339,0.12754427619057054
20,638,0.12754308951494212
100,804,0.12754115564334556
295,459,0.1275276817854179
100,133,0.12752688547757432
64,451,0.12752512020104836
986,62,0.12751810211560954
20,659,0.12751615557461776
692,36,0.12751464819392672
355,32,0.1275121502016075
1064,696,0.1275110424659617
2,389,0.12750942453662326
2,412,0.12750766398036487
64,1013,0.12750694254791464
692,1190,0.12750233374317893
716,874,0.1275017802039355
351,1174,0.12750025495753478
692,107,0.12749851584896116
1162,1012,0.12749355124967532
1162,924,0.1274916596624913
1064,967,0.12748830580649714
778,827,0.12748285696653783
100,937,0.12748168372573343
692,22,0.12747766542845454
9,794,0.12747653990121377
919,482,0.12747590649674265
2,872,0.1274756777074021
986,965,0.1274749051931492
840,704,0.1274746587382517
2,56,0.127473932498207
962,773,0.12747344773203867
356,974,0.12746440290370434
2,810,0.12746240930217803
20,1059,0.1274589795598988
919,834,0.1274578416114236
778,54,0.1274577402669276
9,896,0.12745689804857138
986,129,0.12745576470270775
944,638,0.12745524193949254
716,361,0.12745318177798196
716,375,0.12745193803038107
1162,247,0.1274515860881237
986,847,0.1274513118312909
804,540,0.12744888733018075
1162,486,0.12744419061667495
9,809,0.12744337641361062
295,664,0.12744243699055546
100,1081,0.12744188127439132
356,274,0.12744186871709579
944,523,0.1274404719471469
1162,45,0.12743924781155352
919,679,0.12743838337207655
1162,640,0.12743371729524272
944,612,0.12743096543040186
100,663,0.1274290658348599
1064,862,0.12742386573701106
716,232,0.12742253333038323
295,338,0.12742219761622453
20,952,0.12741980534309685
962,1167,0.12741745391174397
295,1110,0.12740501263347193
100,1037,0.1274048365721455
356,65,0.12740405609513447
1064,1049,0.1274021889055369
919,367,0.12740132699056533
2,639,0.1274008914801526
2,11,0.12739966004761955
100,783,0.12739833865630468
144,402,0.12739610556544953
351,434,0.12739225819786823
778,180,0.12739017774920353
919,921,0.1273886968154274
716,1009,0.12738671726985976
986,932,0.1273826474047956
1064,622,0.1273799372406104
986,1119,0.12737692495392022
1064,449,0.12737647716225256
804,100,0.12737397795445582
351,336,0.12737359580353122
2,983,0.1273732711930902
1064,540,0.127369713371906
986,56,0.12736936138912833
100,343,0.12736672348227457
9,613,0.12736551045063677
356,776,0.1273625113587964
769,798,0.12736055935652257
2,193,0.12735831028936398
9,712,0.12735807537290209
20,544,0.12735772493038547
843,30,0.12735562338233578
1006,3,0.12735552524441615
9,936,0.12735357070221354
9,733,0.1273524446154643
944,819,0.1273522629515678
919,950,0.1273518916816133
1143,41,0.12734609151640097
840,815,0.127345956500058
356,543,0.12734457387394804
778,1203,0.12734051898072662
919,199,0.12733780363902125
351,353,0.1273371521134668
1006,839,0.12733703698697146
146,854,0.12733594423519468
944,332,0.12733292641148525
1064,156,0.1273233401909289
1064,1195,0.12732192140039805
778,910,0.12732003844507858
769,366,0.12731902456205227
944,1001,0.12731857563859422
1162,199,0.12731788676404754
295,663,0.1273171521145669
2,1189,0.12731345031697758
1006,325,0.12731145882735015
356,361,0.1273064210011507
716,711,0.12730287021005782
356,52,0.12730044281519265
986,447,0.12730016849151873
20,919,0.12729635059677397
100,647,0.12729222156461636
100,19,0.1272901033961028
1064,468,0.12728517281383325
184,783,0.12728460655784732
2,233,0.1272815055140481
716,1153,0.12728113253926987
1006,63,0.12727898165443058
20,213,0.1272764824963091
716,302,0.12727172241599183
64,674,0.1272667252736139
1064,1036,0.1272638144842043
944,927,0.127263408466572
9,1186,0.1272632874534227
944,746,0.12726150840208728
986,767,0.12726026646749616
64,180,0.12726013363030975
843,88,0.12725307955130655
986,1138,0.12724850259433976
1162,114,0.12724644604103505
100,280,0.1272461544947573
692,77,0.12724389671465916
100,635,0.12723953233610258
1006,151,0.127232090997723
356,695,0.1272319511925842
64,373,0.12722681897940746
843,705,0.1272244542286103
769,951,0.12722054319686119
1064,358,0.12721782949281377
100,777,0.12721579604861225
9,989,0.1272110467865926
1162,707,0.1272083740226193
1064,467,0.12720670348752935
100,102,0.1272030074531804
2,793,0.12720211879411905
2,1101,0.1272010924595346
64,825,0.12719618838479915
355,275,0.12719422467747313
986,603,0.12719382714897726
1006,322,0.12718686720526606
421,406,0.12718649256718406
144,535,0.12717740291790242
843,760,0.1271767683088717
9,892,0.1271704898376481
9,117,0.1271629662093261
2,1079,0.1271609491486233
986,806,0.12715872276131074
2,685,0.12715651395217406
20,910,0.12715580085876255
295,938,0.1271526794908596
100,705,0.12715207051072744
986,160,0.12715065606018108
944,280,0.12714122085209273
9,160,0.1271339210010618
1162,1018,0.12713388616143925
840,89,0.1271331232577042
843,591,0.12713099192416905
1006,753,0.12713041335732436
944,155,0.12712756727944757
840,558,0.12712290325139006
962,1037,0.12712220927754014
9,179,0.127120732050577
295,783,0.12711931484891273
146,959,0.12711755823115267
778,1113,0.12711694369583407
9,50,0.12710980773613145
100,503,0.12710464927884482
295,833,0.1271039362964221
2,519,0.12710336877206524
840,652,0.12710132051279124
295,534,0.1271002169905477
100,417,0.1270989625305224
1162,713,0.12709824161754701
351,1067,0.12709504083616205
9,94,0.12709441421964734
251,712,0.12708893210520916
351,1189,0.1270874534744971
184,1191,0.1270835278139871
1162,800,0.12707575037331198
692,933,0.1270743625456799
421,894,0.12706780316915256
804,696,0.1270649245938767
351,132,0.1270642081724186
919,739,0.12706351586198247
692,295,0.1270627734328223
184,441,0.12706205138404156
716,939,0.12706089615418495
1064,1026,0.12705997983486322
692,152,0.12705959720190327
919,302,0.12705913655262605
1162,618,0.12705813353136666
716,702,0.12705232246883022
986,669,0.12705119149861827
1006,52,0.12704838855573403
712,1076,0.12704670647499433
919,652,0.1270430594206129
804,285,0.1270424764415995
778,294,0.12703627962014058
840,753,0.1270360386837244
843,691,0.12702980391395188
919,1165,0.12702957275640273
9,82,0.12702875271668754
356,723,0.12701893647592793
944,999,0.1270186878708896
64,575,0.12701859513207997
356,704,0.12701574939239463
1064,27,0.1270093816124448
919,1051,0.12700595497936054
144,623,0.12700401665067704
356,828,0.12700382818267356
778,1153,0.12700329740981417
356,983,0.12700216787152463
351,572,0.12700089536182937
692,833,0.1269995338848693
843,479,0.12699761465960302
100,710,0.12699617117268527
356,1167,0.12699443651413772
295,820,0.12699319038429804
9,688,0.12699176441675053
1064,652,0.12698893010171455
351,818,0.1269856216778457
356,1158,0.1269843268314542
778,878,0.12697931028796577
986,18,0.1269780231499114
356,152,0.12697792290138293
944,335,0.12697474885459872
421,652,0.12697208991524342
184,261,0.12697022196223076
834,424,0.12696992815961405
840,266,0.12696728565848114
9,136,0.1269664231421856
1162,1199,0.12696512438851026
421,950,0.1269647890361261
840,773,0.1269640914933941
2,1044,0.12696045045754845
100,426,0.1269604055628891
351,1074,0.12695973183951018
295,239,0.12695644707741693
295,826,0.12695383912345024
351,379,0.12695106393738165
986,191,0.1269477006336815
716,411,0.12694509584891872
843,1081,0.12694505191663463
986,1121,0.12694408414860564
986,982,0.12694286921387943
356,1108,0.12694119392910955
944,42,0.12694116590295157
2,192,0.12693806654077547
100,645,0.12693707370992208
577,77,0.12693485917160374
919,720,0.126932087680217
100,671,0.12693056396139982
986,642,0.126929907274139
356,525,0.1269252511811057
716,509,0.12692144985166368
295,285,0.12691805508812917
64,212,0.12691159532854338
1162,90,0.1269106180799236
1064,19,0.12690776648615743
9,1058,0.12690504903669914
20,322,0.12690293550675258
716,989,0.1269012228755664
295,387,0.12689449321522606
944,1171,0.12689388868717114
295,945,0.12689194751727298
716,897,0.126890004225587
356,59,0.12687911497480897
692,366,0.12687736250102874
144,424,0.12687484201833157
1064,580,0.1268721579557677
1162,932,0.12687153167444234
1162,1037,0.12686529830734736
356,803,0.1268651327578474
1162,250,0.12686461952063685
944,563,0.1268576844692021
9,843,0.12685494949859988
100,161,0.12685274675852196
100,201,0.126852741607837
692,962,0.12684984244466466
295,1024,0.1268466958527891
716,539,0.12684607626766328
356,383,0.1268316219667798
1064,745,0.1268296468192769
778,659,0.12682524417567953
944,966,0.12681917662714753
9,289,0.1268129686869717
919,134,0.1268074183409171
1162,1085,0.12680502977364655
9,498,0.12679749138673738
716,665,0.12679310221550066
100,798,0.12679175490167796
1064,340,0.1267848797587584
20,999,0.12678360859757212
1162,740,0.12678149949804965
144,746,0.12678068801193063
716,793,0.1267773317589452
1162,590,0.12677717774855532
356,864,0.12677301382675366
712,762,0.1267729311092709
577,739,0.12677038640905172
1006,865,0.12677014650965748
919,953,0.1267679247740488
1006,145,0.12676704459821403
1064,49,0.12676547232362204
986,441,0.126763078194643
692,1016,0.12676255140799594
295,712,0.12676195191865358
919,1067,0.12675957741341412
804,247,0.12675696411584317
100,573,0.12675637337315002
1162,817,0.12675545219911566
351,823,0.12675271857897752
2,671,0.12675259417043538
840,1101,0.12675184431294595
778,298,0.1267474794232038
778,700,0.12674668571386893
1162,109,0.12674408516881155
144,656,0.12674158772302097
356,784,0.12674157003194933
1162,387,0.12673876131337217
64,757,0.12673540812731682
919,571,0.12673517834738485
986,977,0.1267304960499536
1064,52,0.1267302687659306
351,1103,0.12672868366605528
295,511,0.12672679621389343
1064,774,0.1267263809579425
356,897,0.12672597336225055
1162,935,0.12672238984333714
986,246,0.12671743798758361
1064,367,0.12671651966040529
2,757,0.12671631496985902
356,555,0.126712475268498
944,637,0.12671162997958368
355,628,0.12670630064261
692,800,0.1267053668826127
295,990,0.1267039142085923
1006,479,0.12670059861602842
144,812,0.12670014453760786
769,414,0.12669199756123506
919,464,0.12669121182518425
184,599,0.12668963658950014
1162,1137,0.12668795067712965
356,1096,0.12668627089754858
20,701,0.12668231189594098
986,513,0.12668190813486577
9,450,0.12668165407821128
1162,744,0.1266771477537324
804,848,0.12667638872698803
986,882,0.12667535027038115
184,788,0.1266702551826945
355,414,0.1266692995567688
692,1040,0.12666861523673126
944,112,0.12666706308302472
1064,951,0.12666029098741485
692,1191,0.12665670770214285
986,328,0.126656236214108
962,92,0.12665542273986485
9,636,0.12664939863151758
692,1101,0.12664275667195707
769,182,0.126640681442999
351,866,0.1266400670278041
351,668,0.12663713588062478
20,221,0.12663497348699032
295,1095,0.12663416733215513
64,1148,0.12663405684999055
356,669,0.12663041870195488
716,12,0.1266292708230365
9,939,0.12662299920146305
144,1073,0.12661855939488664
1064,889,0.1266158485646461
692,73,0.1266140834750084
716,773,0.12661061331361118
919,492,0.1266081459075527
351,182,0.12660249530312592
9,615,0.12660206076095287
100,1062,0.12660146434813843
716,490,0.1266008023754512
1162,244,0.126596397532299
1162,1050,0.12659402453358132
1064,280,0.12659233630867556
2,991,0.12659041357772974
144,1139,0.12658693133747717
251,192,0.12658316004597353
1162,746,0.12658175932348292
804,446,0.12658145171076396
778,683,0.1265811303345043
9,539,0.12658003533743709
986,822,0.12657901548702039
9,861,0.1265748950645906
1006,1110,0.12657347105373362
100,522,0.1265728453292745
778,783,0.1265727768480007
351,107,0.1265725960044389
944,759,0.12656056151736883
778,612,0.1265581362351015
1162,46,0.126546394827969
2,772,0.1265459607681012
356,187,0.1265447736681618
1006,200,0.12653660419692217
1064,451,0.1265364441186312
778,109,0.12653318661259946
1162,944,0.1265316429811619
1162,1034,0.12652966584987446
184,836,0.12652915032904624
986,101,0.12652596764365948
295,161,0.12652447487710639
692,770,0.1265242799612862
64,599,0.12652368044849693
1064,8,0.12652312541641977
1162,925,0.12650383437732385
716,554,0.1265000105840205
146,832,0.1264930158652298
778,270,0.12649176378248458
356,1128,0.1264904668561861
64,831,0.12648593473035993
944,459,0.12648266649140297
9,228,0.12648046102759838
778,483,0.1264742733619024
100,55,0.126472204939233
1006,915,0.12647008918162758
355,374,0.12646752807895484
843,1139,0.12646604705174624
804,416,0.12646093089747557
1006,770,0.12646045944002496
20,93,0.1264596262582756
692,650,0.1264497511817747
692,786,0.1264471055535894
9,725,0.12644103539015986
356,445,0.12643829420189215
778,640,0.12643775263664814
577,303,0.1264357307294555
986,786,0.12643511264740667
356,340,0.12643308688365743
712,1168,0.126426692621946
986,1141,0.1264243000637972
843,1113,0.12642238575284567
351,913,0.1264194731615465
20,864,0.12641810649231183
804,389,0.1264178650292126
64,1158,0.1264167180823272
9,674,0.12641563591726745
356,499,0.12641537872325315
351,392,0.12641356546464366
2,768,0.12641306686573595
2,701,0.12641266508003934
986,618,0.12641167222620625
769,647,0.12640517505745255
843,372,0.12640151324443047
356,342,0.1264003236213635
778,1014,0.12640027989531688
840,1143,0.12640020127809812
295,526,0.12639872879302944
1162,1073,0.12639870412448923
692,784,0.12639846571543917
944,851,0.12639798446621933
1064,170,0.12639781478562462
295,1178,0.12639688071498
1064,36,0.12639194103858103
100,744,0.12639148718579135
251,927,0.12638634747839547
944,1051,0.12638618914114857
100,1193,0.12637675787506175
295,334,0.12637360468761508
351,650,0.12637189060913143
944,800,0.12637134034218758
356,349,0.12636924765999874
356,793,0.12636808556679385
716,967,0.12636705669886925
295,44,0.1263546038201076
295,319,0.12635433498748058
843,62,0.12634482862375604
778,1141,0.12634109937985064
1162,386,0.12633427132283703
1162,475,0.12633299941057216
1064,160,0.12633044158527956
1006,457,0.12632652099770586
146,923,0.12632268249188613
184,977,0.12631829340323164
919,82,0.1263180724284413
692,468,0.12630869864451807
716,138,0.12630843273825326
692,705,0.12630722977286088
840,386,0.1263063730643713
9,928,0.12630456576258237
295,839,0.1263035138559485
20,538,0.1263034074641161
919,210,0.12630143965987076
9,1080,0.1263013312938059
100,812,0.1262963418348295
986,404,0.126295521896749
692,334,0.12628295233636827
804,591,0.12628039311075295
1162,369,0.12628004705222007
64,216,0.12627979240347842
20,829,0.12627551569166448
692,827,0.12627436654439483
295,405,0.12627134286180522
20,141,0.12626997600605702
9,746,0.12626552017741932
100,559,0.12626541841064387
692,280,0.12626402965000685
1064,353,0.12626348416815042
944,511,0.12626271940848535
184,153,0.1262510123692615
944,449,0.12625020055064826
9,1016,0.12624716822888715
778,148,0.12624693914436558
20,513,0.12624446113885252
351,908,0.12624104917065349
9,1057,0.12624073020909926
2,847,0.12623916636692317
778,114,0.1262386490474233
100,897,0.12623810915353467
295,1107,0.1262366312439986
692,983,0.1262355506647039
778,529,0.126233287249306
692,1031,0.1262293019938195
778,622,0.1262288580371977
2,1127,0.12622714622115114
843,926,0.12622708601474492
1162,844,0.12622466828951082
1064,261,0.12622291968660476
356,1168,0.12621748333009083
919,485,0.12621507392379405
1006,543,0.12621407716179892
804,614,0.1262123261164366
9,213,0.1262103397388122
2,622,0.1261997781440653
1064,325,0.1261990771918357
944,1048,0.12619589508354564
986,134,0.12619553772853354
9,1062,0.1261951917840099
1162,1048,0.12619316879931508
9,1021,0.12619297565336132
769,926,0.12619261868684054
295,922,0.1261861311572081
843,155,0.1261836801883833
804,1137,0.12618355974850565
919,705,0.12618061448424306
778,1030,0.1261805571515205
692,664,0.12617831942033864
919,767,0.1261782961231767
295,132,0.1261757866900963
769,406,0.12617576217641435
64,231,0.1261756007595406
9,742,0.12616618132684618
9,1103,0.12616109615808357
356,28,0.12615394118250942
295,695,0.12615314163548708
944,1076,0.12615158644524066
356,819,0.12614946843701993
100,577,0.12614870208023513
840,498,0.12614851636050367
2,624,0.12614222875772121
20,554,0.12614156438790833
944,568,0.12613884657025518
986,1159,0.12613741529665864
356,87,0.12613726365387284
9,135,0.12612872090151908
716,722,0.12612838736583962
986,1064,0.12612826499010027
64,1114,0.12612592699303493
840,1165,0.12612181254659802
769,209,0.12612098859322668
692,1139,0.1261147256566761
356,245,0.1261146153243522
144,77,0.1261104597118668
100,638,0.1261100444682299
1006,1095,0.1261094597623633
1162,280,0.12610942980794987
2,649,0.1261089044957689
351,969,0.1261061810617741
692,1064,0.12610473446734605
804,468,0.1261017163436337
1162,771,0.12609764782971172
716,655,0.12609546112802505
919,295,0.12609529686013463
100,976,0.1260925335389835
2,668,0.12608941990990197
1006,571,0.12608782030703727
716,294,0.12608703395160506
2,870,0.12608417872803032
716,552,0.12608102131890594
1162,152,0.12607540362315334
64,829,0.12607452942826264
843,1111,0.1260692455243664
356,875,0.1260681409394401
716,89,0.12606799829341522
716,220,0.1260674118466811
1006,673,0.1260622159758805
356,668,0.12606140009991146
944,981,0.1260604618833244
100,740,0.1260584260299844
9,1061,0.12605595578309178
9,590,0.1260537854460009
944,1027,0.12605290568132987
843,935,0.12605266713296465
944,1139,0.12605197634514984
919,601,0.12604619252596388
1162,351,0.12604377823016705
100,939,0.12604237831820536
692,446,0.12604203523821533
944,983,0.12604071214454354
20,347,0.1260370834593251
778,239,0.12603557412313016
100,745,0.12603475541708334
100,247,0.12603473453172281
251,110,0.12603430874311775
2,474,0.12603325133525153
944,219,0.12602506933795599
944,499,0.12602448761707516
100,986,0.12601824744705803
20,803,0.12601234818328255
355,212,0.12600954599852984
962,832,0.1260094926164322
944,265,0.12600865083508545
716,659,0.12600845325471757
2,935,0.12600843505934745
1162,1062,0.1260076329243761
356,935,0.12600654662831912
356,168,0.12600442836599057
778,1165,0.12600412913138215
840,1163,0.12600039327980683
1006,669,0.12600005154029204
356,61,0.12599912592242904
692,230,0.125998641757343
295,519,0.12599779758008958
716,454,0.12599469269890984
778,496,0.12599357653673882
716,986,0.125990264170105
986,849,0.12598473358857099
9,364,0.12598116622441755
351,970,0.12597915291655903
20,712,0.12597603663221288
9,416,0.12597533649450254
843,179,0.1259750376757539
295,919,0.12597348374171544
962,440,0.12596482706490358
1064,954,0.12595711375948943
715,411,0.12595599390805706
843,645,0.1259541235223707
843,595,0.1259489918714775
1162,948,0.12594757114884558
716,749,0.12594652526153916
9,530,0.12594441319558
1064,157,0.12594119953776858
1064,548,0.12593887839269127
2,550,0.12593171403879483
184,816,0.1259284992730276
100,274,0.1259267693840267
184,1153,0.12592338953612545
355,89,0.1259233017726772
100,96,0.12592281208258482
692,412,0.12592003072750904
986,1170,0.12591913188666565
944,1138,0.12591567334696427
986,673,0.12591409814067245
144,705,0.12591333393617074
2,154,0.12590402379488339
944,96,0.12589723424158067
769,1197,0.1258945471750206
944,1194,0.12588946744713667
1006,212,0.1258886076890415
295,336,0.12588854703554178
778,37,0.1258866942826612
355,578,0.12588203414009774
716,469,0.12588114913946555
804,412,0.1258797832795094
716,394,0.1258788526968278
100,1147,0.12587677629957
295,433,0.12587596568245177
351,296,0.1258728423010133
986,22,0.12587275153029379
986,527,0.1258648579392416
1006,851,0.12585604057022132
351,85,0.12585500074328423
692,878,0.1258504131509973
1162,823,0.12584853962761505
769,1189,0.12584709771952335
840,991,0.12584639831889569
295,776,0.1258453281345056
355,1062,0.12584429704263583
144,1165,0.12584360193781327
351,128,0.12584265696326594
64,1033,0.12584056647258685
769,180,0.12583850766054144
1064,1139,0.12583493223131748
986,502,0.12583419482060493
919,965,0.12583302332217422
20,1181,0.12583274941344122
769,200,0.12582927932769264
146,281,0.12582870055248294
9,737,0.12582835237159665
986,359,0.125826696118097
919,583,0.12582373756473986
1162,1089,0.12581926193805518
9,915,0.1258162900535592
919,993,0.1258153697221276
100,858,0.12580873476783458
351,701,0.12580416274152845
356,942,0.1258000719744181
716,612,0.1257963555064469
804,603,0.12579590022224768
843,837,0.12579531138107794
778,999,0.12579363167251834
1162,428,0.12578953268276297
716,768,0.12578873321601494
778,387,0.1257857151286892
100,1191,0.12578093261469744
2,108,0.12577887524105463
20,399,0.1257762568827669
295,954,0.12577614894697992
184,367,0.12577612863345236
778,1037,0.12577385087959048
64,649,0.12577092542528034
295,1064,0.12576624861171454
64,749,0.12576613225574124
351,720,0.1257652307404131
100,150,0.12575416480844645
356,461,0.12575300258774505
351,420,0.12574700806957112
1162,263,0.1257466128363928
804,168,0.12574627427884444
843,910,0.12574611678533884
919,827,0.12574200661703386
986,596,0.12573928482442073
100,98,0.12573121999204265
64,580,0.1257283578760928
716,740,0.1257251595482711
804,623,0.12572485103744452
804,1141,0.12572465325630258
1006,137,0.1257243771583114
184,376,0.12572113331864518
778,1,0.12572001247121797
356,330,0.12571777911931803
2,387,0.12571048387642741
778,954,0.12570934715709742
804,1202,0.12570815039081842
356,138,0.12570261141328626
1064,766,0.12570128133381958
986,290,0.12570067306282398
840,1129,0.12569707759667229
64,585,0.1256957062866896
944,297,0.12569216574100214
986,509,0.1256854275245665
295,184,0.12568502701466366
2,1174,0.1256839826572899
146,974,0.1256827963891412
986,648,0.12568241046865253
9,614,0.12567365385819096
356,945,0.12567292556054138
356,449,0.12567234430580318
2,926,0.12566673880309806
295,366,0.1256662624618304
20,416,0.12566246348909701
2,635,0.12566121307938882
986,1175,0.12566119751644106
100,739,0.12565990779417746
184,280,0.12565653118881867
20,1087,0.1256477175321783
1162,224,0.12564446977425694
716,536,0.12564261818294636
351,276,0.1256382135366593
919,1102,0.12563771304795263
804,839,0.1256339551280526
100,446,0.12563218474329776
9,230,0.12563064487450634
2,676,0.12562565879900262
9,353,0.12562267373918554
1162,668,0.12561931828415868
843,216,0.12561771160013324
986,519,0.1256161221524425
1064,316,0.12561523966918753
769,387,0.12561319401862844
295,297,0.1256100168999649
295,514,0.12560114315181886
986,208,0.12560047886172274
100,554,0.12559228618912432
1064,446,0.12559163091279002
144,412,0.12559091472869952
944,1144,0.12559017175381507
64,364,0.12558810757747607
100,713,0.1255772787012578
356,843,0.12557330252430143
144,1023,0.12557122943973661
804,1014,0.12557049714228913
356,166,0.12556684068545695
840,115,0.1255655496203063
100,579,0.1255654186944889
1064,228,0.12556366893517312
716,514,0.1255577080352519
986,433,0.1255551786092105
716,791,0.12555343622407347
1064,153,0.1255533945991013
2,359,0.12555305511430626
944,971,0.12554897859755787
919,282,0.1255481408491653
2,223,0.12554554177733937
843,1163,0.12554545846704163
843,271,0.12554539009573784
9,560,0.12554317058472578
184,817,0.12554228606342555
1064,691,0.1255373785898529
144,133,0.12553428159915553
351,997,0.12553417864786448
804,798,0.12553245721212625
144,838,0.1255282733888373
716,444,0.1255257201406185
919,179,0.1255236668236322
2,1062,0.1255216070958976
716,329,0.12552048678018937
295,734,0.12551915073117648
1162,1052,0.1255183396363345
295,1001,0.12551134092508587
295,611,0.12550812424551006
144,468,0.12550306141191073
986,548,0.1255005766458455
804,1139,0.1254962790023487
716,60,0.12549481508019603
100,1134,0.12549469249979353
64,415,0.12549354467180704
986,905,0.12549233304076682
840,82,0.1254915689425444
1162,316,0.1254900175970478
184,798,0.12548624752538765
986,334,0.12548557739267532
778,269,0.12548416776937676
295,996,0.12548326000840326
986,1140,0.12548296559541217
351,568,0.12547900430637435
919,907,0.12547595817997434
351,368,0.1254683995394735
1064,498,0.12546808114408303
944,296,0.1254680336428988
716,287,0.12546780040434316
769,437,0.1254673844166772
295,981,0.12546512060755302
716,845,0.12545913837380473
295,770,0.12545884780814034
1064,792,0.12545788482072148
962,960,0.12545504592997037
2,642,0.1254545014482502
778,19,0.1254510432134095
1006,389,0.12544746111647803
716,527,0.12544597537748742
1162,650,0.125444411323955
64,1179,0.12544324317903166
1162,762,0.12544220580327686
778,769,0.12543777945989543
9,406,0.12543728811280186
804,737,0.12543681884597566
100,549,0.1254358664694677
1006,108,0.12543416416926634
100,701,0.1254339702366025
840,143,0.1254333371478196
778,44,0.12542891662682903
1064,591,0.12542779153630856
716,336,0.12541974740741813
716,289,0.12541808066085391
944,481,0.1254165902588641
20,691,0.12541494424947627
1064,166,0.1254110819587852
692,6,0.1254104829581485
356,858,0.12540916846672157
2,198,0.12540773599196398
919,77,0.1254071614756568
692,644,0.12540579223268444
356,954,0.12540541939100922
919,580,0.12540524491737387
986,107,0.12540437361869491
944,616,0.1254033602234825
144,773,0.12539726063869794
986,157,0.1253965974983326
351,945,0.12539434765414137
1162,153,0.12539112932539842
804,10,0.12538439075851832
692,1009,0.12538433243668984
20,705,0.1253842088838383
944,410,0.12538288683449336
840,450,0.12537570662991745
1006,584,0.12537267729421064
716,463,0.1253698191271437
355,18,0.12536466260081813
986,504,0.12536416347186996
295,180,0.1253565719569909
986,694,0.12535553243062134
9,1104,0.12535289690499163
692,876,0.12535088965588229
919,982,0.12535027046647892
351,1019,0.1253495346111151
356,1055,0.1253489270963746
9,897,0.1253472790866524
2,993,0.12534290408491072
778,950,0.12534100309925233
2,1091,0.12533933897767477
769,226,0.12533604400438259
356,288,0.12533138536067104
295,451,0.12532818628920656
804,880,0.12532811775969516
1006,886,0.12532615963184043
692,997,0.12532216084453918
778,694,0.12532192517046875
2,802,0.1253195355370524
2,556,0.12531897607534623
144,484,0.12531826809243657
9,533,0.12531640234854338
1064,271,0.1253162867170538
986,1062,0.12531383872912846
804,914,0.12531341562006082
1143,798,0.1253126715389129
1006,240,0.1253122785907818
778,1080,0.1253115888791663
840,849,0.1253106819409507
716,13,0.1253057789187304
64,763,0.12530053675850808
2,775,0.1252989847021234
351,1023,0.12529597571247628
919,522,0.1252946921704307
716,516,0.12529316376453695
692,1158,0.1252927903334975
716,546,0.1252916316811282
100,511,0.1252907192173602
1162,1028,0.12528210087148414
716,1064,0.12528198078984829
692,1123,0.12528183073664215
100,371,0.12528032294531072
295,462,0.12527903025551648
100,1101,0.12527820084733501
144,908,0.12527786675183822
919,488,0.12527577185316183
843,219,0.12527236902579794
1162,232,0.12527036187297905
64,894,0.12526827496263665
843,647,0.12526203754625062
100,459,0.12525675312956988
804,872,0.12525322837468944
962,334,0.12524943900227684
778,546,0.1252492161588001
692,233,0.12523565317665028
843,320,0.12523560704360895
1064,10,0.1252352086628951
64,591,0.12523426783141817
769,185,0.12523239837685596
716,878,0.12523118126073413
100,394,0.1252277483039149
769,663,0.125225298771641
356,392,0.12522344006554123
9,953,0.1252192519715202
20,149,0.12521561090102373
944,460,0.12521338314748395
919,493,0.12520818815035192
1064,898,0.12520674798921438
2,352,0.12520635134372116
351,133,0.12520473136715538
356,217,0.12520400695022177
421,1178,0.12520353826693587
144,226,0.12519649953674347
2,357,0.12519451888385244
351,1092,0.1251922012441435
144,1203,0.12518970500409954
9,470,0.1251895051214094
351,760,0.12518678690032392
20,89,0.12518591091955894
20,394,0.1251843127301366
351,185,0.12518306325215406
295,311,0.12517208990870532
692,75,0.12516919262530912
64,1176,0.1251651317591253
421,1088,0.12516047310047712
944,1182,0.12515869770056698
692,499,0.12515561982765838
1064,1011,0.12515503164918823
986,304,0.12515224305189276
944,656,0.12515153013834676
1064,294,0.12515114549459322
295,672,0.1251507519522731
295,997,0.12514979010637728
986,1123,0.12514885321933322
986,980,0.1251470173062387
1064,264,0.12514701361092864
944,798,0.1251458120656849
100,782,0.12514312362435187
144,62,0.12513876012646655
1064,702,0.125136266147403
1162,1163,0.1251356032885445
9,1101,0.12513282706226633
692,146,0.12513194123421573
692,394,0.12513124471256706
100,751,0.12512141862612156
356,512,0.12511898677055572
1162,372,0.1251154346159486
2,43,0.12511453555752497
986,834,0.12511337192383962
2,898,0.1251127017737129
1162,721,0.12511141292398587
1162,170,0.1251109253474226
1162,1168,0.12511060913431052
1006,943,0.1251041784795262
1006,820,0.1251026774555915
716,922,0.12509961383950563
356,513,0.12509821550030237
778,1075,0.12509080875297587
804,386,0.12509010634251794
2,844,0.12508890980059317
919,0,0.12508650883826086
1006,701,0.12508263794967203
356,334,0.12508179794512977
986,270,0.12508177937599066
9,869,0.12508070315391662
692,329,0.12507863095577942
351,217,0.1250771691508018
2,939,0.12507172263883778
9,83,0.12507127668626694
962,466,0.12507095688578654
919,10,0.12506940647354223
986,886,0.1250680126326754
692,303,0.1250623359534626
356,1035,0.12506135355638198
1064,589,0.1250580403287721
2,1108,0.1250576508639908
295,229,0.12505694914461096
986,721,0.12505660355007764
356,560,0.12505244262464757
804,853,0.12504974918144923
716,125,0.12504764923619152
1162,745,0.12504746783045365
1162,457,0.1250473341064551
1064,507,0.12504329839397668
778,268,0.1250391876096643
1006,599,0.12503859419034158
944,865,0.12503346497514153
716,114,0.12502832104576453
843,668,0.12502597271150992
421,549,0.12502485836332558
944,179,0.12502301749684394
100,630,0.1250225980724827
778,580,0.12501924883332916
9,257,0.12501878645334172
944,329,0.12501681300894363
9,1064,0.12501467268191424
919,292,0.12501414434883754
9,825,0.1250076117007544
20,504,0.12500741046166886
1064,45,0.12500590025589775
769,1175,0.1250015513473904
716,644,0.12499830892798575
295,829,0.12499805629024346
2,12,0.12499713272931016
1162,357,0.12499656778996436
804,616,0.12499047396594569
356,959,0.12498712352985135
692,177,0.12498430925477558
9,204,0.12497730111011915
355,768,0.12497713860535427
100,734,0.12497688795355498
986,568,0.12497581021077891
716,780,0.1249754759598449
778,574,0.12497392362614618
692,595,0.12497302048541144
20,59,0.12497257396937476
944,766,0.12497219275796366
2,539,0.1249711122450026
692,1053,0.12497014877700442
919,239,0.12496936620899769
1064,54,0.12496790756202954
1064,1127,0.12496702536744705
355,280,0.12496318648233191
100,894,0.12496158127054516
2,852,0.12496129524208668
64,110,0.12495725225278403
840,94,0.12495670079037485
351,404,0.12494564923168626
100,675,0.12494436065124731
769,1153,0.12494262588907562
9,42,0.12493659459276793
1162,168,0.12493488260379519
356,160,0.1249312083337354
944,90,0.12492254854120222
843,251,0.12492088113621384
986,615,0.12492004913709315
9,1122,0.12491847721023962
351,247,0.12491738385861409
9,943,0.12490979995227687
356,1181,0.12490780172032323
144,1068,0.1249077049271915
100,178,0.12490631070832973
1006,829,0.12490611534330136
716,663,0.12490484406498979
356,715,0.12489921997573636
184,713,0.12489849716314953
716,221,0.12489843721788335
944,277,0.12489683056156886
716,433,0.12489593809915672
769,1113,0.12489461334227477
355,657,0.12489082950491581
986,879,0.12488984153568947
769,543,0.1248832789131782
1162,727,0.12487870495287118
1162,48,0.12487797144286665
944,855,0.12487346010500844
351,943,0.124872829661159
944,316,0.12487211716774377
144,179,0.12487080867069955
144,365,0.12486773746423227
843,878,0.1248661871281019
2,51,0.12486519993450221
840,1134,0.12486267550048512
919,290,0.12486151077716974
144,525,0.1248576753999491
944,764,0.12485352123104111
9,207,0.12484370291645827
9,1124,0.12483967432191435
778,1084,0.12483785984922707
20,589,0.12483414663295594
1064,1032,0.12483367365131799
100,318,0.12483249571801192
1064,1038,0.12483035070968823
962,1154,0.12482112058803453
716,817,0.12481969424273515
962,213,0.1248184570597693
778,414,0.12481625396830409
1162,262,0.12481279012688738
804,770,0.12480685599366027
1064,603,0.12480530924435414
919,102,0.12479870932504632
1064,1142,0.12479585031182003
692,102,0.12479470245846591
986,496,0.12479438187819694
1064,221,0.12479235877958486
1162,1014,0.12479044950558188
144,228,0.12478514193162264
778,1092,0.124784782556884
692,882,0.12478388837115907
2,692,0.12478354335283906
2,954,0.12478276535420696
351,544,0.12478081329180996
692,416,0.12477854183246868
2,971,0.12477678261111759
986,769,0.12477631177311958
184,668,0.12477358726491104
351,256,0.12477354849703905
295,509,0.12477351641742578
20,738,0.12477240691100235
9,292,0.12477176832708138
944,602,0.12476846870128902
843,692,0.12476733809614658
986,105,0.12476333598782559
944,83,0.12476135311476334
295,350,0.12476113075743904
146,1167,0.12475566912561158
1064,100,0.12474700691445027
1006,848,0.12474427695872047
2,354,0.12474305613274966
2,484,0.12474082310318269
986,1186,0.12473896149938471
20,915,0.1247352740456583
840,601,0.1247331780072825
100,492,0.12473283022849374
1162,22,0.1247325382069337
1064,24,0.12473249179553449
1064,1161,0.12473051258582077
716,575,0.12472804352277612
100,134,0.12472597036699928
843,783,0.12472586116811699
843,737,0.12472545687700501
692,820,0.1247251258697245
1162,27,0.12472439857171236
778,760,0.12472150500468154
9,266,0.12471648279558492
962,793,0.12471385141118821
9,651,0.12471360354244101
840,688,0.12470999620753867
692,851,0.12470993673070152
692,583,0.1247060508376881
1064,629,0.12470405239476696
1006,913,0.12470123812987002
692,937,0.12470053554400867
100,135,0.12469487007467372
986,302,0.12469471952284727
1064,635,0.12469227279445594
840,367,0.1246914774606195
2,666,0.12468867543023544
9,73,0.12468860518996118
1162,605,0.12468457855007377
351,328,0.12468178633718635
351,847,0.12467718559549525
843,248,0.12467507868805822
1064,13,0.12467488318421452
962,972,0.12467369006503257
1064,416,0.1246733410933372
692,655,0.12467239508517004
351,405,0.12466838768353504
355,630,0.12466205986593644
840,853,0.12466007079255516
9,312,0.12465807523705857
944,64,0.12465670814553358
356,282,0.12465548797026282
1162,585,0.12465088161182193
20,210,0.12464920134308262
356,699,0.12464736517258293
351,540,0.1246454044191855
1162,131,0.12464446926507529
843,554,0.1246430341102946
778,531,0.12464136892193962
2,153,0.12463249344772982
64,354,0.12462892414315366
100,168,0.12462424666464428
1006,18,0.12462344780986097
1162,558,0.1246220476661182
20,418,0.1246217053828853
20,640,0.12462080513646483
351,801,0.1246203806633407
351,746,0.12461997540160555
986,19,0.12461479929008207
9,1012,0.12461176611603407
100,1048,0.12460792211294759
843,445,0.12460706147408138
577,564,0.12460696703469454
2,696,0.12460555735662739
1064,297,0.1245980130629219
577,628,0.12459588221821669
2,1191,0.12459327264584162
1162,1100,0.12459175976632562
2,507,0.12458992038715055
64,700,0.12458829131343713
1162,1094,0.12457709332973461
1064,1099,0.12457588645380888
356,1020,0.12457530108996105
778,765,0.12456820462201282
843,210,0.12456776671141599
804,1113,0.12456410758293049
144,853,0.1245637222839201
1162,1129,0.12456370093531409
840,445,0.12455953796067029
356,295,0.12455906668963643
1162,543,0.12455670812702928
804,263,0.12454857629340127
356,205,0.12454774479576554
944,436,0.12454762895992151
146,8,0.12454050437466166
351,1052,0.12454031169901084
769,939,0.12453759705738685
843,1127,0.12453230543882404
9,1202,0.12452973580505393
351,576,0.12452461593657517
919,948,0.12452328256201278
2,481,0.12452271313133786
356,718,0.1245155697124092
1064,14,0.12451432647835407
919,1203,0.1245124803269731
184,77,0.12451246657538302
9,1014,0.12450659894957176
184,1042,0.1245062940271666
843,331,0.12450189023760772
778,419,0.12450167702002277
295,739,0.12450105529831465
804,502,0.12449253057843238
64,526,0.12448996335029218
144,827,0.12448913098371084
184,1113,0.12448240370596304
804,1178,0.12448202928429665
2,952,0.12448148823894165
356,731,0.12448020498161179
9,951,0.1244796522706229
692,112,0.12447920522579711
843,1126,0.12447856804000983
1162,1160,0.1244769350838996
100,950,0.1244760971806336
944,1140,0.12447398558386003
944,898,0.12447108898797014
986,912,0.124465406774907
356,898,0.12446350577083404
295,936,0.12446150927134125
2,650,0.12446120934170544
295,627,0.12446076284590725
1162,798,0.12445805189751291
351,516,0.12445698753534312
9,876,0.12445415347093215
9,955,0.12445171005346523
355,170,0.12445069150886076
351,403,0.12445019609773969
355,394,0.12444932315109176
919,117,0.12444766088149403
100,988,0.1244436009433164
804,929,0.12444273680508719
769,573,0.12444102286360993
919,373,0.12444086663973224
944,938,0.12443433013423585
100,409,0.12443113069819266
100,613,0.1244261215926602
356,92,0.12442476357257315
2,792,0.12442433293449243
716,15,0.12441977421236274
100,191,0.12441836943727848
840,572,0.12441745994506238
146,1029,0.12441551730083773
919,454,0.12441012319175472
9,572,0.12440005116888242
692,259,0.12439684236072616
1064,381,0.1243958436456958
351,1135,0.12439560485626987
944,647,0.12439318527277554
184,322,0.12439288611134318
421,424,0.12439122909287706
778,440,0.12439070511177537
944,1043,0.12438945935613797
1064,1014,0.1243887974292948
986,939,0.1243885767405591
295,347,0.12438851308266823
840,165,0.12438537516409237
2,821,0.1243816351614316
20,192,0.12437886267682641
9,128,0.12437798548187366
843,276,0.12437593165832779
295,757,0.12437514988420338
919,371,0.12437443432528354
919,125,0.12437436913989752
144,1043,0.1243725853332355
64,140,0.12436426327978926
944,857,0.12436268328127624
9,1153,0.12435936898999374
1006,515,0.12435821908446099
20,1091,0.12435320267695306
769,343,0.12434919766889166
356,267,0.12434851627519967
20,820,0.12434825639210616
840,734,0.12434696150563339
356,751,0.12434319200173541
351,806,0.12434076457876048
778,577,0.1243383788148567
355,810,0.12433722520493964
2,67,0.12433575388718558
840,1075,0.12433209252905968
986,953,0.12433073851993982
356,644,0.1243286540447253
184,623,0.12432825062055973
692,425,0.12432527462391618
804,732,0.12432499926275621
295,964,0.12431676001200218
944,574,0.12431608131277336
100,1155,0.12431386032467097
778,1045,0.12431147716087024
351,1018,0.12430744525601824
843,813,0.12430576790239643
716,829,0.12430372464723216
843,329,0.12429758549861844
9,35,0.12429729491616781
1162,941,0.12429290968438489
2,675,0.1242921634261186
944,423,0.12429186638362837
1064,266,0.12429094627220906
100,447,0.12428886788925525
919,788,0.12428734567263795
692,619,0.12428119314945311
144,977,0.12427682990763189
2,386,0.12427544841183177
356,49,0.12427270400123525
986,369,0.12427251392198954
1162,501,0.12427234148864703
1006,93,0.12427163112718509
144,1019,0.12426921782412625
843,833,0.1242662476171033
944,697,0.12426607987838531
962,597,0.1242606154904201
295,74,0.12425771793715079
840,668,0.12425669171992436
1162,302,0.12425652796783644
919,603,0.12425541245677006
184,438,0.12425342872672927
986,417,0.12425319354298207
986,929,0.12425149100218051
9,1117,0.12425128092433439
295,140,0.12425080065723398
2,629,0.12424498753647556
1064,794,0.12424326428159263
919,365,0.12424273060649434
64,820,0.1242422171720741
778,447,0.12424195065750593
9,682,0.1242374589426226
100,1073,0.12423404512327028
692,713,0.12423120667450312
944,194,0.1242293748341529
9,784,0.12422878875930425
843,763,0.12422762079800657
804,179,0.12422384396068688
20,65,0.12422275335448504
840,1016,0.12422196696905143
351,86,0.12421988158501918
692,387,0.12421667747441621
1064,293,0.12421589695635107
356,42,0.1242125049207789
184,1,0.12421063446708937
64,170,0.12420909420112478
355,216,0.12420727363746445
2,285,0.12420720416113853
840,417,0.1242031182942663
919,180,0.12419735176445154
1064,576,0.12419729065907499
1064,81,0.12419695597915915
9,520,0.12419459450008802
1162,709,0.12419305656921932
1064,132,0.12418798278972451
9,401,0.12418723923000698
692,1141,0.12418520446592052
295,0,0.12418205180328384
986,1089,0.12417686010733925
843,316,0.12417685142478051
986,316,0.12417470832332789
944,133,0.12417260346369205
944,950,0.12416970753633334
1006,141,0.12416840718239609
1064,424,0.12416357467454246
351,168,0.12416347267627088
840,712,0.12416334134190216
351,543,0.12416262623941725
64,572,0.12416038669711973
20,834,0.12415814953982811
20,1055,0.1241573522530801
144,1108,0.12415331601849272
351,177,0.12415112691871605
944,1105,0.12414879183007757
351,357,0.12414873786712843
986,920,0.12414847331603528
351,688,0.12414820105698281
778,1087,0.124148037607127
2,469,0.12414798393051281
356,405,0.12414717232485788
840,939,0.12414390552470334
356,766,0.12414381676360033
355,734,0.12413820210132176
356,712,0.1241370064692706
716,571,0.12413548244623335
356,728,0.1241317834709235
840,955,0.12413150194586518
1064,1087,0.1241288170408179
2,669,0.12412078003387088
2,1178,0.12412075959616709
356,503,0.12411784257199066
251,1114,0.1241130822682907
2,673,0.12411233403340208
716,182,0.12411155273463353
20,275,0.12411059969427723
9,1075,0.12411041986462809
100,18,0.12410866959121886
986,627,0.12410659021939437
146,1107,0.12410224815600443
9,12,0.12409883121419517
295,819,0.12409716985059355
20,645,0.12409501434523337
9,350,0.12409475446557115
843,303,0.12409097545731794
1162,130,0.12408897660157515
1064,598,0.12408823608359923
9,970,0.12408791042111311
295,369,0.12408483616052125
804,1092,0.12407877016446138
716,703,0.12407777904719944
986,416,0.12407624477009889
146,155,0.12407581058750447
1064,182,0.12407152176094421
356,700,0.12406931222396901
20,207,0.1240692311266806
919,1053,0.12406709605673864
9,835,0.12405784603490998
840,1037,0.12405438249776521
9,148,0.12405316323784227
184,384,0.1240506877565783
1064,900,0.12404647820044722
100,698,0.124045787488682
2,652,0.12404369755742778
986,771,0.12404329411274832
1064,457,0.12404290365502622
1162,872,0.12403900917494097
1064,807,0.12403803889795693
144,533,0.12403702171978356
692,1153,0.12403695966754387
1064,131,0.12403279971881678
944,1042,0.12403194612704195
2,314,0.12402816246611849
692,1088,0.12402315639874358
144,622,0.12402278465609948
1162,860,0.12402216202785485
100,125,0.12402203236028406
295,1075,0.12402030146499363
919,797,0.1240188884313641
9,881,0.12401873168502386
1006,619,0.12401568027005969
356,276,0.12401257405680399
1064,243,0.12400956930448033
351,990,0.12400623391891674
356,272,0.1240060870642484
840,406,0.12400576750331556
1162,759,0.12400575298097388
919,18,0.12400476137097854
944,85,0.12400012587190429
9,88,0.12399820885791919
716,1051,0.12399492643730181
778,926,0.12399420379367691
2,963,0.12399189063505385
356,101,0.12399036819519396
692,69,0.12398863574109933
986,1196,0.1239879957102352
692,948,0.12398714514040618
716,371,0.12398668278776896
295,1089,0.12398647808567366
840,1008,0.12398486833462224
351,604,0.1239833731520724
986,454,0.12398265733256415
778,99,0.12398136875021097
355,1094,0.1239794927717009
295,339,0.12397947785066721
919,816,0.12397620293188931
20,1025,0.12397127938206129
351,900,0.12396812236739727
716,995,0.12396571479215925
9,446,0.12396468164172428
919,548,0.12395553201239304
919,595,0.12395248754204057
351,790,0.12395131835577888
1162,174,0.123948852799686
843,853,0.12394587330122035
843,1024,0.12394441734510132
351,253,0.12394004938456402
295,931,0.12393798851206976
692,613,0.12393754535036873
778,819,0.12393558476504081
919,33,0.12393534705205116
1006,104,0.12393401506092908
843,353,0.12392979608699409
840,295,0.12392977712038589
184,677,0.12392172370070613
351,1002,0.12392118968940731
986,146,0.12391880083433357
778,585,0.12391748499766397
9,890,0.12391258505916507
1162,464,0.12390660027347379
20,578,0.12390652035964493
100,657,0.12390556616852277
144,316,0.12390505656913689
64,448,0.12390485025238449
1064,547,0.12390227288413416
986,356,0.12389991973155806
716,1014,0.12389624473972831
2,1077,0.12389454637896505
9,100,0.12389257396460893
692,672,0.123889956119755
20,873,0.12388639916546709
1064,535,0.12388144418402525
804,1089,0.12388134389836962
100,1095,0.12388095708784248
804,1036,0.123876794858705
840,145,0.12387678460869954
804,864,0.12387536055641042
577,484,0.12387527255874037
692,738,0.12387437672755877
1162,56,0.12386973981954659
692,953,0.12386619689682739
9,62,0.12386446204922093
692,565,0.12386147995498728
100,143,0.1238609621682635
2,363,0.12385809842241709
295,1053,0.12385404335427248
804,414,0.12385008742026904
986,271,0.1238459104240775
351,121,0.12384300119302259
778,209,0.12384009087317255
1006,216,0.12383852499611685
356,471,0.12383814556676992
986,482,0.12383349935762501
1006,343,0.12383234136810299
295,979,0.12383181848237007
9,1170,0.12383107209510766
778,86,0.12382961743561488
692,989,0.12382677930100312
295,921,0.12381624803689167
843,1085,0.12381557923127594
778,373,0.12381261687895465
944,953,0.12381133172491225
1006,504,0.12380781876073235
692,447,0.12380582885881979
356,1069,0.12380415561067325
804,50,0.12380211843604826
986,117,0.12379892017381197
2,71,0.12379886618028937
840,258,0.1237951061104385
1064,315,0.12379498262672373
144,1016,0.12379494456353295
184,894,0.12379458691568179
64,864,0.12379375391334409
804,650,0.12378763897585993
356,1203,0.12378669833795196
986,367,0.12378503305144498
944,643,0.12378373112619402
1162,656,0.12377953725517278
356,239,0.12377657975612093
1006,597,0.12377419604869022
804,559,0.12377130272515831
351,916,0.12376605644910951
356,696,0.12376534938116496
944,84,0.12375940935455185
64,1203,0.12375805908252266
778,228,0.1237529400529615
944,533,0.12374980340941107
20,436,0.1237466306276165
843,260,0.12374591029589846
2,858,0.12374113847327284
20,194,0.12373834223517709
295,540,0.12373809739182887
100,1163,0.12373758020662802
184,813,0.12373595928218713
716,926,0.12373429691155291
778,217,0.1237298583796546
986,365,0.12372978293977765
716,684,0.12372029283249476
804,734,0.12371662975785822
351,1093,0.12371641096762279
986,370,0.12371599838013916
986,1093,0.12371552372045004
2,176,0.12371534975931524
804,394,0.12371472895105594
778,599,0.12371328856743248
843,115,0.12371256514661798
843,41,0.12371008372464536
1064,586,0.12370684998542449
64,630,0.123703950330258
100,482,0.12370312607835794
919,770,0.12370112737579643
1064,626,0.12369939557397124
356,161,0.1236961086982442
1064,815,0.12369415912314985
9,1006,0.12369277425979874
986,641,0.12369182162306414
20,1004,0.1236883022182949
351,496,0.12368805389450879
944,131,0.12368536537679709
986,874,0.1236791319415641
1064,864,0.12367909588090013
919,401,0.12367867712302337
986,617,0.12367748178459485
840,51,0.12367461901053926
9,1029,0.12367373862552627
100,499,0.12367252998940671
919,1080,0.12367055878049385
144,816,0.12366799783779672
146,680,0.12366615900816255
295,763,0.12366408954180146
840,671,0.12366352776066238
692,675,0.12366104744596643
295,690,0.12365782997797649
251,185,0.12365599373942975
64,659,0.12365495304381162
100,1040,0.12365059323592463
1162,722,0.12365059306493932
100,844,0.123650494858196
2,221,0.12364799046335911
944,867,0.12364724117282257
1064,944,0.1236413640888502
9,714,0.12364085903744201
100,451,0.12363951472957857
692,614,0.12363807316910451
919,381,0.12363254486001096
944,411,0.12363207812574144
1162,315,0.12363193067614754
355,45,0.12363013680804821
356,429,0.12362908787944851
351,513,0.12362896533977653
716,827,0.12362638407534327
1064,673,0.12362464457789807
295,109,0.12362298457196884
919,1106,0.12362121480600442
2,626,0.12362110650953696
986,899,0.12361139201662673
184,192,0.12360634938120489
184,573,0.12360484931363212
351,118,0.12360402303925427
843,827,0.12360383066256836
919,964,0.12360128336250166
840,505,0.12360075871232352
840,820,0.12360011754872172
843,810,0.12359665726670986
2,74,0.12359646084375515
692,229,0.12359612404900579
2,919,0.12359590139468522
20,174,0.12359456268764567
769,261,0.1235927273392841
716,443,0.12359056301777607
804,361,0.12358950035619683
716,72,0.1235886946914254
356,1194,0.12358812259595423
9,802,0.1235855687996098
2,245,0.12357970920402181
356,280,0.12357766613568241
692,134,0.12357135530712306
986,546,0.12356974734907974
356,650,0.12356966333323718
9,133,0.1235679368987208
356,22,0.12356518913978644
944,1035,0.1235650959496508
804,35,0.12356378561135614
9,1152,0.12356350597827359
944,1101,0.12356073896507741
295,1189,0.12355685419233285
944,948,0.1235529706957173
20,8,0.12355062709992491
944,94,0.12355018452997957
692,482,0.12354920957357078
1064,676,0.12354638321191069
962,371,0.12354484752638953
64,8,0.123543832539506
9,751,0.12354228055597008
1064,516,0.12354079023609392
2,791,0.12354075947596428
919,554,0.1235393316541177
962,146,0.12353904870846119
1006,1101,0.12353668875880704
919,520,0.12353668469605776
778,908,0.12353567338796921
962,1113,0.12353373691728128
986,459,0.12352838092388702
9,14,0.12352754703718541
9,745,0.12352565505042999
100,285,0.12352379866019986
986,158,0.12352349466562179
2,1125,0.12352341619727605
986,989,0.12352318039689347
944,381,0.1235159973389116
9,369,0.1235152193232595
20,826,0.12350542093520829
1064,179,0.12350365021719935
919,101,0.12350180049935736
9,586,0.1235004062900564
2,894,0.12349666312930065
9,134,0.12349596999566916
356,1071,0.1234957241890395
986,1165,0.12349567305598814
1162,1006,0.12349369923239593
986,67,0.12349215072059955
351,713,0.12348977538670473
1064,656,0.12348932812640251
919,521,0.12348762356682429
64,684,0.12348207618697787
1162,790,0.12347105437019323
100,529,0.12347052963699036
100,836,0.12346692023946769
944,748,0.12346430328613257
919,446,0.12346076226253368
20,294,0.12345874832934262
356,965,0.12345761479774503
20,357,0.12345726121623199
356,46,0.1234553866566068
843,485,0.12345469134878707
840,591,0.1234494102567328
716,63,0.12344620614823175
1162,521,0.12344251417800398
20,620,0.12343915798711418
716,573,0.1234390168388208
962,1139,0.12343842920658026
962,1016,0.12343817631113746
1064,982,0.12343801477004733
804,315,0.12343794278296463
100,773,0.12343758424108392
692,10,0.12343748382692674
100,112,0.12343724391786642
778,348,0.12343724346211266
843,48,0.12343539889511146
351,558,0.12343033263229557
1162,336,0.1234300498149789
986,918,0.12342835241236397
843,176,0.12342747186696311
9,189,0.12342584194299476
986,275,0.12342477560719951
100,1183,0.12342458995358874
351,365,0.12342311346445846
356,437,0.12342102212008808
919,1088,0.12341926035063802
64,1026,0.12341918743658094
692,70,0.12341714247199888
295,485,0.1234140821471375
2,1123,0.12341296791580772
100,593,0.12340649785778797
692,512,0.12340468401954774
2,740,0.12339901900721165
986,683,0.12339363912772817
577,69,0.12339319826992344
1064,1055,0.12339165715083908
986,893,0.12339153803869582
944,469,0.1233912120366927
944,169,0.12339079653348675
843,304,0.12338957866253594
184,927,0.12338729319360782
692,89,0.1233859592990679
351,603,0.12338335229616353
944,497,0.1233827074054938
1064,559,0.12336781333395536
100,725,0.12336541694820778
355,798,0.12336370370908395
1064,701,0.12336133171133543
355,882,0.12336085758364541
986,428,0.12336077119577088
295,208,0.12336046067521733
986,1163,0.12335932622263873
295,341,0.12335360349512299
144,261,0.12335318973988633
843,598,0.12334847631269719
295,543,0.12334577420981625
100,1170,0.12334535596928925
9,695,0.12334372379019681
100,1156,0.12334357140439337
692,405,0.12334251182972268
804,982,0.12334092314149898
1162,373,0.12334014961485323
355,492,0.12333605547044187
100,1165,0.12333521040835024
1064,1141,0.1233341723672555
2,1122,0.12333121160921372
2,1149,0.12333050267702743
919,200,0.1233295782224469
1006,689,0.12332517003427154
100,307,0.12332299921152744
1064,876,0.12331913363928372
840,908,0.12331809438342478
2,170,0.12331726813100509
843,1189,0.1233161656241671
100,991,0.1233133100702475
9,209,0.12330941070280105
840,819,0.12330705416108953
1162,565,0.12330271212533073
9,354,0.1232993827131411
919,115,0.12329899106315158
184,457,0.12329477145888815
944,781,0.1232937585251418
843,2,0.12329135134187978
716,616,0.1232908640289694
1064,272,0.12328470327562897
843,47,0.12328264514081343
1064,878,0.12328182453226286
9,711,0.12327881279968145
356,642,0.12327609961735304
64,1062,0.12327434992066054
356,1113,0.12327357238931914
295,1109,0.1232693081660394
9,327,0.12326768453227445
778,782,0.12326637960215607
716,160,0.12325977938111178
962,180,0.12325966815785895
716,96,0.12325843854966358
356,435,0.123255893648471
692,226,0.12325574586083662
804,838,0.12325106378100652
944,1157,0.12325050045337659
1064,1111,0.12324148188940622
1006,1036,0.12324057271397656
100,766,0.12323934443111328
1064,93,0.12323775811532033
9,302,0.12323726136562654
351,862,0.12323637570940513
986,643,0.12323616239949436
692,943,0.12323607144634321
1006,10,0.12323082723327995
9,102,0.12322375618105216
778,43,0.12322286315309655
804,364,0.12322234729624601
351,628,0.12321595073759663
1162,481,0.12321487035825698
843,367,0.12321412742087617
804,713,0.12321239336697838
356,1105,0.12320577903109842
919,1113,0.12320358382975366
2,523,0.12319891651445901
1064,1063,0.12319499969428717
9,1010,0.1231913992666216
919,855,0.12319021956012041
919,136,0.12318036883824653
64,1099,0.1231803570639545
64,399,0.12317846421969265
962,886,0.1231753570424415
1006,840,0.12317397908125302
716,623,0.12316943221901186
843,332,0.12316705351558688
1064,233,0.12316217199540137
100,1030,0.12316162387669291
100,89,0.12315959732662997
919,516,0.12315913655066964
944,997,0.12315757737214
692,853,0.12315233687420471
1162,757,0.12314969490546443
716,82,0.1231471589969623
1006,293,0.12314602265588294
1064,492,0.12314598050782734
804,938,0.12314203240877185
804,146,0.12313892722565843
1064,618,0.12313303588244434
1143,1123,0.12313280120715306
356,822,0.12313206453950522
919,829,0.12313034635271128
919,192,0.12312836013241667
20,143,0.12312829668739046
919,782,0.12312474967032964
20,267,0.12312265213528166
692,1065,0.12312208409891982
919,800,0.12312102924455069
2,468,0.12311908864919349
100,989,0.12311900774754612
356,977,0.12311439773156585
2,956,0.12311077463513394
20,313,0.12310999528635765
944,398,0.12310514042184754
351,977,0.12310456090492682
804,212,0.12310348761263441
919,1009,0.12310323072331776
1064,98,0.12310306032008854
919,818,0.12309741362821143
1162,439,0.12309480307119484
944,1116,0.12309424883820447
986,112,0.12309300048868456
355,246,0.12309295938686064
692,1023,0.12308904622554287
843,657,0.12308890490459995
843,782,0.1230880551223327
716,821,0.12308265328148789
356,1064,0.12308198587988499
64,686,0.12307987508483104
1162,1151,0.1230744258221271
692,1159,0.12307176869201764
692,1080,0.1230670375140998
944,237,0.12306424235096529
1006,860,0.12306107218584718
1162,1021,0.12305830541957141
692,694,0.12305748634966988
356,683,0.12305520706421856
9,183,0.12305097441206979
804,656,0.1230444256257463
962,749,0.12304286232446664
1064,187,0.1230411881499338
144,696,0.12303894933289937
2,782,0.1230389149667983
9,931,0.12303741531620586
20,110,0.12303652969422643
1162,1090,0.12303230637458169
295,815,0.12302927628641426
100,477,0.12302813617981448
919,1155,0.12302535901986772
919,716,0.12301949568806127
356,1099,0.12301600540129685
251,114,0.1230146854642949
100,1010,0.12301067167456063
9,457,0.12300997300578001
146,450,0.1230098472513093
692,520,0.1230051452357944
778,412,0.12300499726571458
351,2,0.12300171083130779
144,266,0.1230013179573819
986,876,0.12299957277001274
804,89,0.12299888970638373
944,1173,0.12299728407170528
986,1035,0.12299517932208429
1162,965,0.12299134121760485
986,124,0.12298403817286836
356,685,0.12297739771895676
9,1141,0.12297429335470697
2,106,0.12297367667724439
840,1089,0.12297025624196535
2,645,0.12296978197450047
692,210,0.1229696588789969
100,581,0.12296942214347498
919,876,0.12296860600229191
2,378,0.12296775574365716
1162,613,0.12296755362258717
804,447,0.12296643529026358
919,120,0.12296637094220526
962,816,0.12295903229357003
351,402,0.1229551293605745
1064,412,0.1229522845346956
692,496,0.12294968738098784
1006,626,0.1229457872303846
716,930,0.12294572447887656
840,35,0.12294414439568063
20,491,0.12294361036177753
356,546,0.12294177419943374
919,1138,0.12294148883752107
146,3,0.12294127118748739
962,479,0.12293410365328324
1006,783,0.12293163704444209
986,556,0.12292398345697589
577,479,0.12292395173230276
1162,327,0.12291973310440359
944,201,0.12291445156299113
100,712,0.12291379937047568
295,669,0.12290950050305
356,734,0.12290607013800028
100,702,0.122904594653151
20,42,0.12290053234900905
184,572,0.12289964953945341
2,930,0.12289738892371987
20,1103,0.12289732133381007
716,383,0.12289205599124327
692,991,0.1228902663165283
9,487,0.12288640695400478
184,712,0.1228856439490422
944,1037,0.12288280585506829
20,804,0.12288259070725262
144,595,0.12287185982013726
9,1043,0.12286613578748469
295,899,0.12286596963274284
356,209,0.1228636142246811
840,861,0.12285664267833968
100,1159,0.12285616078934246
2,833,0.12285555213668191
144,401,0.12285017383801862
716,1131,0.1228450817064088
804,529,0.12284427835374187
692,1081,0.12283910880169403
184,155,0.12283804618895863
184,73,0.12283218387891302
840,567,0.1228234033580032
2,350,0.12282043304140046
356,870,0.1228163466470629
184,1135,0.12281447027113818
1162,292,0.12281137285349657
351,541,0.12280888084023914
184,86,0.12280864843398033
986,379,0.1228082020600191
2,828,0.12280775806466064
20,359,0.12280340112666167
1162,246,0.12280174533799557
2,220,0.12279821378608678
804,871,0.1227977468716379
251,498,0.1227976159070538
100,27,0.12279560020456155
840,696,0.12279431459722374
100,363,0.1227928642420133
962,275,0.12279013822102493
9,6,0.12278933174384037
100,668,0.12278786201392342
2,182,0.12278472448884971
2,267,0.12278470358103676
843,678,0.12278317177207074
843,707,0.12278295630110964
986,49,0.12278076265884301
1064,991,0.12277549927333521
778,705,0.12277356098229254
295,87,0.12277222135019725
919,991,0.12277091739380608
1162,777,0.12277062689037087
351,401,0.12276988423021461
692,935,0.12276619113892508
20,679,0.12275476699689385
2,526,0.12275463191060972
1064,1043,0.12275091368488497
843,1141,0.12274817552367041
692,54,0.12274507602047986
716,1119,0.12273975821389185
9,142,0.12273850246736853
2,528,0.12273662460165309
1064,165,0.12273559825509638
20,274,0.122732664340082
840,299,0.12273087800850394
295,767,0.12272955496176224
421,812,0.12272697617516354
356,426,0.12272533935866214
919,651,0.12271929690747095
100,130,0.12271781963665525
840,673,0.1227137497432915
962,843,0.12271239948267983
1162,431,0.12270829898130295
251,49,0.12270762590974404
716,540,0.1227048250617713
9,647,0.12270473922109075
944,596,0.1227045552929305
356,310,0.12270345886968886
1006,99,0.12269806999798825
804,1075,0.12269806707828075
986,533,0.12269529097903144
351,1121,0.12268816915470111
9,1068,0.12268755006664898
944,340,0.1226867948837997
2,204,0.122686685933328
840,280,0.12268663497813473
355,1026,0.12268571164377358
2,187,0.12268453652756671
144,1080,0.12268364585208785
351,99,0.12268221867499292
840,1059,0.12267903027664905
986,1021,0.12267719513071482
100,185,0.12267686378104743
351,907,0.12267145661848601
919,347,0.12266867090701107
356,510,0.12266578868494858
986,864,0.12266382591482292
351,444,0.1226616130648076
804,274,0.12265972106588512
9,568,0.12265544253085228
1162,52,0.12265507875812043
20,419,0.1226476843015976
1162,438,0.1226454747201423
295,751,0.12264446013965645
20,740,0.12264137483403133
778,578,0.12263989445023155
100,1039,0.12263941942509399
919,22,0.12263865908836769
144,185,0.12263317845653122
2,997,0.12263202749908585
778,745,0.12263067171513134
9,1093,0.12262778614204509
804,508,0.12262697336585074
1064,337,0.12262533610125956
769,1134,0.12261633478769733
1064,721,0.1226139758530091
100,599,0.12261129839379473
986,598,0.12260870882550905
843,616,0.12260703324260012
843,501,0.12260039187204594
1162,1049,0.12260033384339482
962,10,0.12259464673547518
716,202,0.12259341275610473
769,712,0.12259213278062123
184,373,0.12258710674922711
1162,112,0.12258552815321412
1162,140,0.12257812486843829
146,1024,0.12257489729856609
100,938,0.12257312997352149
100,1200,0.1225692079828387
2,1061,0.1225622530615512
840,201,0.12256008376645582
2,272,0.12255960186224393
295,828,0.12255868024259294
1162,990,0.12255707390343368
2,1109,0.12255465111515809
843,713,0.12255241518720603
2,522,0.1225497254497625
351,200,0.12254968429114865
986,432,0.12254731627668929
2,888,0.12254654434975644
919,255,0.122543196148508
840,934,0.12254263126883008
1006,1075,0.12254042522832567
9,1071,0.12253986556220987
804,464,0.12253979037223633
692,1037,0.12253960423803713
1006,676,0.12253867027901717
1064,246,0.12253475267917979
295,75,0.12253146424802937
804,371,0.12253065441734814
986,565,0.12252944702884686
986,458,0.12252388110489341
356,433,0.12251123739645389
843,226,0.12251063016479988
919,503,0.12250918096040818
144,73,0.12250732324469128
804,486,0.12250469158893991
919,644,0.12250450412418878
1162,366,0.12250001436459734
944,1045,0.12249639741121268
944,357,0.12249499756240627
2,462,0.12249263788489963
919,232,0.12249045065385727
716,103,0.12248645936951773
351,503,0.1224851211177535
20,969,0.12247999041166413
100,15,0.12247935691399404
1064,64,0.12247781785085461
804,1096,0.12247642708751842
944,817,0.12247509805365424
843,906,0.1224726687655835
944,434,0.12247156338734783
251,447,0.12247076876761998
355,10,0.12246475200805633
1064,1155,0.12246411732362057
843,50,0.12245805399344173
1064,674,0.12245558511879329
712,783,0.12245488015757759
146,1000,0.12245327447855311
692,369,0.1224527875018269
1064,893,0.1224486085196992
9,307,0.12244828386945844
843,982,0.12244761789128843
251,679,0.12244711960558564
716,753,0.12244330260081178
144,970,0.1224406391443543
804,828,0.12243961031812801
9,85,0.12243430999695629
2,109,0.12242264287983194
20,813,0.12242242146120767
692,620,0.12242149389654881
843,498,0.12241772305194443
9,51,0.12241753847606206
716,676,0.1224151265691944
20,1023,0.12241480443860542
843,950,0.12241039867015854
986,199,0.122409077916922
20,351,0.12240745263294185
1006,691,0.12240723547918332
778,675,0.12240655968284049
9,92,0.12240090058503712
351,595,0.12239613206087682
356,1088,0.12239602431981171
986,28,0.12239548081959495
9,913,0.12239476210391931
986,1166,0.12239351686905728
1064,390,0.122392141528949
716,581,0.12238957304777832
100,270,0.12238878952470222
1064,554,0.12238864588056969
962,285,0.12238681662545046
355,134,0.12238578963926446
919,257,0.12238117380631447
2,572,0.12238055529319028
2,231,0.12238014426821801
843,74,0.12237984903431613
356,105,0.12237523666420888
986,139,0.12237454183242906
778,951,0.12237008243145968
1162,911,0.12237002698967828
804,265,0.12236725904005172
840,134,0.12236495874810717
840,565,0.12236412624956056
840,1046,0.1223605953090533
20,558,0.12236037209900541
1162,701,0.1223590875841776
9,782,0.12235208009804135
295,905,0.12235192559652622
769,644,0.12234905452840115
692,19,0.12234776013126603
100,106,0.12234667300835779
1006,1143,0.12234529412293178
986,807,0.12234451502111442
9,1190,0.12234136757255788
843,86,0.1223392705428737
9,593,0.12233777820350202
1006,705,0.12233203391684627
804,1163,0.12232383504588784
1162,209,0.12232167657874522
1064,700,0.122321151517678
100,827,0.12231998609839896
962,447,0.12231996162561704
9,800,0.12231922535845251
9,942,0.12231388833639567
144,449,0.12231374456389006
986,784,0.12231210498918405
100,221,0.12230387402539238
20,839,0.12230365939883352
20,360,0.12230056544794546
20,982,0.12229907897237861
778,630,0.1222944135522191
1162,25,0.12229369515883054
919,604,0.12229053161212795
356,801,0.12228718712923367
716,1143,0.12228693619402195
716,972,0.12228678552626487
1162,882,0.12228580691926765
2,542,0.12228516866558727
716,767,0.12228143709400388
1006,554,0.12228078334531825
692,94,0.12228000876168711
295,507,0.12227944253260331
778,953,0.12227883675310773
778,67,0.12227801977708455
1162,1158,0.12227547880521772
804,810,0.12227431817471741
712,1126,0.12227015338457879
356,1156,0.12226374554910438
144,900,0.12226329113161484
919,931,0.12226121459215647
778,1139,0.12225581696982217
1162,949,0.12225490238159056
144,492,0.12225166929639661
843,620,0.12224520348372521
9,13,0.12224276738113846
778,13,0.1222347494690325
355,862,0.12222856536661417
2,825,0.12222271249214275
1064,1134,0.12222053841074906
919,240,0.1222191706783099
1162,143,0.12221758916976824
356,1051,0.12221753266595073
184,416,0.12221348214594248
9,389,0.12221342513006471
184,94,0.12220941472860737
100,249,0.12220818869708668
356,180,0.12220579624006556
355,1149,0.12220164709710266
840,179,0.12219882206585418
144,577,0.12219324353038825
1064,779,0.12219236610592471
1064,230,0.12219149732522358
1064,1168,0.12219043980196627
986,1136,0.12218885979332192
356,914,0.1221871956928721
295,703,0.12218699998014243
692,1136,0.12218633264821219
9,503,0.12217974393012483
843,1031,0.12216740837622188
184,1129,0.12216204572123009
804,79,0.1221598411370136
2,882,0.12215778102870675
2,312,0.12215640534783505
184,274,0.12215421922364975
9,1051,0.1221540684725298
843,601,0.12215323418302979
421,40,0.12215275697268423
1064,638,0.12215240989707409
919,44,0.12214211869847656
9,29,0.1221414052224058
2,651,0.12214085159850736
804,1062,0.12213937627885614
64,538,0.1221389157300271
9,229,0.12213799515265616
184,265,0.12213734677495561
100,317,0.12213670071063298
9,517,0.12213668007015775
356,844,0.12213649199730935
351,352,0.12213597261379011
843,37,0.1221294899008726
986,1065,0.12212907962599447
1006,415,0.12212896872085093
843,451,0.1221278310998244
778,558,0.12212605764080695
716,981,0.1221214229964646
9,211,0.12212021496338678
100,508,0.12211994270117736
778,993,0.12211571481949719
962,181,0.12211469734707324
64,221,0.12211382846447173
919,131,0.12211245503740784
962,663,0.12211245368627682
840,604,0.12211112938644289
1162,293,0.12211056916868851
804,834,0.12209955207546144
9,675,0.12209478229996662
356,832,0.12208770579421226
986,764,0.12208670626385178
692,950,0.12208576619311289
20,1065,0.12208323850785197
692,1148,0.1220822186926643
1162,201,0.12207943554264472
919,1141,0.12207941428232166
1162,499,0.12207893597536575
692,386,0.12207673239663472
184,571,0.12207549352022447
1162,504,0.12207261955871816
351,179,0.12207033572689716
100,271,0.12206488904469157
100,1089,0.12205981465934558
356,197,0.12205835806741512
1162,1022,0.1220578686432599
295,1202,0.12205675295812163
356,394,0.1220509131855766
716,955,0.12204948223936822
9,496,0.12204881809318288
9,602,0.12204612256529226
1064,6,0.12204485935869762
20,988,0.12204242359969791
840,568,0.12204086022401468
64,1029,0.12204024716141201
692,815,0.12203981006401361
986,272,0.12203952250907488
986,595,0.12203729510944103
804,237,0.1220348741213821
9,986,0.12203403848457746
692,274,0.12203279003815402
356,77,0.12203205864769244
9,46,0.1220307423841279
778,52,0.12202992052725542
295,73,0.12202900249774457
355,921,0.12202892269563996
840,830,0.12202643452821663
919,471,0.1220253952533041
944,73,0.12202241153759975
778,740,0.12202031005956554
919,1040,0.12201794117237318
840,46,0.12201721494463287
919,1137,0.12201701974908345
986,368,0.12201314753952429
351,338,0.12201164115393581
962,705,0.12201041060654948
778,737,0.12200529492055263
100,1126,0.12200428958343998
986,1155,0.12200329042779427
919,479,0.12200173347882351
986,263,0.12199844039309206
986,174,0.12199811135238388
351,791,0.1219977778123126
712,738,0.12199573294998585
986,630,0.12199045887052046
986,473,0.12199006875800882
716,598,0.12199002781880304
20,878,0.12198944208332557
1064,386,0.12198856086570933
986,666,0.1219878505413219
351,987,0.12198640467907416
1064,1035,0.12198574773500555
184,492,0.12198235597156841
843,872,0.12198183469750111
356,135,0.12197908305695376
100,1103,0.12197254307872579
20,867,0.12197114802323188
351,1059,0.12196987801275397
716,364,0.12196330692443146
962,846,0.12195499161205242
692,261,0.12195106106168553
355,763,0.12194814071726458
295,579,0.12194810551614127
919,376,0.12194673965695395
1162,1099,0.12194015489931807
295,857,0.12193669675896537
421,774,0.12193583181493296
295,12,0.12193205511147066
843,838,0.12192999799067113
716,741,0.12192807241817182
919,241,0.12192402845780437
716,1160,0.1219227299479564
769,496,0.12192100393014076
20,561,0.12191048196826203
919,794,0.12190949770651335
962,1101,0.12190784425278553
356,1013,0.12190617623466857
1064,1197,0.12190550460219585
778,1163,0.12190548064410446
144,1088,0.12190200712219451
944,270,0.12190001690544477
840,623,0.1218966466405605
1006,1025,0.12189430377444241
692,601,0.12189153511483945
144,676,0.12189056458404246
804,261,0.12188857179020376
184,179,0.12188700719087736
804,1190,0.12188588213770879
692,1075,0.12188503634013896
295,67,0.12188102263318269
986,517,0.12187978932024086
100,3,0.12187770035986985
20,129,0.12187702528187966
986,1006,0.1218763396104456
919,694,0.12187456006720347
100,898,0.12187129717537477
843,710,0.12186942830198585
351,280,0.12186662129837643
804,1068,0.12186521268747771
356,137,0.12186516779678697
986,294,0.12186302227952714
804,1104,0.12186273513264312
986,650,0.12185480093815525
986,549,0.1218542781787589
295,1173,0.12185356880802353
144,1014,0.1218516153155713
986,44,0.12185042200209122
1162,126,0.12184978428091069
1064,205,0.1218497294734942
356,459,0.12184948716850567
2,899,0.12184931057448727
919,899,0.12184770048178224
804,1127,0.12184449010082227
356,1154,0.12184046753134371
843,447,0.12183641792218527
944,739,0.1218340369745619
962,983,0.12183329128106923
2,637,0.12183223722662824
351,1194,0.12183084782696245
20,527,0.12182889021756366
843,1016,0.1218273418687535
2,994,0.1218268794658657
295,929,0.12182241542669159
692,734,0.12181774255026866
64,1095,0.1218151987081034
100,288,0.12181113017373732
295,258,0.12181024601872863
843,542,0.12180406925795666
840,977,0.12179825773374739
295,633,0.12179746736347741
692,886,0.12179636639569497
840,913,0.12179629024758247
2,834,0.12179468291501391
944,795,0.12179412653383316
804,325,0.12179387796772535
843,688,0.1217914625784423
692,938,0.12178460917340496
840,677,0.12178263224297567
1064,885,0.12177711251209733
692,285,0.1217742818286122
356,873,0.12177093651660433
919,544,0.12176988689199082
778,1067,0.12176954321172401
843,1184,0.12176424979658834
1143,1103,0.12176391021169763
840,1203,0.12175323430351272
804,1080,0.1217505281354401
944,380,0.12175051847159132
64,741,0.12174906393136398
184,897,0.12174888504733235
840,573,0.12174769571475245
356,220,0.12174594091362452
944,790,0.12174350112656228
986,1036,0.12174234848011001
100,471,0.12174232911079626
64,384,0.12173112490723459
1064,879,0.12173049454764187
1064,1081,0.12172997025847006
351,1186,0.12172961738396139
100,934,0.12172774250883729
843,442,0.12172633489039571
20,155,0.12172569627279259
692,1089,0.12172423417298525
100,954,0.12172398150309309
716,1026,0.12172382772777347
1064,953,0.12172176568707044
1064,522,0.12172052184262196
843,417,0.12171809708902456
1064,870,0.12171107318813197
351,490,0.12170880658754947
2,759,0.12170554048201099
716,820,0.12170414846922421
944,1022,0.12170244162488103
100,142,0.12169450910945868
251,1088,0.12169308556861846
804,80,0.12169293185816765
100,167,0.12169272825011035
804,357,0.12169143721415032
144,899,0.12169127188441356
986,772,0.12168989038389685
919,449,0.12168575210114684
716,1029,0.1216845503610859
843,618,0.12167747107916528
1162,880,0.12167461170995049
355,248,0.12167304956826228
716,919,0.12167237388482154
356,350,0.12166673651511574
778,107,0.12166250564710836
9,911,0.12166059704196604
2,58,0.12165721021916705
356,76,0.12165357404825113
843,192,0.12165047591859919
1006,657,0.12164915016756242
1064,248,0.12164815099904087
1064,405,0.12164436699944851
351,675,0.12164092325112325
804,701,0.12163937061152193
716,736,0.12163935808486141
843,87,0.12163818885383909
356,299,0.12163806846726966
944,520,0.12163632318831122
843,972,0.12163342267385724
919,620,0.12163217411391095
804,577,0.12163067008672979
919,511,0.12162384163974613
1162,955,0.12162308528089355
2,479,0.12162041766206734
100,166,0.12161797683681591
295,554,0.12161610322881972
356,1119,0.1216154405702625
692,1108,0.12161372921462171
716,311,0.12161098253069204
100,1066,0.12160997365973139
144,1106,0.12160586434003638
355,956,0.12160472690189397
840,102,0.12160468356759953
9,22,0.12160405699105241
2,876,0.12159509594015269
1162,396,0.12159242249015802
64,93,0.12159216417714333
295,426,0.1215919877311855
356,911,0.12159114833358955
356,332,0.12159018552188663
9,185,0.12158793195645823
919,260,0.12158553101895178
184,629,0.12158459426535771
355,517,0.12157912506860494
692,373,0.12157909378807151
840,703,0.12157452827917137
1064,114,0.12157210461973371
944,241,0.12156912734150695
351,1142,0.12156580569468149
9,521,0.1215614755322169
804,595,0.12156034196076224
1064,44,0.12155687167390498
356,83,0.12155641384551598
944,535,0.12155589667438854
840,390,0.12155217793775402
100,776,0.1215505179751231
1064,104,0.12154778964166911
184,1010,0.12154669787814108
64,1197,0.12154274459337655
351,189,0.12154116564265542
692,62,0.12154039739403041
1162,50,0.1215351934751524
2,647,0.12153147516395495
2,496,0.12153033067643798
2,1201,0.12152953150589915
1162,748,0.12152934168752712
1064,141,0.12152689118377238
356,1084,0.12152341124957451
9,1139,0.12152302809764641
716,116,0.12152057881150785
692,710,0.12151581364699109
843,721,0.12151509680557326
716,758,0.12151165681354249
20,332,0.1215067637087662
64,699,0.12150554950862537
355,1134,0.12150518891078865
1064,168,0.12150468338495987
843,13,0.12150423414948468
778,1123,0.12149945011210615
1162,674,0.12149917591259388
804,296,0.12149771312976074
1064,1066,0.12149712005954878
843,617,0.12149482643118245
356,384,0.12149328440315234
144,1105,0.12149216429883579
100,265,0.12149124142426099
9,659,0.12148839703670362
1162,155,0.12148813252627567
778,302,0.12148742676698181
295,708,0.12148237308261231
20,145,0.1214777429811478
692,782,0.12147732624633081
1064,767,0.12147297153300718
919,858,0.12147284977061867
100,145,0.12147182629798867
351,43,0.12147098174317446
144,671,0.12147090994119791
1162,324,0.12146846894214831
9,246,0.12146807805964371
692,855,0.12146776948083604
843,580,0.12146772947108025
804,1101,0.12146629878597254
843,915,0.12146007323794271
144,373,0.12145997322081502
577,467,0.12145835920995922
840,818,0.12145434166700753
692,939,0.1214536033086125
295,880,0.12145284133396944
843,496,0.12145065670726944
692,775,0.12144920205085977
986,871,0.12144851947435172
1006,98,0.12144580157966946
1162,730,0.12144507025713415
356,759,0.12144491236017924
295,271,0.1214420119494195
778,839,0.12144170047491046
20,216,0.12143078876357376
351,524,0.12142783170736919
295,357,0.12142732382872505
9,388,0.12142386208095111
2,327,0.12141723000665405
2,37,0.12141359225741123
778,713,0.12141088427113697
295,23,0.12140706465492737
2,356,0.12139604150639105
9,60,0.12138786432819292
20,909,0.12137977712339283
351,1027,0.12137686399201775
1064,1029,0.121373242301219
64,602,0.12137314555686295
1162,67,0.12137271276875222
100,788,0.12137264142535585
2,817,0.12136982422688988
9,448,0.12136592794013554
804,1123,0.12136567474657294
2,921,0.12136497618613941
356,1007,0.12136305127820891
64,275,0.1213622255583889
843,979,0.12136207189351376
1064,1013,0.12136124400225824
944,1063,0.12136058779879172
355,691,0.12135864083701382
20,1089,0.1213581835241966
778,230,0.12135752122660935
356,140,0.12135522441945774
295,762,0.12135062604834206
355,145,0.12135024321326589
843,254,0.12134941275687158
962,919,0.12134875924766521
944,1200,0.12134515207614488
144,367,0.12134193784325548
144,1127,0.12133084123704342
778,911,0.12133038414479173
778,42,0.12132862182176622
144,82,0.12132839581702261
843,1103,0.12132670959409078
295,536,0.1213209178849901
834,267,0.12131856743124314
778,710,0.12131695962091985
356,563,0.12131608035134234
2,795,0.12131505735425742
986,366,0.121314317665033
919,100,0.12131263185789115
100,516,0.12130806237545173
778,441,0.12130005697067812
778,912,0.12129833843753876
716,1178,0.1212981915160132
2,838,0.12129606683407912
1064,728,0.12129179639186827
356,608,0.12129049195196041
356,81,0.12128725167391373
577,997,0.1212857602436551
804,129,0.12128333053142028
919,258,0.12127914420202786
986,55,0.1212786107684095
804,773,0.12127814800973005
64,146,0.12127629075986802
144,993,0.12127593756301316
919,413,0.12127256464919231
100,611,0.12127134569664745
9,1136,0.12126890435265687
184,577,0.12126888021527393
295,153,0.12126828970364759
1006,649,0.12126760540342213
692,1073,0.1212672430753446
843,278,0.12126686639701667
1006,1086,0.12126127054359236
2,982,0.12125868774591508
144,496,0.12125709886042342
1162,703,0.12125524893074374
986,679,0.12125434165563195
9,731,0.12124959141789096
986,229,0.12124953490086499
692,179,0.12124168591500938
962,642,0.1212382538629852
9,506,0.12123736790823852
351,416,0.12123545580296388
716,2,0.12123132745896974
843,54,0.1212305803732151
144,1197,0.12122862832346133
919,1001,0.12122223377513755
356,742,0.12122133925336304
919,1007,0.12121871780409912
144,591,0.12121454960633776
1162,696,0.12121279922364717
986,281,0.12121275024695731
944,514,0.12121227340117369
100,704,0.12121210757576978
100,1140,0.12121159308326232
1064,465,0.121211226495522
355,1167,0.12120901793966696
986,508,0.12120833171459153
1006,387,0.12120772915671821
355,665,0.12120193197665202
840,1023,0.12119995696725275
20,186,0.12119849504098536
20,699,0.12119744007236449
1064,379,0.12119515415456722
919,642,0.12119276902362616
100,410,0.12119275256611989
778,33,0.12119147681195314
716,118,0.12118932205957393
2,873,0.12118899781835993
778,643,0.12118137177270286
2,155,0.12118097617048154
1162,717,0.12117113415967572
144,897,0.12116854374864203
184,479,0.12116573290799516
100,319,0.1211635133048812
1064,713,0.1211622601538963
692,847,0.12115604376905549
944,184,0.12115581819119735
9,875,0.1211543488198202
356,739,0.12115348210837419
2,370,0.12115189543287117
1162,1080,0.12115027891213935
184,705,0.12114731935023881
9,34,0.12114497458968566
840,373,0.12114427323106518
295,985,0.12114252752615214
1064,259,0.12113669856692734
692,1140,0.12113210880040755
144,86,0.12113182986948591
20,956,0.12113030531667783
356,1122,0.1211268634089247
1162,704,0.12112219198937973
692,1111,0.12111967483654587
1162,135,0.12111553643361297
100,174,0.12111432056939253
356,837,0.12111303080134796
356,943,0.12111179378234625
356,125,0.12111011597231915
986,753,0.12110990278029171
1064,643,0.1211081065431817
100,882,0.12110735041842571
9,658,0.12110663324529909
2,1047,0.12110512643623537
778,96,0.12110410870024384
692,899,0.12110404253268825
986,956,0.12110187539932374
986,40,0.12110059117783346
843,778,0.12110002165816602
692,315,0.12109117170705269
2,464,0.12109087025983772
64,960,0.12109079463413945
295,527,0.12109029747069984
20,298,0.12108376720074031
843,676,0.12108183406719358
944,37,0.12108059118613053
1162,511,0.12107985725869623
692,1012,0.12107779341114891
2,88,0.12107640796965394
100,833,0.12106596007994272
716,836,0.12106506480328694
804,271,0.12106202752261878
64,371,0.12105680425393531
919,296,0.12105466559945816
919,142,0.12105224349584293
716,471,0.1210486803597214
295,284,0.12104787652060647
295,493,0.12104407342110587
100,6,0.12104084106362846
986,824,0.12103984559173556
2,1002,0.12103926597745066
778,603,0.12103729578970909
351,304,0.1210367848180759
9,383,0.12103658632046199
355,1127,0.12103533859112423
144,128,0.12103478531100158
356,178,0.12103137201143103
184,932,0.1210303445258366
843,100,0.12102917951927954
692,717,0.12102773546190009
778,838,0.12102511597301087
100,779,0.12102074628171634
100,314,0.12101860193067385
843,651,0.12101410799646792
1162,808,0.12101404796837509
843,236,0.12101264314946823
1162,358,0.12100380024533938
9,334,0.12100372543297239
356,1030,0.12100276904588533
144,33,0.12100247615230388
692,145,0.12100172302538527
1162,34,0.12099953383513819
843,228,0.12099940571738296
692,367,0.12099623801383119
840,615,0.12099334408782025
351,373,0.12099072035232616
64,747,0.12098852093686546
146,741,0.12098640437946415
919,882,0.12098436363156151
804,1049,0.12098243109232724
20,237,0.12098138359114105
100,481,0.12097988398437444
100,821,0.12097473237834953
778,251,0.1209728721117677
778,134,0.12097188723960271
778,721,0.12096925576702522
778,909,0.12096924882375719
919,718,0.12096503372848956
356,762,0.12095793319049152
9,910,0.12095680624384231
804,878,0.12095558499429185
64,926,0.12095483804945799
804,786,0.12095365348835227
100,1051,0.12095077900747893
692,982,0.120950108758188
692,161,0.12095002131259021
843,42,0.12094463721170437
1006,384,0.1209432402819475
1162,322,0.12094299053056057
804,827,0.12094075407736139
251,677,0.1209402883838434
251,1126,0.12093923845065775
351,710,0.12093859876191042
804,816,0.12093818645611341
356,413,0.12093680155133388
9,417,0.12093636549036439
1064,290,0.12093581027149618
577,21,0.1209313015767752
840,359,0.12093112489716566
184,251,0.12092993411257098
1162,505,0.12092907612776743
100,890,0.120924523336923
919,51,0.12092237892458207
355,992,0.12091765413061417
355,360,0.12091463205095372
9,16,0.12091424775732822
986,45,0.1209072976413306
2,554,0.12090477989626354
100,830,0.12090465669514414
1162,1150,0.12090324886727633
100,1141,0.12089870077904954
20,23,0.12089182620835508
144,776,0.12088932206695277
144,54,0.1208844739256279
2,845,0.12087701680881988
351,76,0.12087473351040141
577,274,0.12087022982179657
919,762,0.12086984384238293
919,810,0.12086787781086276
716,833,0.12085632891978093
2,322,0.12085531803159913
100,909,0.12085475489164549
1064,285,0.12085300017249391
9,514,0.12085199823134059
919,773,0.12085088413952753
843,148,0.1208461082997747
778,280,0.12084407548463184
356,729,0.12084245855826516
919,155,0.12084133007007605
692,168,0.12084097516751023
2,1059,0.12083830668986163
778,688,0.12083403683482619
843,259,0.12082981568427913
1064,906,0.12082886165145716
1064,1067,0.12082256319420881
9,442,0.12082238748037717
944,772,0.12082023859487802
1162,1031,0.12081908008154128
356,191,0.12081273345941788
20,649,0.12081019387354341
355,701,0.120809492429707
986,657,0.12080927027423116
100,808,0.12080921476353915
184,782,0.1208091671232306
843,1052,0.1208084791353616
100,907,0.12080648562680248
804,613,0.12080381685975089
9,502,0.12080372726841715
919,312,0.12080179998861927
778,571,0.12079980574339647
356,1072,0.1207985537608703
295,330,0.12079629538521017
804,958,0.1207957727733635
919,1156,0.1207955671558047
986,1079,0.12079513017747534
2,764,0.12079437105318462
1064,899,0.12079340290696634
692,568,0.12078878031352286
692,115,0.1207855924183459
1162,470,0.1207855285683854
295,40,0.12078264351638314
251,134,0.12078257203526671
100,896,0.12078174437590795
919,937,0.12078056839312515
778,486,0.12077838585551104
2,366,0.12077825991817168
843,746,0.12077685039939985
1064,979,0.12077576494462021
184,965,0.12077508080659834
184,501,0.12077451588856586
804,851,0.12077133401524383
1006,882,0.12076979517871075
295,480,0.12076794158688348
944,916,0.1207654028751225
20,55,0.12076490463206492
692,656,0.12076127996529716
840,1111,0.12076103064572673
9,247,0.12075805852767171
692,294,0.12075670677629669
2,543,0.12075502467276106
716,442,0.12075397918344888
295,552,0.12075391447195521
9,413,0.12075339020366502
1162,779,0.12075105942351234
9,285,0.12074860358530357
20,676,0.12074116505382718
295,1031,0.12073895442771411
778,921,0.12073675152226473
804,782,0.12073425032925016
355,55,0.12073299754669438
692,42,0.12073220551623874
840,276,0.12073106398183718
804,280,0.12072923480957902
692,207,0.1207230281107333
295,182,0.12072188552792926
184,616,0.1207216896962497
692,907,0.12071954571077598
692,880,0.12071401134984425
1064,82,0.12070597337800687
843,502,0.1207056959650608
840,628,0.12070404069362699
1064,1148,0.12070196473796312
843,700,0.12069913178126138
804,970,0.12069733339438546
986,322,0.12069345588694304
356,824,0.12069248810039163
692,18,0.12069158573664607
64,812,0.12068799584647542
778,762,0.12068427228525118
944,685,0.12068254539272368
20,75,0.120680254642507
986,1030,0.12067907678192817
295,1036,0.12067433394096197
100,510,0.12066985597513766
804,683,0.12066951880304506
9,368,0.12066730187201714
2,269,0.1206672280367791
840,185,0.12066667630650149
9,31,0.12066622050844017
919,925,0.12066430129695004
9,531,0.12066165929104065
184,1009,0.12065990838276008
919,1197,0.12065324418028082
843,662,0.1206507048284549
778,36,0.120647797651495
919,486,0.1206475691153674
962,627,0.12064593217796198
295,302,0.12063887834400887
944,369,0.12063698161234737
1064,678,0.12063303906351446
351,448,0.12063012449279373
692,936,0.12062534087555876
843,361,0.12061909768770841
356,958,0.12061292435412353
9,670,0.12061150572911375
1064,41,0.12060858424867081
778,316,0.1206048621121602
295,81,0.12060052265665948
144,294,0.12058924037988257
1064,320,0.12058705940704402
100,1176,0.12058517024986043
184,288,0.12058395189579849
692,248,0.1205834699298691
20,1134,0.12058305562987759
100,679,0.12058196707814127
962,3,0.12057795381548515
919,266,0.12057434510501558
2,561,0.12056985682581113
144,50,0.12056985355770598
843,165,0.12056800376115419
421,1076,0.12056606234992889
986,468,0.12056378843990471
355,485,0.12056312301706894
184,1126,0.1205583443362562
843,854,0.12055444446303061
1162,697,0.12055236720806764
184,1139,0.12054767102307293
1064,578,0.12054585168914948
840,45,0.12054190232624715
351,583,0.12053714419890627
962,711,0.12053676477843676
1162,700,0.12052947484070442
9,1040,0.1205277699018546
692,316,0.12052627753290894
778,1081,0.12052375150622
1064,624,0.12052348781316301
295,3,0.12051813492817566
769,1037,0.12051700606569916
355,649,0.12051498388424456
64,3,0.12051123954451451
919,1159,0.12050712591277345
20,753,0.12050384990637263
184,1038,0.12050252157704384
986,585,0.12049885672416177
100,77,0.12049786564149514
100,43,0.12049601983989916
1006,1112,0.12049093646353173
1162,125,0.12049044543348691
356,33,0.12048631823644737
100,997,0.12048377842844579
295,167,0.12048196289021927
692,322,0.12048013418000793
944,864,0.12048008645684204
251,651,0.12048005400063158
843,577,0.1204790646417293
944,797,0.12047687800720269
100,885,0.12047478881337184
840,511,0.1204742336943357
944,1030,0.12047403850092772
9,776,0.12047356696494431
144,499,0.12047083339300012
1162,215,0.12047075026870503
100,908,0.12046738665443696
692,578,0.12046539934240884
20,995,0.12046491238502209
1064,615,0.12046301266758147
804,47,0.12046054834568347
804,504,0.12045692540712276
9,1045,0.1204555079661949
804,721,0.12045433011356911
64,597,0.12045071956074249
1006,1033,0.12044933332569462
1006,24,0.12044241014587033
1064,480,0.12044193850365909
986,3,0.12043965712032775
1006,741,0.12043726536905873
20,52,0.12043008738773178
986,574,0.1204300783659423
2,619,0.1204257247546097
146,707,0.12042376829459552
355,539,0.12042213370908511
692,265,0.12042113092861546
986,979,0.12042027278920109
986,145,0.12041906837399112
962,707,0.12041782602289486
778,1129,0.12041775812136468
100,358,0.12041604923167021
944,583,0.12041438607276052
356,18,0.12041334963582409
184,669,0.12040932861608364
1162,465,0.12040557481446447
840,843,0.12040542464216722
843,1076,0.12040341559870639
20,591,0.1204024254795476
100,28,0.12039938792833124
20,302,0.12039821246049262
804,993,0.12039313194893639
778,1126,0.12039196936319244
184,486,0.12038529889340753
351,1170,0.12038397462742632
20,1029,0.12038330050302333
146,798,0.12038118796126923
1162,732,0.12037853757589832
944,224,0.12037834723697804
1064,411,0.12037455820215119
356,371,0.12037410613235566
919,422,0.12037213014634655
295,263,0.12037050881678718
577,920,0.12036525583973813
962,298,0.12036419471709675
769,677,0.12036239787759159
692,838,0.12035742648576336
843,986,0.12035647234895501
962,501,0.12035502087454782
843,406,0.1203549289420652
351,1086,0.1203533902561236
919,1194,0.12035159577606407
986,825,0.12034887041141017
100,1038,0.12034664825251229
716,1191,0.12034456293094299
843,718,0.12034367114809835
1006,612,0.12034288551556975
919,402,0.12034254125166487
1162,773,0.12034197779058098
843,1138,0.12034162877555635
692,1087,0.1203412272549547
692,836,0.12033932135544896
100,365,0.12033674540078933
692,932,0.12033564832228509
295,194,0.12033392592279869
351,1143,0.12032236966492207
9,1030,0.1203216531609901
2,1020,0.12032126184564233
840,11,0.12031950808966803
843,317,0.1203170041399536
100,248,0.12031336170497095
100,258,0.12030694159631246
716,557,0.12030635336128855
986,425,0.12030455610899123
100,266,0.120303299820393
9,878,0.12030307654655598
944,1018,0.120301924775477
843,1062,0.1203004099998762
355,531,0.1202984836883112
986,1200,0.12029734359181067
843,293,0.12029653096910996
962,267,0.12029346138586844
843,230,0.12029343023062243
986,506,0.12028784292948151
986,1007,0.12028736309545639
2,734,0.12028480702557656
1006,539,0.12028089374576395
295,1000,0.12027806576395246
64,546,0.12027471931100893
20,235,0.12027071542837224
804,772,0.12027059656006471
1006,372,0.12026951940319601
355,673,0.12026628139318508
2,907,0.12026411755773456
144,448,0.12025507380750634
840,465,0.12025395357161521
778,906,0.12025163122094377
692,576,0.1202500097438339
840,230,0.12024971111909795
351,114,0.1202496039030239
1006,591,0.12024778682748506
577,410,0.12024176778564823
355,755,0.12024019170592039
944,1114,0.12023704153498693
356,846,0.12023315763920259
778,70,0.12023012679654986
962,550,0.12022998521452312
184,414,0.12022859788121555
778,944,0.1202284342064422
1064,827,0.12022812227657442
100,849,0.12022324523693761
100,822,0.12021775000533406
840,1054,0.12021630765834407
100,583,0.12021323102846333
295,399,0.1202126175976882
944,935,0.12021227475706389
2,18,0.1202089064306685
919,831,0.12020871623754319
919,1011,0.12020871163969692
2,123,0.12020787369031602
804,376,0.12020773943018158
2,488,0.12020665313035939
9,1126,0.12020489277409183
146,952,0.12020455112698342
351,1005,0.12020402790480728
944,521,0.1201977934393366
184,838,0.12019440526114684
1006,79,0.12019390846233657
843,613,0.12019231247105365
962,543,0.12019173027407774
295,276,0.12018925213622345
712,72,0.12018912466760359
804,1199,0.12018286932199869
356,216,0.1201827943794475
356,984,0.1201819412834195
144,304,0.12017961627858505
9,945,0.12017948958024201
295,626,0.12017874106492055
1064,173,0.12017367633244436
840,816,0.12016803297882109
295,155,0.12016026950398288
100,78,0.12015588320520472
769,660,0.12015523152833145
778,27,0.1201531868484063
100,927,0.1201516695492164
1064,992,0.1201486866223243
692,1202,0.12014778688873605
1064,798,0.12014765040365187
919,293,0.12014701182985871
351,993,0.12014166535250347
184,89,0.12014165239622959
778,1016,0.12014114510887919
944,1012,0.12014074089839978
1162,28,0.12013969169557255
962,1202,0.12013866844881768
944,200,0.12013715347150794
2,334,0.12013600745673318
692,1001,0.12013382807123901
20,974,0.12013340061186718
843,876,0.1201284925784926
769,1123,0.12012416888167161
144,603,0.12012086445977517
840,921,0.1201172281488749
716,1194,0.12011498478029112
295,641,0.12011463786436495
184,165,0.12010922180284611
986,1128,0.12010792528786926
840,899,0.1201040186163047
184,834,0.12010341520599546
100,965,0.12010083626869995
1064,43,0.12009853914300711
2,1034,0.120096078359268
944,284,0.12009071241548977
986,1061,0.12008542805273564
356,74,0.12007916462356825
1064,704,0.12007902622405159
778,679,0.12007887403115854
716,882,0.12007877143790839
9,832,0.12007589770835049
144,531,0.12007451415178205
2,574,0.12007329183010197
356,688,0.12006682884226355
1006,788,0.1200625476557945
1006,1192,0.12005967007589438
64,1059,0.12005949074259123
804,353,0.12005938571683272
962,139,0.12005393607563802
919,874,0.12005180043205693
1064,975,0.12004845380703412
840,804,0.12004673175386149
9,1143,0.12003901717469216
986,206,0.12003703849311904
778,598,0.12003112961158806
9,813,0.12003028253353613
20,657,0.12002703471439859
9,1167,0.12001952458449654
986,326,0.12001482014122247
577,89,0.12001403358593071
64,619,0.12000921134009403
778,576,0.12000378130070619
577,1127,0.12000030173998298
1064,30,0.11999292763262659
919,433,0.11999175620911536
144,628,0.1199879593554516
100,563,0.11998741882770138
778,137,0.11998737372977891
804,337,0.11998585030372654
944,768,0.11998487249119466
351,808,0.11998429399119209
184,645,0.11997635853784588
1064,3,0.11997150238964159
355,895,0.11997120724494631
778,931,0.11997120115563258
100,59,0.11996973988246674
356,1010,0.11996618576168892
778,689,0.11996507701117964
944,364,0.11996267146396611
251,640,0.11996222576513424
100,38,0.11995750252511649
356,415,0.11995234277480787
692,13,0.11994765306101901
100,370,0.11994578448195341
295,752,0.1199315871919274
778,361,0.11992883270676835
1064,161,0.11992416190806182
778,614,0.1199230122920841
769,626,0.1199141464798957
9,1018,0.11991312937953641
778,1049,0.11991296649409475
778,50,0.11990063267406222
1064,817,0.11989744958639752
986,150,0.11989663369140906
1064,502,0.11989258450992535
577,882,0.11989074022136398
716,1094,0.11988684269997939
986,613,0.1198859771511392
100,643,0.11987994277626818
778,160,0.11987829132209224
295,112,0.11987257994632913
840,522,0.11987256953030775
1064,776,0.11987164351934575
1064,427,0.11986787839370734
144,99,0.11986742872447459
2,636,0.11986536127152886
804,1053,0.11986269562430656
9,1099,0.11986112596109964
355,615,0.11986060520205537
184,185,0.11986032985066483
778,616,0.11985981895669938
919,996,0.11985976364610243
184,446,0.11985706359038611
184,1105,0.11985462790258043
1064,980,0.119853214705884
184,908,0.11985008326146991
840,1127,0.11984961591481434
144,347,0.11984908825000298
2,739,0.11984622497608315
356,960,0.1198437893931511
919,208,0.1198431568732278
962,571,0.11984259141130699
692,845,0.11984122600916286
840,721,0.11984076569997412
184,613,0.11983929793941306
919,701,0.11983312006195472
962,145,0.1198320714840671
1162,619,0.11982860618408156
1064,445,0.1198282693401155
9,1052,0.11982710932658269
9,86,0.11982052582575374
356,1059,0.11981979202118423
944,555,0.11981964204699856
184,1086,0.11981721330129613
9,1090,0.11981671366384251
9,923,0.11981030999064893
919,1123,0.11980891061272426
577,1178,0.11980836277794837
2,299,0.11980555628499673
1162,742,0.11980436394946466
2,1006,0.11979353898869868
1006,665,0.11979306309405795
919,952,0.11978979783403823
100,93,0.11978956952800265
9,49,0.11978931357363491
356,1179,0.11978706394649981
577,1043,0.11978598875197174
20,1193,0.11978482564823326
843,161,0.11978475788380534
20,1127,0.11978002518722908
840,576,0.11977637401901609
64,612,0.11977074426199055
778,817,0.11977073522569734
356,928,0.11976397195425907
1162,598,0.11976300299859828
1064,500,0.11976177488243918
804,691,0.11976134320080983
184,1088,0.11975500890136459
716,322,0.11975226301974422
355,437,0.11975063095965695
986,1066,0.11974590690262198
9,18,0.11974533516188478
840,502,0.11974058031874651
144,627,0.11973602285138081
144,142,0.11973340568800885
919,535,0.11973291297367089
577,146,0.11972958387148652
944,917,0.11972052413393687
804,32,0.11971927649994919
351,852,0.1197164085915134
692,155,0.11971412032506046
144,815,0.11971358880742271
184,92,0.11971296677085186
843,384,0.1197107853472623
356,502,0.1197094379383423
778,990,0.1197078593767425
9,808,0.11970470392943235
9,93,0.11969220128399664
20,16,0.11968949902626749
355,832,0.11968856706819322
2,328,0.1196857457717105
146,356,0.11968389291401232
1162,177,0.119680471427066
840,980,0.1196760581228221
100,262,0.11967493529021127
251,614,0.11967064622983493
804,967,0.11966829184242772
1064,107,0.11966810792811897
184,399,0.11966789989875927
919,1024,0.1196668775126164
778,1147,0.1196638742972102
716,239,0.11966315363889049
804,451,0.11966298153645259
9,218,0.11966161044869619
9,979,0.11965692746844143
1162,397,0.11965657895968475
919,467,0.11965486535466535
184,182,0.11965389311716562
840,1176,0.11965024570563716
944,600,0.11964725590933317
778,540,0.11964634757939781
295,215,0.11964504078063637
2,1128,0.11964475595795336
9,21,0.1196443405083453
944,1168,0.11964427213593141
100,591,0.11963784980734458
2,1076,0.11963777951647456
804,133,0.11962419850046063
986,1195,0.11962242790383981
100,601,0.11961797844226318
9,1149,0.1196168156322538
1162,753,0.1196137724463735
295,642,0.1196052063034888
184,812,0.11960476132694062
944,216,0.1196033115821208
1064,28,0.11960189099429115
100,49,0.1196016431916849
1064,768,0.11959759979994541
804,6,0.11959583676640166
840,467,0.11959063308447856
1006,617,0.11958921420322409
692,1203,0.1195882127290087
692,132,0.11958378010993247
840,894,0.11957889163278733
9,577,0.11957678339235063
919,689,0.11957573621740437
2,188,0.11957422967638796
184,531,0.11957246198559536
804,612,0.11956672240080436
9,700,0.11956486260783569
1064,69,0.11956001044620557
1162,94,0.11955795716999482
2,442,0.11955585485204702
716,253,0.11955338205011495
184,508,0.11955331260929922
1006,711,0.11955040764055755
20,372,0.11954916587981014
986,559,0.11954616850773941
351,410,0.11954373907217794
840,808,0.1195425135417629
692,1149,0.11954092162315914
778,325,0.11953694810180249
100,44,0.11953663518483204
712,681,0.11953535112417671
1162,596,0.11953399621587228
355,1113,0.1195323659637898
9,36,0.11952609504197234
100,29,0.11952441421710097
778,220,0.11952219339308003
843,1153,0.11951885508627216
778,406,0.11951820043628517
100,207,0.11951694414364583
986,839,0.11951567928657482
986,736,0.11951456707683408
9,1193,0.11951279075183781
804,207,0.11951230036386644
769,1114,0.11950864275311458
919,247,0.11950817825071545
184,656,0.1195071420181138
351,957,0.11950461973519312
804,879,0.1195038280789409
986,931,0.11950078150401744
1162,786,0.11950021562628946
351,715,0.11949937591807835
295,920,0.11948911458148151
2,781,0.11948897420545235
804,317,0.11948843628139837
20,880,0.11948653305555221
20,18,0.11948589890243266
295,417,0.119484326664444
919,1183,0.11948117364886496
356,792,0.11947418901342798
840,679,0.11946980317826657
840,1183,0.11946622216649085
944,285,0.11946263875481573
356,750,0.11946185769663929
840,1010,0.11946006749817348
1064,933,0.11945722348299193
184,833,0.11945560302989605
712,1086,0.11945083419014357
9,1100,0.11945020544196489
295,1157,0.11944692971759578
712,374,0.11944456822436691
9,242,0.11944374868019667
769,1087,0.11944266669327512
1006,663,0.11944262352753562
9,255,0.1194407263776322
778,1053,0.1194346511682695
712,952,0.11943127055071608
20,539,0.11942173935914752
778,165,0.1194202342935818
1064,916,0.11941672163859948
692,449,0.11941517789508285
1006,288,0.11940651437210775
146,140,0.11940524147247827
2,235,0.1193998726689778
986,682,0.11939985579933617
804,1197,0.11939679779571648
144,651,0.11939472436176468
919,92,0.11939109679811422
919,845,0.1193879871084912
295,892,0.11938772450527114
944,840,0.11938677032194846
843,467,0.11938530413605229
804,390,0.11938270410829054
251,734,0.11938207029133682
1006,248,0.11938177527525778
1064,803,0.11938131216622486
944,427,0.11937931659119758
1064,1096,0.11937518307160001
355,1000,0.11937488402188622
20,1031,0.11937264519838607
843,690,0.11937118466015681
986,429,0.11937112925001864
184,98,0.11936980626188154
295,960,0.11936950308282335
692,975,0.11936822418660295
1006,561,0.11936671269737792
9,1078,0.11936127735934214
843,386,0.11936119575725984
1162,18,0.11935969563914878
9,529,0.11935929052010377
144,825,0.11935614541881143
100,197,0.11935440476535408
356,1170,0.11935318569484168
100,136,0.11935100053456439
64,79,0.11934333453555754
356,1063,0.11933982606533403
944,234,0.11933907027324794
184,598,0.11933777982415505
356,226,0.11933758598576796
1064,201,0.11933646869105576
355,825,0.11933499973766121
20,371,0.11933386343531055
9,1107,0.11933030198001494
20,92,0.11932725417261404
184,956,0.11932560469097246
692,549,0.11932453886061016
843,694,0.1193221941442039
9,1067,0.11932130984399145
804,662,0.11931137098736828
716,390,0.11931111211097953
9,352,0.11930520656454885
146,712,0.11930233836787033
804,139,0.11929939484203167
1143,969,0.11929473308851407
577,967,0.1192859748891321
962,337,0.11928246338565936
351,840,0.11927747026657103
20,906,0.119277164813133
944,1028,0.11927668192580947
100,432,0.11927623649758445
295,78,0.1192754543373538
840,907,0.11927346497203069
1162,603,0.11927249677810844
843,322,0.11927243361929679
64,982,0.11927003851904798
295,845,0.11926984445113264
944,883,0.11926861516815625
843,709,0.11926103291831629
692,51,0.11925846610529339
9,1092,0.1192564141898125
355,75,0.11925590287197
840,41,0.11925471237358949
919,947,0.11925313756017467
919,94,0.11925184432533421
356,874,0.11924814427657156
840,676,0.11924391274001374
778,499,0.11924367038032192
100,825,0.1192427648857848
2,1065,0.11924226847954071
769,627,0.11923900902288896
356,697,0.11923598638290728
295,488,0.11923443364874203
144,847,0.11923298958568204
840,316,0.11923269187484214
356,35,0.11923032060311596
9,1088,0.11922833671101388
778,893,0.11922542010460405
144,193,0.1192243366176149
2,1181,0.1192238098110811
986,755,0.11922238354614725
2,812,0.11922033178777194
355,451,0.11921991739754306
100,366,0.11921681775986831
840,216,0.1192160872166446
692,788,0.11921579633772093
2,822,0.11921253494641368
2,1031,0.11921187890778033
1162,1060,0.11920872118563385
919,885,0.119206950309466
20,1024,0.11920685786010646
9,153,0.11920645886447664
577,897,0.1192050784445284
843,109,0.1192045655932933
100,275,0.11920328288128809
843,426,0.11920312148513491
1006,774,0.11920272644712382
944,349,0.11920219965323646
986,695,0.11920024010238167
9,173,0.11919534665175992
986,576,0.11919512784044697
184,1087,0.11919162583757255
840,447,0.11919081618814042
986,387,0.11918664721395554
716,1038,0.11918521833411169
840,794,0.11918514380121685
778,685,0.1191849710366984
9,525,0.11917856527564208
1162,1135,0.11917587607384679
843,99,0.11917397314497576
355,669,0.11917288301993427
9,656,0.11917237559052767
919,484,0.11917088820991695
351,1139,0.11916262723146878
20,929,0.11916240782208452
9,511,0.11915948065829504
1064,911,0.11915753926992491
804,1024,0.11915745924729931
962,668,0.11915517064999824
356,1195,0.11915066024559348
9,991,0.11914913571406646
9,579,0.11914624534158798
2,989,0.1191444898372153
2,1171,0.11914440743926437
919,611,0.11914185621079361
778,983,0.11914036650229351
1162,1053,0.119135983065427
843,98,0.11913550688361088
9,75,0.11913280107266469
1006,798,0.11912689920669674
251,775,0.11912550070394413
804,128,0.11912427215671541
843,476,0.11912386874676274
184,747,0.11912306773174655
1162,267,0.119120215200422
9,786,0.11911716941107908
1006,1154,0.11911343485324662
843,879,0.1191115250788116
986,781,0.11911133797818498
9,628,0.11911032039324332
769,265,0.11911009642619959
692,825,0.11910820127532834
144,389,0.11910535567763166
1162,330,0.11910501962995854
100,121,0.11910427067641645
356,186,0.11910257418529857
986,739,0.11910166027998158
1162,934,0.11910051586719628
9,169,0.11910001397888807
356,808,0.1190999189959545
1162,954,0.11909780213297984
840,763,0.11909012300983438
986,1068,0.11908810528825316
778,349,0.11908743017533512
919,96,0.11908714799610978
356,1034,0.11908703782250382
355,194,0.11908694966382659
144,464,0.11908527562691662
843,52,0.11908285052082353
184,784,0.11908158310448894
2,8,0.11908096675063892
356,781,0.11907995488940681
804,598,0.1190719752982355
184,829,0.1190716820631613
100,1135,0.11906676899198183
962,104,0.11906495688013839
1162,93,0.11905745197553035
356,1082,0.11905538775045425
804,256,0.11905384631576733
840,635,0.1190531138110008
20,312,0.11904837291291401
295,110,0.11904670532254426
9,573,0.11904610625133555
9,829,0.11904465523254634
9,762,0.11904146308153359
843,424,0.1190407709795673
919,524,0.11903924567797203
843,897,0.11903597711795452
9,899,0.1190337032114512
20,293,0.11903032663896096
144,568,0.11902571444719916
2,343,0.11902499907806562
692,8,0.11902001116902253
20,669,0.11901908382268163
9,1111,0.119017158120638
843,954,0.11901078579911578
804,835,0.11900389590960879
840,910,0.11900348341672805
712,1149,0.1189990736070953
295,111,0.11899605709478923
356,64,0.11899540013459492
778,664,0.11899359972814545
9,618,0.11899033745417942
804,1048,0.11898655690531397
1064,473,0.11898582123377628
100,211,0.11898360359933677
100,241,0.11898186134697321
20,364,0.11898104407013985
804,145,0.11897577393504377
355,67,0.11897445578178856
9,747,0.11897417966986037
1006,960,0.11897097928671854
184,800,0.11896717532741628
9,412,0.11896284975361444
692,990,0.1189622674316442
2,770,0.11895660995714502
692,357,0.11895158441838787
944,663,0.11895028728025786
9,717,0.11894643996004811
144,950,0.11894165894839698
9,769,0.1189399093191454
20,492,0.11893755240063043
9,64,0.11893697161314352
804,900,0.11893512901786692
1064,425,0.11893394833632887
778,915,0.11893297693559479
9,176,0.11893201379157275
804,28,0.1189315610078651
962,366,0.11893144989958672
712,982,0.11893125274333023
144,544,0.11893035787543756
64,681,0.11892890871975535
778,853,0.11892733769573864
144,37,0.11891902974428027
1006,205,0.11891899089093251
692,668,0.11891703410860292
184,1081,0.11891389069546594
2,508,0.11890931301370415
355,1175,0.11890783227587493
184,18,0.11890365835545527
100,1007,0.11890323345218443
2,205,0.11890198301158075
2,583,0.11890197350463576
1064,134,0.11889955690910087
804,424,0.11889856581366674
1064,543,0.11889490692192388
1162,895,0.11889440054371203
100,386,0.11889400805130505
692,1061,0.11889316501141994
356,1091,0.11889248998500661
840,614,0.1188907020537923
351,268,0.11888965870362536
1162,645,0.11888895227582845
251,294,0.11888842742906337
919,85,0.11888491164586525
355,1036,0.1188837620374437
100,571,0.118883494703676
712,200,0.11888106619874772
716,1095,0.11888070515272818
840,1151,0.11888008497150583
184,991,0.11887987239423693
778,87,0.11887803258640034
356,672,0.11887702426566997
100,552,0.11887678006627589
356,680,0.11887491411416952
1006,1062,0.11887044862020377
692,502,0.11887016763126705
144,524,0.1188655500719241
1064,226,0.11886461569095849
692,522,0.11886405038948403
146,561,0.11886209499960357
9,1157,0.11885903893380571
351,164,0.11885559659233307
144,909,0.11885382141411632
356,1077,0.11884932880595737
840,1080,0.1188442042031361
9,522,0.11884159362324298
295,1146,0.1188399872805568
144,745,0.11883527290704375
716,122,0.11883421027114063
351,1008,0.11883310843559612
64,617,0.1188277945705592
692,900,0.11882774803659794
2,690,0.11882675713209233
1162,456,0.11882487597670481
692,720,0.11882441058388889
1006,1011,0.11882080211002104
295,370,0.11881954605727865
843,1001,0.1188174094392728
1064,707,0.11881632431564125
251,813,0.11881353107290472
355,1023,0.11881174845733966
1064,1156,0.11881150561602569
843,102,0.11881066953183564
843,615,0.11880858970094842
840,1085,0.1188078183002484
804,688,0.11880432887925158
295,610,0.11880391471077278
100,119,0.11880310942101938
716,1189,0.11880264906901696
986,861,0.11880133681499885
843,129,0.11880028306098767
9,1151,0.1187972143214791
804,922,0.11879364661138256
100,250,0.11879307503774159
295,199,0.11879019740436608
843,1175,0.11878984177811633
577,417,0.1187888308780687
716,818,0.11878630909203926
986,512,0.11878595209885871
919,870,0.11878042420228566
716,952,0.11877354370542076
843,1026,0.1187690052323811
716,110,0.11876660431078191
9,699,0.11876574957424563
944,256,0.11876463976461119
100,498,0.11876460800861009
986,460,0.11876292628888405
1064,1040,0.118762843017232
692,554,0.11876257793209101
356,587,0.11876214903690495
944,1143,0.11876214230359976
356,292,0.1187618604531598
100,1075,0.11876133802068324
944,505,0.11876080680852663
843,142,0.11875945538630912
100,810,0.11875897695357157
716,772,0.1187564593344067
2,282,0.11875584620718124
2,1036,0.11875407648669643
986,260,0.1187474421523068
692,603,0.11874689736100502
804,1088,0.11874444497181609
843,57,0.11874369989215203
64,108,0.11874245112761382
843,170,0.11874035894613788
9,1135,0.11874003133064534
184,737,0.11874002538408782
184,640,0.11873134685287566
1064,577,0.11873017958219881
692,704,0.1187301772135414
356,154,0.11872656219717223
692,647,0.11872420784434781
577,533,0.11872153682672822
919,1065,0.11871971219223489
2,568,0.11871889565410843
692,651,0.1187182584200949
1006,184,0.11871487519448115
9,171,0.11871136201052376
356,57,0.11870422262479827
295,312,0.11870151022378016
356,568,0.11870066584095422
100,64,0.1186975737160134
778,128,0.11869669265004647
692,1178,0.11869667945131622
2,92,0.11869652949898882
20,617,0.11869432207927172
144,650,0.11869345808260104
20,630,0.11868840079879
843,499,0.11868750718661067
184,990,0.11868637694426766
144,669,0.11868517172606326
251,359,0.11868389815848475
295,32,0.1186814285767438
804,943,0.11868102883897345
1064,21,0.11867456746241443
295,667,0.1186727182044319
715,591,0.11866865967380956
1006,364,0.11866804073049572
20,1125,0.11866701646596774
804,418,0.11866558765626566
100,1064,0.11866470529684482
692,101,0.11866394998245339
692,82,0.11866268137443167
1162,738,0.11866133403695503
356,2,0.11866114139973798
1162,970,0.11865846798317752
100,329,0.11865781851379686
184,879,0.1186511446776688
692,839,0.11864757272865209
2,987,0.11864641921834106
778,933,0.1186463688121904
778,836,0.1186454862179081
804,580,0.1186432380303508
20,715,0.11864019307502191
778,561,0.11863831418225122
804,601,0.11863822349970005
2,289,0.11863644433109116
421,681,0.11863360870512658
1064,836,0.11863293380251845
1064,617,0.11863148386974001
944,438,0.11863045151213582
356,132,0.1186299643049957
295,619,0.11862641382636972
295,796,0.11862532390934935
919,1120,0.11862512298430967
356,85,0.11862367417769984
144,207,0.1186232367835944
804,270,0.11862256662742085
251,1143,0.11862126339497416
251,473,0.11862022736968428
2,45,0.11861894720352244
692,579,0.11861267055163877
144,107,0.11861238864031347
2,175,0.11861219431118945
356,913,0.11861138910576471
1162,1079,0.11860226313942207
778,511,0.11860039597958565
9,276,0.11859864479508721
20,366,0.11859794884398957
1162,747,0.11859636047069427
144,700,0.11859073741817343
840,85,0.11858787408218396
295,1195,0.11858729681461685
692,571,0.11858714154061496
1064,1163,0.1185866630413359
804,1149,0.11858650884861206
295,568,0.11858534437366777
144,1141,0.1185828164752348
843,92,0.11858124948660703
716,326,0.11858028004495036
577,838,0.11857603080305772
804,861,0.11857576431699526
9,55,0.11857462701410627
9,335,0.11857085687422812
692,275,0.11857084076714583
843,425,0.11857065500827317
843,1158,0.11857063527074023
986,212,0.11856789800827125
2,53,0.11856588726896548
144,521,0.11856463058249898
9,603,0.11856458694810425
843,862,0.1185617814033577
692,208,0.11855894318709348
919,786,0.1185577684067267
9,467,0.11855705285692962
919,113,0.1185565297845805
712,267,0.11855110434087962
2,48,0.11854755619374646
577,1139,0.11854743639834835
9,823,0.11854691283360207
843,1181,0.118544672276146
1064,37,0.11854443881517779
769,1106,0.11854166130910933
184,595,0.1185403262463601
843,938,0.11853917441386908
2,1148,0.11853867212191165
1162,669,0.11853857334155313
100,1088,0.11853757128887633
919,732,0.11853733137414024
843,880,0.11853700421266528
100,677,0.11853568331138696
64,194,0.11853414818715209
840,613,0.11853399481363867
295,34,0.11853257489305048
1006,793,0.11852958465121327
986,269,0.11852856376143842
944,683,0.11852807850324988
356,345,0.11852716279503872
9,601,0.1185242863563927
804,18,0.11852238836318868
843,953,0.11852212241946687
716,440,0.11851862045107547
986,318,0.11851623150833336
100,1136,0.11851604022775952
2,590,0.11851509506883769
356,37,0.11851367447338551
184,1117,0.11851293105825182
9,845,0.11850949874435701
295,798,0.11850907796955479
295,593,0.11850370087540056
64,986,0.11850292152521295
962,16,0.11849854548804814
962,812,0.11849724275200785
100,947,0.11849719369926477
100,1050,0.11849374502853084
251,1159,0.11849169312162795
804,1023,0.11848828488856436
295,429,0.11848812714811162
919,615,0.11848551251835598
1064,816,0.11848075859080112
295,142,0.11847979116282462
840,1135,0.11847728960372206
184,1089,0.1184752026128295
100,855,0.11847317338256767
840,1103,0.11846797629669693
919,676,0.11846694233902567
2,208,0.11846395975732886
100,25,0.11846098578057375
919,1062,0.11846015076479575
577,275,0.11845797703466704
919,153,0.11845734199283117
100,1194,0.11845719297186655
356,439,0.11845640418140085
295,846,0.11845610799642721
64,466,0.11845510762255715
2,746,0.11845452919261966
778,121,0.11845285896189592
184,31,0.11844823504396237
843,641,0.1184465168568608
1064,365,0.11844537459836758
295,702,0.11844179955340116
9,542,0.1184383815965777
919,663,0.11843609383418409
919,409,0.11843563981609949
1162,10,0.1184350149959702
778,755,0.11843343259416526
843,208,0.11843192889244232
962,266,0.11843109407203503
355,387,0.1184240963007183
778,673,0.11841326255890909
843,307,0.11840518948297807
843,261,0.11840021012983347
9,455,0.1184000993895628
804,94,0.11839944401484488
356,657,0.11839308085803349
840,33,0.11838669897891749
9,429,0.1183843948196883
840,125,0.11838384537986081
351,502,0.11838257958548508
692,872,0.11838109339115563
351,522,0.11837986400866947
712,275,0.11837852813860592
769,32,0.11837778639735226
692,559,0.11837321251963012
144,957,0.11837318990287254
840,90,0.11837312034807064
692,544,0.11836774850590175
804,78,0.1183665196022795
986,259,0.11836554702255495
986,1072,0.11836054471389862
146,645,0.118359387372466
184,1068,0.11835532466391804
1006,450,0.1183523477213744
840,1159,0.11834988242100834
9,402,0.11834763030481738
804,181,0.11834687669902945
144,599,0.11834468083079593
356,1200,0.11833597032804431
355,447,0.11833350838428251
778,997,0.11833294446993216
716,706,0.11833009614285503
944,31,0.11832747239963849
356,755,0.1183262218286878
1162,1165,0.11832603135601118
355,1106,0.11832318682090501
778,691,0.11832200108199267
840,645,0.118316908159204
692,419,0.1183168655421961
962,644,0.11831137223633967
184,14,0.11830944804896172
843,689,0.11830776239076127
144,1135,0.11830295506674142
840,49,0.11830128797647649
356,84,0.11829960475075454
9,220,0.1182979284520144
295,396,0.11829492435697919
843,773,0.11829323298608271
778,907,0.11829306352631118
840,642,0.11829224695288633
295,317,0.11828877874552277
9,516,0.11828812041263805
1064,694,0.11828757217542638
356,607,0.11828723556092444
184,230,0.11828408772750934
834,715,0.11828117991389514
1064,260,0.11828058096253861
1006,1179,0.11828053360053613
778,153,0.11827740340205886
843,948,0.11827646873849644
144,720,0.1182739118989292
692,577,0.11827120889908663
944,400,0.11826833144578718
962,712,0.11826739169263345
986,317,0.11826713559904825
1064,1068,0.11826699516811578
804,1129,0.11826689561538546
804,718,0.11825898448516631
1064,716,0.11825832745013715
2,341,0.11825349837424358
9,53,0.11824836566081363
919,922,0.1182478965497456
919,804,0.11824675215190127
100,622,0.11824551563772427
9,983,0.11824244715506049
2,417,0.11824018255008595
840,540,0.11824015143521648
1064,191,0.11823981990331543
944,1036,0.1182390339985351
184,1016,0.11823545905743722
944,268,0.1182350860721015
2,820,0.11823086233436335
778,57,0.11822939566427033
184,200,0.11822856902315204
778,6,0.11822635047467768
2,776,0.11822283081051567
692,318,0.11822199426289454
986,343,0.1182183891444761
1162,350,0.11821350910125568
351,933,0.11821009404571435
146,384,0.1182084975539791
295,325,0.11820578337173777
804,843,0.11820304724976619
1006,176,0.11820243012070618
692,1156,0.11820036629924909
355,468,0.11819583022540285
100,51,0.11819531813273504
919,591,0.11819415527319196
804,704,0.11818965101421197
184,703,0.11818892551007526
100,1052,0.11818844229722866
9,790,0.11818779175730368
1162,1005,0.11818701424232907
778,73,0.11818354414505135
356,662,0.11818234655576039
184,921,0.11817993835672964
100,1093,0.11817706950740602
919,1019,0.11817436318084018
9,1009,0.11817349722453398
9,52,0.11817168327840874
356,1000,0.11816953487593809
986,783,0.118167953200038
184,601,0.11816744303421514
843,136,0.11816330642790726
716,317,0.11816183157907267
843,492,0.11816147735287051
351,1168,0.11815907502612352
769,967,0.11815303438644922
840,160,0.11815295683761542
986,651,0.11815141594982606
356,738,0.1181512767173257
355,399,0.11814994100326257
843,27,0.11814905943809399
184,130,0.11814510634019622
251,613,0.11814395505763332
1162,846,0.11814378211467966
184,285,0.1181426220558549
986,539,0.11814167781144817
356,605,0.11814025266261001
712,816,0.11813797120468264
20,871,0.11813587432401834
840,99,0.1181358570248144
834,72,0.11813453737041106
184,542,0.11813187513729274
986,347,0.11812945157663314
804,176,0.1181269511156591
962,72,0.11812662612909254
692,50,0.11812350401052843
100,181,0.11812182919291915
2,674,0.11811916714746151
804,498,0.11811471038853731
1162,849,0.1181143295115264
843,1101,0.11811220169871167
2,506,0.11811200357493515
9,694,0.11811175036465014
1064,650,0.11810844119795501
843,132,0.11810677074336583
356,617,0.11810546162786538
184,763,0.1181039294859147
804,1108,0.11810265688789526
716,507,0.11810179966490485
778,208,0.11810148107904558
20,243,0.11809974470820431
804,657,0.11809946444485969
100,847,0.11809605510392192
840,838,0.11809483507487947
919,630,0.11809418232099034
843,766,0.1180909484644806
843,82,0.11808898715819345
944,1190,0.11808501786657086
1064,20,0.11808436591594115
986,850,0.11808411752640445
778,589,0.11808408070724907
843,703,0.11808347647804257
919,513,0.11808076647270721
9,480,0.11807324117253662
804,1066,0.11806722905294503
692,503,0.1180660231368384
2,252,0.11806516083992907
778,1122,0.11806447320588749
804,1073,0.11806347500057887
986,890,0.11806281313804433
919,820,0.11806114641995259
919,929,0.11806094685636806
919,1200,0.11805998761227865
295,273,0.11805940072815949
1064,1165,0.11805775672352067
692,312,0.11805651321514679
716,959,0.11805257702340466
692,1019,0.11805168295612631
1162,37,0.11804893354339832
944,1202,0.11804688547342286
1162,288,0.11804565544353125
9,512,0.1180442825386255
1064,410,0.11804363216082028
356,772,0.1180424188733656
20,1083,0.11804149919000148
986,197,0.11803598729213828
1064,1051,0.1180301797473925
962,736,0.11802730201437053
692,689,0.11802165133656377
295,684,0.11801735261917366
716,403,0.11801362789975486
840,603,0.11801196670505541
840,669,0.1180101415032949
986,1095,0.11800968827214504
1162,694,0.11800778654800227
778,1197,0.11800248115318707
9,484,0.11800204995769353
20,1038,0.11800168731170634
295,146,0.11799999964386161
944,958,0.11798798275410624
962,38,0.1179838118793147
2,602,0.11798088831311727
944,1145,0.11797758881141582
804,933,0.11797495282963699
100,929,0.1179660255973188
9,439,0.11796493250932132
840,389,0.11796217129380837
144,793,0.11796139922184967
986,655,0.11796137549331713
100,87,0.11795816155577302
1064,89,0.11795309225284165
778,210,0.11794825617660629
355,939,0.11794195276965332
1064,184,0.11793950402909299
100,437,0.11793615270177638
804,373,0.11793559121758963
351,667,0.11792943669885628
295,253,0.1179265391561686
2,1202,0.11792563584686977
778,587,0.11792445968496866
9,270,0.11792266319154444
1064,686,0.11792071944410609
804,402,0.11792005385141859
184,471,0.11791999340910099
716,727,0.11791977705126448
986,898,0.11791969575009718
9,89,0.11791408219496513
804,744,0.11791225943363925
146,1011,0.11790986768656041
804,1184,0.11790970966775922
295,1015,0.11790653106348659
20,575,0.11790287887107422
2,621,0.11790010348914136
295,266,0.11789969219860368
919,960,0.11789675938194372
843,422,0.1178915695743563
355,43,0.11788969258008505
355,219,0.11788655969278512
100,479,0.1178848813443139
356,1142,0.11788281216266415
351,292,0.11787965622080221
356,344,0.11787922417821976
692,657,0.1178742488083589
9,259,0.11787227123751573
295,1087,0.11787151958950953
100,543,0.11786883151302445
840,909,0.11786845700888972
986,0,0.1178657061762329
919,957,0.11786520747717687
146,483,0.11786474929085775
295,420,0.1178596461192944
9,753,0.11785873081060091
986,113,0.11785841984087751
804,618,0.11785817691295672
100,694,0.11785017739012517
295,741,0.11784440392958385
100,13,0.11784357918270036
986,20,0.11784170710448218
1162,228,0.11783982940537514
919,980,0.1178307964287288
778,226,0.11782734642967964
778,248,0.11782115890934056
843,504,0.11781894238938863
184,584,0.11781776681684629
944,1053,0.11781302093315828
1162,894,0.11781113892001256
100,732,0.11780861103344781
20,37,0.11780833065107323
843,828,0.11780779896102632
944,974,0.11780770240746437
1006,399,0.11780575431300153
778,1019,0.11780455132833342
100,1108,0.11780447602567805
769,715,0.11780445663949003
20,788,0.11780380363008168
356,777,0.11779167300678298
355,373,0.11779036379558715
1162,575,0.11778816576921902
146,1084,0.11778510493001551
778,620,0.11778371483264095
804,65,0.1177822276746124
962,825,0.11777955609940034
843,81,0.11777939860455351
9,990,0.11777794077101329
184,691,0.11777701427908405
144,643,0.11777560570224821
184,774,0.11777011298284555
1064,192,0.11776787458961184
144,1126,0.11776205968666412
919,1049,0.11776134386801596
986,96,0.11776040303570742
20,810,0.11775732989146533
769,591,0.11775645123321525
9,780,0.11775439045421775
64,366,0.11775351024578767
804,572,0.11775087687259209
716,480,0.1177502818353931
769,411,0.11774948846345656
251,1197,0.11774350701534775
986,1156,0.11774302849299798
944,132,0.1177429044507174
716,894,0.11774268719281085
1064,269,0.11774261989968635
843,943,0.11774125387979574
778,181,0.11774116945288808
692,608,0.1177388248639661
716,970,0.11773797413970133
1162,573,0.11773636562623643
840,740,0.11773614646630105
295,670,0.11773114113823621
9,268,0.11773010432654518
356,1021,0.11772958709876277
716,366,0.11772788292169438
184,266,0.11772514344432268
944,122,0.11772373802638571
100,42,0.11772104397722846
100,315,0.11772030736706203
919,468,0.11771644116524531
944,321,0.11771450951193968
692,798,0.11770773314174186
716,931,0.11770113908934429
692,1183,0.11770040767274219
716,234,0.11770010944549299
9,976,0.11769886464543154
144,502,0.11769871453260314
804,148,0.11769701871574167
2,260,0.11769691254832176
1006,644,0.11769680232633453
843,128,0.11769432532419073
840,585,0.11769427342750642
20,30,0.11769133312265358
295,794,0.11768990343832494
1064,602,0.11768913391988592
944,352,0.11768831759646255
1064,1105,0.11768822342865395
986,1167,0.11768783488306626
986,1047,0.11768684935175584
692,804,0.11768657227242917
9,611,0.11768199575029549
834,681,0.11767933985276001
1162,1164,0.11767829713044206
184,226,0.11767449291217803
356,905,0.11767371932914478
778,1158,0.11767362345523646
9,882,0.11767237385894394
1162,735,0.1176706553418717
251,598,0.11766974971785985
355,108,0.11766665566750197
20,771,0.11766367937037969
1064,533,0.11765954722617232
1162,53,0.11764917153395453
692,645,0.11764754508614932
843,933,0.1176471709910206
843,864,0.11764682037033619
1064,718,0.11764499072885912
1064,76,0.11764489278147942
1064,943,0.11764256116167801
944,1057,0.11764233173248312
1064,177,0.11764189299246018
778,549,0.11764134673413244
843,1049,0.11764126761307385
843,907,0.11763932091869617
919,189,0.11763876874402149
692,849,0.11763859694998688
295,1054,0.11763735248241318
804,267,0.11763695227934194
9,858,0.11763623531964411
692,967,0.11763225343538003
804,1061,0.11763091071062248
804,101,0.11762918297751832
986,108,0.11762901725062118
692,993,0.11762602589717733
1162,584,0.1176244390141005
9,1154,0.11762218599855723
9,995,0.11761842452908482
840,1049,0.11761388480918339
1064,647,0.11761346953516798
778,575,0.11761158851986343
769,612,0.11761084206493042
2,431,0.11761080383871683
577,516,0.11761076588654047
804,999,0.11761069148621726
716,238,0.11760584031448539
919,941,0.11760293749078121
840,1117,0.11760087035251929
9,1089,0.1176004746883557
9,277,0.11759989375876786
840,100,0.11759958702545958
919,833,0.11759899715164746
1064,442,0.11759255791387968
20,1202,0.11758699620440129
2,362,0.11758380943671393
2,866,0.11758328885127574
1064,129,0.11758228171166976
146,372,0.11758081620106996
692,187,0.11757722816576088
184,347,0.1175766489019262
1064,838,0.11757227766408088
64,436,0.11757185448639577
2,140,0.11757168014344635
804,334,0.11757153238709257
2,426,0.11756908996601062
1162,1202,0.11756905113494791
778,1009,0.11756827303532787
919,480,0.11756577795761305
2,275,0.11756372062338803
1162,617,0.11756133147548056
20,576,0.11755624739325304
64,298,0.1175544570420592
146,1176,0.11755153611430333
144,501,0.11755011764037468
1064,895,0.1175450778474863
843,51,0.11754391857828843
100,462,0.1175415930152908
421,21,0.1175376716230076
962,923,0.11753657630836445
295,525,0.117534466703209
840,387,0.1175339060907039
355,804,0.11753251658988119
692,507,0.11752816362510175
100,1157,0.11752581275568147
986,1060,0.11752518052566767
944,419,0.11752492507312991
804,13,0.1175236347130777
919,1069,0.11752113629036613
1006,734,0.11751962380048883
144,354,0.11751820549547233
144,19,0.11750707494067304
716,567,0.1175019040084967
144,1129,0.11749867051163598
1162,1125,0.11749521275830555
20,534,0.11749163812322179
184,1052,0.11749104003558361
20,1057,0.11748951765437589
840,70,0.11748077475320283
986,608,0.11747912953589112
1006,80,0.11747882845534321
986,778,0.11747707949387917
778,133,0.11747309849858847
9,508,0.11747249650624633
986,1191,0.11747204879342094
355,322,0.11746258691030562
144,1155,0.11746207560953406
355,176,0.1174563524953141
144,1012,0.11744634971179903
1162,1156,0.11744493733576229
1064,907,0.1174444589594168
962,1076,0.11744227234566236
144,451,0.11744214563304689
843,40,0.11744172540913059
1162,1113,0.11744143364200145
1162,571,0.11743853287472986
840,75,0.11743699365677457
1064,426,0.11743407098200499
840,499,0.117432272298467
2,607,0.11742890918365649
843,1117,0.11742759394901647
986,236,0.11742753731327106
1064,245,0.11741652358053294
919,602,0.11741567697924997
804,467,0.11741555015153378
351,331,0.11741087436942796
9,387,0.11740620133081434
804,248,0.11740354701839027
184,745,0.11740336357979933
1162,120,0.11740108689034377
692,642,0.11739908912717409
1143,879,0.11739738005619882
962,332,0.11739726510721549
2,682,0.11739604035064789
9,81,0.1173935883897344
100,137,0.11739347770035295
356,752,0.11739291088682081
356,910,0.11739071026643841
840,503,0.11738869314193813
778,747,0.11738309387783732
146,774,0.1173813605410794
184,210,0.1173809838842486
1162,325,0.11738093272586655
9,584,0.11738058416608853
692,192,0.11737340215749059
778,773,0.11736792174899213
944,57,0.11736788446326533
843,644,0.11736282358145733
692,365,0.11736126464686916
1162,106,0.11736111421385431
1162,692,0.11735755721604638
356,275,0.11735490641256063
944,430,0.11735138960560965
1162,550,0.11735013902928838
2,563,0.11735012870426519
712,638,0.11734665358917058
944,744,0.11734624221619099
1064,905,0.11734540757339394
778,265,0.11734524140813689
778,312,0.11734473717984406
356,872,0.1173444934789977
355,200,0.11734402622493112
944,174,0.11734301358912586
840,315,0.1173424422208492
421,912,0.11733852494981155
9,1085,0.1173353019160685
843,379,0.11733474077963585
20,386,0.11732763126690807
1064,312,0.11732681216886882
9,324,0.11732620493428783
944,178,0.11732476738773703
944,799,0.11732289157026687
692,955,0.11732281486453139
712,41,0.11732232913219381
100,57,0.11732136017787133
9,817,0.11731820084852844
804,766,0.11731752282029556
804,651,0.1173174459771576
100,233,0.11731613630515025
778,766,0.11731510315968668
9,799,0.11731082186194895
843,275,0.11730833812504418
100,790,0.11730646656044617
64,1024,0.11730475397766282
144,668,0.11730221565577184
295,659,0.11730195890557998
804,200,0.11730170558935112
1162,548,0.11730035581244166
778,862,0.11729961352297476
778,1140,0.11729576495215516
356,357,0.1172930636052982
356,725,0.11729161857204246
100,689,0.117290978459279
144,180,0.11729059080753759
692,492,0.1172857171660231
778,1101,0.11728414344289434
356,189,0.1172835655044796
944,213,0.11727671975020117
144,529,0.11727620714064031
919,316,0.11727569900600203
144,210,0.11727528058824373
692,410,0.11727242867684319
20,272,0.11726848791062196
804,216,0.11726845571952038
840,784,0.11726748102810665
100,469,0.11726636893026132
100,65,0.11726220848166471
840,871,0.11726203283608086
843,246,0.11726183977052658
840,1051,0.11725840931117996
64,1102,0.11725750792034409
9,803,0.11725283019224152
716,1196,0.11725180193597869
944,161,0.11724747053400757
2,616,0.11724459544465751
144,184,0.117244467011772
1064,304,0.11724390182969376
1064,549,0.11724318664177488
804,1114,0.11723828392156074
9,698,0.11723742836106876
100,56,0.11723406985924026
356,926,0.1172338297384895
986,14,0.11722597032047823
944,333,0.11722545878814344
144,69,0.11722519630887476
100,140,0.1172217592043467
986,176,0.11721996662794475
9,424,0.1172170544116072
840,957,0.11721256371797055
804,547,0.11720192855044531
356,975,0.11719998426964955
251,554,0.11719969368189338
144,75,0.11719781500263844
778,899,0.11719595300468698
355,353,0.11719351818235459
577,775,0.11719330156237097
962,821,0.11719042977333462
144,101,0.11718987213030808
778,347,0.1171860210907511
944,69,0.11718425194386298
1064,77,0.11718242261621573
100,1031,0.11718058182914062
251,66,0.11716970320355286
944,509,0.1171679329474646
804,187,0.11716728027979248
778,390,0.11716045735731812
804,419,0.1171580622418902
919,721,0.11715562527673407
295,616,0.11715496671930709
778,943,0.11715408093051694
962,205,0.1171444956609648
1064,48,0.11714203220786851
804,201,0.11714049201369262
1064,937,0.11713522183595335
251,1202,0.1171298978175765
2,634,0.11711187044280678
9,761,0.11710691304105253
2,885,0.11710385994198474
692,306,0.11710366345731274
804,831,0.11710355937559243
2,409,0.11709633186022725
351,188,0.11709315355843684
804,712,0.11709033091489254
843,187,0.1170881118816437
778,651,0.11708605207250991
919,238,0.11708596637757322
184,701,0.11708488295531733
64,573,0.11708305117673637
20,1176,0.11707885376595221
843,929,0.11706728487822377
1064,239,0.11706414881933563
778,98,0.11706370653925259
1064,1158,0.11706250632195155
356,370,0.11706135932972828
295,584,0.11705808296167794
1064,831,0.11705758337912063
184,334,0.11705436651332833
251,921,0.1170522082449277
100,533,0.11704979235458068
944,712,0.11704676853448723
295,422,0.11704595060448063
184,499,0.11704491930811212
778,814,0.1170441059759006
2,1066,0.11704323853930414
919,46,0.11704321536239332
843,410,0.11704188375592661
843,229,0.1170411639482704
716,883,0.11704053922853204
840,172,0.11703765464267171
692,205,0.11703682906882162
1064,296,0.1170346345366594
100,1045,0.11703403068334726
184,628,0.11703117793852641
1143,554,0.11703010849851092
843,1063,0.11702937169594152
840,622,0.11702349413666505
184,317,0.11702193592443823
100,349,0.11702035908839226
144,1178,0.11702012586380842
919,307,0.11701917419934704
144,1061,0.11701680221264876
64,313,0.11701645215463165
804,521,0.11701399134734973
944,1177,0.11701137109421123
840,529,0.11700972175177655
356,184,0.1170096254676449
1064,32,0.11700896203789053
804,1168,0.11700700650701416
184,37,0.11700479170898472
9,732,0.11700413838198256
1064,345,0.11700214144448574
840,261,0.11700017762107683
2,306,0.116998833983952
356,655,0.11699873624771737
919,889,0.11699809450972536
1064,890,0.11699711394655397
144,843,0.11699054008635694
184,1075,0.11698896600558156
100,1142,0.11698182331290201
184,982,0.11697669381061711
100,1014,0.11697632381454569
184,910,0.11697175997256891
986,53,0.11696842873649928
9,554,0.11696482518555326
919,539,0.11696410172259249
843,836,0.11696330926780951
692,266,0.11696089357329201
100,256,0.11696087024173389
1162,275,0.11695994341774296
716,227,0.11695532386851394
843,834,0.1169482189487289
716,135,0.11694265763069323
692,516,0.11694236054085412
9,686,0.11694158014435585
804,927,0.1169397340232781
355,1031,0.11693511071538243
1162,331,0.1169268877526186
843,94,0.11692146634439438
9,623,0.11692141232242932
1162,864,0.11691861078043363
944,1097,0.11691517268201669
1162,77,0.11691363756131436
356,15,0.11691282066510235
184,878,0.11691150860935712
692,185,0.11690776897212665
778,457,0.11690661959026383
1064,740,0.11690648926887795
843,150,0.11690484220688692
1143,1026,0.11690325108240503
919,958,0.116898242659003
295,183,0.11689813366621095
778,1073,0.11689656594918937
986,331,0.11689489742761959
843,990,0.11689179862940834
919,334,0.11689080030570471
840,451,0.11689014675087514
2,310,0.1168894490777509
184,529,0.11688904818399813
20,1017,0.1168882715428052
1064,121,0.11688629357167067
9,256,0.11688482953558049
1006,140,0.11688083624045234
355,974,0.11687960094711825
64,680,0.11687802180509278
184,907,0.11687681300950852
251,576,0.1168750539720467
843,120,0.11687325951281187
295,1143,0.11687295913116955
1064,50,0.1168698228594173
843,44,0.1168682851663693
778,1191,0.11686806509436715
944,39,0.11686680261174379
1064,210,0.11686593656695643
804,745,0.11686225186620412
919,140,0.11686100507397205
804,585,0.11685901795454567
986,885,0.11685590166112869
1064,1016,0.1168472523440887
1162,513,0.11684437174443793
20,977,0.11684027606558521
843,565,0.11683942393031546
986,136,0.11683648670980733
843,819,0.11683573475357548
769,1168,0.11683355546356097
1006,575,0.11682910461084936
716,26,0.1168263451123495
1162,268,0.11682608997665378
9,1015,0.11682566594362644
778,1127,0.1168256482554807
804,990,0.11682367326190277
20,517,0.11682188439181224
804,855,0.11682011112736665
356,1173,0.11682004155354105
986,376,0.11681487501766338
716,807,0.11681474404815102
1162,410,0.11680985271574049
251,951,0.11680961686721152
986,282,0.1168070172884841
295,864,0.11680399508611415
355,865,0.11680238069604801
840,210,0.11680116204830204
944,1133,0.11680106470257415
355,899,0.1167973176434861
184,630,0.11679535169879617
356,649,0.11679473820539182
962,176,0.11679291582766482
778,492,0.11679045390230554
778,102,0.11678798731380816
146,237,0.11678590364573131
64,1143,0.11678584444214377
184,525,0.11678569577484907
1064,439,0.11678526301160674
692,885,0.11678394182366372
944,508,0.11678165516770614
778,850,0.11677905662091147
778,1189,0.11677902341926129
716,1005,0.11677796478001863
769,649,0.11677733959532319
295,413,0.11677673346077985
9,344,0.11676982039730666
778,263,0.1167685612547791
144,898,0.11676654382291894
295,718,0.11676479255859053
100,1196,0.11676459391792054
716,550,0.11674890888742444
577,179,0.11674804678014838
1162,286,0.11674454876001152
1064,471,0.11674430579590717
986,526,0.11674365121301064
986,1100,0.11674018647424865
9,1187,0.11673979972497202
100,931,0.11673558304028536
919,1061,0.11673467012055146
356,385,0.11672549266772977
778,255,0.11672532295089462
20,779,0.11672465924759975
944,930,0.11672396301732779
778,686,0.11672196701989764
840,1088,0.11671922855543151
843,622,0.11671665497287438
843,720,0.11671585112767395
692,98,0.11670561715187305
577,278,0.11670152560743505
100,664,0.11670095312561136
692,1200,0.11670080968954086
843,1159,0.1166929416876843
100,575,0.1166901586489219
356,352,0.11668313653114111
843,343,0.11668249024635391
919,161,0.11668203408809721
2,625,0.11666856122899545
9,381,0.11666755489544035
716,824,0.1166671778380665
9,820,0.11666689079167278
843,784,0.11666429320800321
251,457,0.11666384647612588
692,546,0.11666196828827774
1162,734,0.1166562579132597
778,647,0.11665583347205626
840,322,0.11665558650552106
840,876,0.11665417461206845
146,42,0.11665414751291546
9,105,0.11664395314313496
146,212,0.11664360140167096
144,65,0.11664355783357393
1064,1203,0.11664171700486592
184,62,0.11663964399542198
843,125,0.11663804446239376
778,425,0.11663136172707061
804,893,0.11662931530221757
986,225,0.11662227710392636
1064,376,0.11661981976379276
778,668,0.11661821848158482
355,1101,0.11661759932176584
986,194,0.11661715023860178
356,861,0.11661539328798512
919,733,0.11661474242870945
100,209,0.11661433633663154
356,1018,0.11661191104166095
843,1061,0.11661132782593987
804,539,0.1166038199352668
778,595,0.11660337777517694
144,938,0.11660323272928262
100,617,0.11660123931357692
769,813,0.11659967815961426
1006,952,0.11659949948150392
184,140,0.11659830359198105
840,43,0.11659752879496998
2,1010,0.11659718617551704
716,1134,0.1165941227780087
9,916,0.1165934974371471
840,155,0.11659170153410374
944,826,0.11658949371527139
251,1085,0.11658249552824537
184,160,0.11657481368458956
9,837,0.11657125709814384
692,148,0.11656759922742398
20,1010,0.1165659802830091
1064,66,0.11656387672976101
840,434,0.11656335219216023
840,412,0.11656221263186026
295,1198,0.1165619515553119
840,520,0.11656073736157557
692,433,0.11655889528187809
100,628,0.11655814621177739
9,766,0.11655456411512985
144,613,0.11655395781951451
778,815,0.11655299589778692
1162,621,0.1165527809419845
840,22,0.11655005327127775
9,1076,0.11654904898158903
351,267,0.11654756452229863
351,1129,0.1165425120332316
295,882,0.11654048715988209
144,872,0.11653947476442414
9,754,0.1165387886208227
9,909,0.11653848501637146
919,643,0.11653796207418153
1162,526,0.11653789386758028
146,616,0.1165359939917897
356,518,0.11653472252002241
295,1133,0.11653212623002553
804,645,0.11653177865861057
100,1138,0.11652913723725761
962,1062,0.11652646938273895
184,312,0.11652203061288914
295,630,0.11652114762256433
944,295,0.11651378146900873
1143,913,0.11650903942546939
692,794,0.11650428287407297
692,67,0.1165011255256884
769,89,0.11649987374249665
100,1036,0.11649669250975334
9,949,0.11649577922513256
184,87,0.11648705476215566
843,575,0.11648642822107758
840,251,0.11648353810855938
692,1096,0.11647971715505064
986,193,0.11647890629191647
144,1202,0.11647707184885318
100,509,0.11647499693068361
356,521,0.11647046554058
20,84,0.11646527622897679
251,62,0.11646489309886233
356,637,0.11645812732672751
919,1038,0.11645627627865925
804,894,0.11645568327945735
9,91,0.11645381314068035
9,74,0.11644414458529295
692,695,0.11644197626896013
184,502,0.11643955345736531
986,567,0.1164371742233296
1064,675,0.11643687754007172
356,30,0.11643231971691993
144,1024,0.11643198404540182
251,11,0.11643111916812211
804,679,0.11643047546856256
100,502,0.11642942547447843
1162,813,0.11642805856357323
962,910,0.11642628090279884
1162,509,0.11642515786926548
100,94,0.11642298132068467
9,640,0.11641163024590183
1162,435,0.11641053408362013
146,829,0.1164101079569747
804,266,0.11640786636987116
986,178,0.11640636282254775
144,491,0.11640489053468342
144,1190,0.11640289375195165
986,1105,0.11640265431738808
804,1025,0.11640242777786401
64,966,0.11640214372216806
919,349,0.11640112514063111
100,902,0.11640075893855092
1064,1030,0.11639691562487811
986,1046,0.11639540531941951
843,626,0.11639514389449274
778,1119,0.1163947263715023
919,339,0.11638887428244013
840,290,0.11638224797908654
251,371,0.11637983813547949
804,294,0.11637721680809572
804,73,0.11636343854854388
100,1137,0.11636229829927389
986,122,0.11636218101442246
919,34,0.11635828926134367
9,378,0.1163569329067456
840,1014,0.11634877002147143
2,1106,0.11634818955821079
100,21,0.11634808877325531
804,410,0.11634746895975702
919,364,0.11634429788663078
356,196,0.11634227337528313
1162,434,0.1163396590122006
184,527,0.11633726995189549
986,10,0.11633632499955528
692,45,0.11633632073960466
9,469,0.11633066460579414
840,970,0.11632990368277422
9,286,0.11632694941888486
184,406,0.11632638877051364
9,523,0.11632462563767755
1162,1011,0.11632420841974522
355,27,0.11631677193168782
577,446,0.11631523221434105
295,944,0.11631439285125936
843,916,0.11631122726954378
295,871,0.11630775937300587
100,423,0.11630678570730474
1064,438,0.11630664111847139
184,900,0.11630580984116401
692,374,0.11630532260149548
986,471,0.11630430914216827
295,1177,0.11630142179143822
184,360,0.11629702960727828
716,19,0.11629592644027371
2,1069,0.11629150148814395
184,359,0.11629142231234527
295,812,0.11629108223659154
356,626,0.11628692302555474
1064,218,0.11628648882162616
146,1010,0.11628244052403809
356,924,0.11627964902633706
778,47,0.11627925053354417
9,141,0.116276238725086
919,682,0.11627558111753915
840,964,0.11627456638357618
778,635,0.11627353096549868
9,608,0.11627202570103977
944,655,0.11626799147688698
1064,720,0.11626747516582422
986,571,0.11626699495203775
184,815,0.11626193070406031
716,504,0.11626084768426094
716,333,0.11625996519501834
251,107,0.11625811879155651
840,539,0.11625765326990156
962,451,0.1162550040164039
692,136,0.11625203354153371
577,905,0.11625020370846234
100,109,0.11624342868992144
9,538,0.11624215950571026
769,1086,0.11624151573764845
1006,587,0.11623876178617096
2,148,0.11623337175549919
986,325,0.11622810778216475
184,1111,0.11622632308994021
1064,249,0.11622345349521315
144,520,0.11621712595949237
843,1183,0.11621644734042183
146,1,0.11621543044483833
1064,372,0.1162139977064932
351,507,0.1162130950756118
100,72,0.11621100372970682
295,124,0.11620179654942629
840,303,0.11619604144680545
919,1022,0.11619492350630425
804,231,0.11619136275611251
692,542,0.11619127987433027
944,479,0.11619040234099848
692,1043,0.1161892246303075
100,240,0.11618778650522511
251,1153,0.11618708064360406
9,900,0.1161805038935641
2,1053,0.11617881682372176
2,796,0.11617709308754907
9,559,0.11617640796586536
100,361,0.11617372906172034
962,741,0.11617344223512294
986,1067,0.11616849382421493
251,216,0.11616788266346209
1162,348,0.11616650361126461
843,457,0.11615847747903761
9,1156,0.11615482566209509
919,1121,0.11615398934717983
986,93,0.11615096846068167
100,1021,0.11614803779514427
692,1105,0.11614753709155129
184,112,0.11614673190316337
356,867,0.11614583304807699
944,1152,0.11614428089506192
20,1166,0.11613911774180202
692,721,0.11613910467619103
804,767,0.11613900183545497
9,720,0.11613871157503684
1006,269,0.11613773884409019
692,801,0.11613681356251623
144,361,0.11613308179571978
692,783,0.11613128700381722
1064,334,0.11611788921191449
692,270,0.11611295252098497
944,624,0.11611160960932597
100,176,0.11611160887947498
843,745,0.11610802464698279
1143,50,0.11610589530643954
778,401,0.11610541963137483
144,1111,0.11610479095466703
778,718,0.11610001067146924
9,933,0.11609674017921551
9,170,0.11609423779758393
184,1062,0.11608579205544102
843,482,0.1160840887536671
804,512,0.11607985321506793
804,112,0.11607953256436969
986,214,0.11607761849191109
944,197,0.11607438455947827
804,316,0.11607346705879282
9,361,0.11607130935757035
944,550,0.1160686337551628
295,646,0.11606759809334018
919,619,0.11606758822433434
1064,732,0.11606716550604305
962,952,0.11606560899158938
295,747,0.11606365649450347
843,1095,0.1160634292966775
716,129,0.1160627042105492
1064,690,0.11606165916179254
9,263,0.11606077755379965
778,900,0.11605693027672145
944,118,0.11605287322991216
9,445,0.11604958857871417
692,934,0.11604866931055338
146,865,0.11604312283259638
1162,881,0.11603739300710665
919,505,0.11603705219876272
986,384,0.11603556230137063
355,441,0.11603503231006758
778,792,0.11603380816559057
692,170,0.11603086377545743
804,433,0.116029623138322
9,836,0.11602885479913291
1162,532,0.11602688332607716
962,1026,0.11602486783317321
2,171,0.11601851569251959
144,1123,0.11601848357607729
986,593,0.11601384561374423
100,379,0.1160124144318183
251,89,0.11600940250550458
843,578,0.11600931344013793
769,968,0.1160044522820996
778,732,0.11600075113949423
100,416,0.11599357113434003
356,1150,0.11599317383690694
100,501,0.11599004752377562
295,779,0.11598646844295471
1162,507,0.11598627344581373
2,906,0.11598572420442903
778,1170,0.11598442534517779
1162,856,0.11598245672428428
986,763,0.11598084815955162
944,432,0.11598019184997418
356,537,0.1159784547575642
986,662,0.11597556139332924
843,266,0.11597420204839767
840,402,0.11596202314486573
184,948,0.11596071416348347
944,125,0.11595700683080586
9,791,0.11595225628758284
919,170,0.11595023980596618
9,870,0.11594636462584405
778,80,0.11594569669878649
100,823,0.11594524111503407
840,862,0.11594246708648469
9,938,0.11593930645187114
986,1054,0.11593835868330486
64,1149,0.11593646663057942
100,735,0.11593634549322558
840,228,0.11593585540078923
986,836,0.11593117451340286
919,182,0.11592973428913848
184,679,0.11592966626143536
356,400,0.11592538993322002
778,784,0.11592326118489704
840,69,0.11592144862344947
577,315,0.11592073005892695
295,607,0.11591697274323114
962,272,0.11591374612002503
919,979,0.11591360497268788
840,578,0.11591225185576932
1006,566,0.11591022535842037
1162,14,0.11590759565274335
804,54,0.115905554115119
100,870,0.1159027733200929
840,260,0.11590091118702082
355,1099,0.11590014726714835
986,964,0.11589832422421255
919,507,0.11589712769764715
1064,520,0.11589322532307565
692,604,0.11588944761283396
778,115,0.1158887691844972
919,878,0.11588866592784527
144,498,0.11588788990144111
9,770,0.1158861662784311
1162,38,0.1158828660248586
692,682,0.1158811071356256
1162,770,0.11587956382349282
2,337,0.11587846613576519
64,561,0.1158776842982622
2,731,0.11587324802593527
251,887,0.11587248716147411
9,887,0.11587194778028423
100,1092,0.11587011778548596
295,1034,0.11586719638188833
804,862,0.11586666153379906
9,812,0.11586485247186136
2,806,0.11586422062383699
804,775,0.11586419509622138
716,525,0.11585963803749155
986,626,0.11585856492576037
962,876,0.11585810647457762
778,897,0.11585694884661352
100,868,0.11585573235712729
986,221,0.11585483137504725
100,30,0.11585341724366495
295,591,0.11584750030955243
2,591,0.11584743872264174
356,1038,0.11584522628000568
1064,848,0.11584366503812148
1162,906,0.11584151912067599
184,614,0.11583587266084053
295,1010,0.11583266703054992
9,908,0.11583096179037002
184,6,0.11582594014744049
804,170,0.11582361005056684
692,828,0.1158209118228262
144,620,0.11581838131611853
9,1203,0.11581734858186563
804,130,0.11581719242832256
2,744,0.11581418056032718
804,367,0.11581220500828135
1162,788,0.11580435657221197
716,40,0.11580417090220195
9,193,0.11580415279460117
2,211,0.11580350950777338
2,778,0.11579974747366892
804,425,0.11579733099190435
184,1059,0.11579699825405437
100,441,0.11579415615214883
843,464,0.11579376531919648
9,1032,0.11579004234969688
843,959,0.1157864030044483
9,739,0.11578120166623397
692,810,0.11577968889987268
251,347,0.1157751029504869
1064,763,0.11576426230523748
944,962,0.11576336728502201
100,1012,0.11576182166714581
355,676,0.11576165009403684
716,666,0.11576040828294927
944,455,0.1157602266053526
944,314,0.11575529299154816
9,666,0.11575273625727976
64,663,0.11575158993740792
9,801,0.11575040031068845
144,230,0.11574963680094735
1064,51,0.11574736350519696
716,683,0.11574504074394434
843,201,0.11574200284075604
919,880,0.11574119036118809
9,251,0.11573881500901506
295,753,0.11573631993095948
716,451,0.11573340468489095
9,947,0.11573253595717203
100,881,0.11573025938727724
2,999,0.11572657193339854
919,502,0.11572225725326236
716,541,0.11572103158537701
100,851,0.1157136580557258
144,276,0.11571299113844925
356,1003,0.11571273686142866
986,213,0.11571141617802001
2,787,0.11570945361186895
840,775,0.11570912242541703
1064,683,0.11570617022781578
840,379,0.11570510704769227
804,1158,0.11570439405111826
64,411,0.11570400781395185
944,20,0.11570261166579118
9,736,0.11570253063790001
184,952,0.11570113657773307
355,741,0.11569330183649502
919,221,0.11569321002692246
1064,437,0.11569157354582116
144,912,0.11568581073152605
1064,357,0.11567885089333294
1162,80,0.11567431306505216
251,527,0.11567422117796844
1006,437,0.11566943398133626
251,373,0.11566381213267073
100,720,0.11566287953895821
20,411,0.11566238330727195
840,561,0.11565854988462483
919,920,0.11565755533821863
1064,420,0.11565442713182002
356,1008,0.11565196005041603
715,1023,0.11564939196861257
184,402,0.11564887299936225
843,655,0.11564801976588651
184,1101,0.11564694636377418
692,43,0.11564662344304043
1006,473,0.11564403090366514
804,738,0.11564256122420163
778,656,0.11563609737935074
778,597,0.11563474023524828
184,746,0.11562838540568711
1064,526,0.11562620949078167
100,666,0.11562551308634948
843,761,0.11562169710558622
778,613,0.1156148646688388
716,556,0.1156121075002296
351,1184,0.11560576448767897
100,519,0.11560517075298796
295,309,0.11560320508374344
100,627,0.11560239313888086
919,318,0.11560203239824456
9,1022,0.11559258973160445
919,1122,0.11558918252694682
144,417,0.11558717108428
692,108,0.11558100993887975
919,584,0.11557367390254597
351,321,0.11557339239356568
1064,833,0.11557020262186006
840,337,0.1155700506109221
716,1181,0.11556792511434681
840,144,0.11556656766432383
840,267,0.11556333604181146
20,450,0.11556139568899894
100,429,0.1155599651750291
146,554,0.11555995024392213
184,161,0.11555840047497251
840,880,0.11555828816413573
843,535,0.11555672073178913
778,849,0.11555604745153046
919,20,0.11555447680747426
2,525,0.11555301864910955
2,1116,0.11555177504736583
843,812,0.11555176623092457
1162,488,0.1155512875022765
295,809,0.11554539507643813
692,130,0.1155439081263063
9,224,0.11553970662863303
692,347,0.11553515454925395
986,142,0.11553368319069797
20,612,0.11553253111497885
9,96,0.11553135573282931
2,371,0.11552790949232086
840,867,0.11552757218813624
919,702,0.11552620155741913
2,63,0.11552250708686314
9,1005,0.11551862751093818
804,849,0.11551552929069005
144,929,0.1155130648465639
9,1114,0.11551300067948664
804,622,0.1155129524237193
804,975,0.11550687855047993
100,678,0.11549601058363415
184,676,0.11549519911763201
840,501,0.11549468666819017
184,33,0.11549386894188626
2,344,0.11549246581923026
716,450,0.11549025562602977
356,1183,0.11548844766862432
692,521,0.11548836862215164
100,525,0.11548724380598005
804,525,0.11548615858443328
692,1048,0.11548429988181882
9,1148,0.11548356218122494
692,927,0.11548187292838934
962,122,0.1154808343607075
356,821,0.11547990980841238
778,274,0.11547752489959184
843,153,0.1154774110818577
715,573,0.11547557424693757
778,442,0.11546782685325714
356,940,0.11546723751789136
100,1114,0.11546684465114085
843,561,0.11546243123126183
356,1135,0.11546084492995319
9,922,0.11545907251972817
146,701,0.1154571771741349
251,176,0.11545477122755483
351,15,0.11545312627304463
840,87,0.11545165983895427
184,187,0.11544904132578976
144,88,0.11544455018870399
356,764,0.11544154410906647
804,955,0.11544145682977167
355,372,0.11544046394512128
251,30,0.11543874400482236
962,1063,0.11543747925825555
356,1046,0.11543552835822901
1162,1176,0.11543400143043267
144,70,0.11543018871753781
184,561,0.11542956313035808
804,664,0.11542545571891633
184,775,0.1154207691727037
9,162,0.11541947835010902
1064,151,0.11541486677597736
843,571,0.11541353300856248
840,146,0.11541267480395433
1162,148,0.11540807381336844
100,879,0.11540760975709163
919,560,0.11540663277857711
804,642,0.11540608311163966
9,157,0.11540600156699968
840,255,0.11540357966879028
692,539,0.11539929294603782
716,151,0.11539870087438199
577,1108,0.11539630392984518
184,603,0.1153960279123766
769,913,0.11539550411098295
1064,175,0.1153927887212573
1162,306,0.11539181249412438
840,657,0.11539009181667628
840,446,0.11538816467207264
1064,1124,0.11538543951431553
577,1159,0.11538251296048473
843,67,0.11538042874661629
962,546,0.11537980617825286
184,1092,0.11537791492867992
692,1074,0.11537709759883694
184,1108,0.11537479574018855
1064,717,0.11537468302120722
1162,693,0.11537290068667605
100,90,0.11537191831957448
100,580,0.11537176840053405
1162,411,0.1153713083090409
919,460,0.11536770332288168
100,1059,0.1153637855439243
295,810,0.11536178515996762
804,1000,0.11536028960439366
778,1138,0.11535658695290753
356,834,0.11535466369819833
146,783,0.11535352541494291
100,975,0.11535334248741504
716,1157,0.11534987650014314
840,878,0.11534572413146613
100,465,0.11534471002726941
100,448,0.115341080847163
1064,1129,0.11533790646313512
1162,66,0.11533716388256683
778,417,0.1153346360447446
986,586,0.1153338407119815
251,63,0.11532803077825582
100,435,0.11532107390167705
804,889,0.11531920967388345
2,663,0.11531164975236756
356,1104,0.11530692181709205
1143,1042,0.11530444262513566
778,142,0.11530399465198372
804,907,0.11530231495374814
184,115,0.11530081224408854
986,247,0.11530035593050116
144,6,0.11529776937106795
144,932,0.11529727044086928
144,647,0.11529658754980236
919,1110,0.11529614230967052
295,135,0.11529329511771678
2,879,0.11529204289363224
804,890,0.11529057496026497
778,1063,0.11528989063489425
144,1031,0.11528653878163055
804,944,0.11528511657397579
944,785,0.1152838709849447
9,646,0.11528374497859155
692,864,0.1152827352757607
356,230,0.11528148958625357
843,586,0.11527824352419018
840,207,0.11527774922156396
1162,437,0.11527560925163396
100,953,0.11527424035244718
1006,962,0.11527175011087655
2,0,0.11527042591882544
100,73,0.11526570625293306
962,916,0.11526480768038637
100,905,0.11526207873321836
778,759,0.11525701701026769
804,34,0.11525676678051822
2,677,0.1152566981856733
1162,212,0.11525535965521681
843,365,0.11525524552399602
1064,229,0.11525387222089169
295,63,0.11525330474334726
843,468,0.11525277646161895
692,615,0.11525003822241497
351,395,0.11524803935032223
144,1096,0.11524475205949733
716,297,0.11524383253435509
184,325,0.11524267052066765
1006,38,0.11524234786423986
843,934,0.11524086420288206
144,678,0.11524001086477273
919,1064,0.11523525729864154
356,646,0.11523399122570813
804,953,0.11523385817649179
986,152,0.11523360830131281
1064,524,0.11523074691054563
2,867,0.1152241810763174
1064,961,0.11522158527801626
986,1181,0.11521576045734229
20,882,0.11521213734067669
1064,521,0.11521032275027968
9,974,0.11520892599421229
184,69,0.1152046350986879
356,1106,0.11520425740257006
919,1004,0.11519976928642164
692,299,0.11519757215131125
692,379,0.11519287287364477
2,78,0.11519202092577832
1162,642,0.11518757477825232
9,196,0.11518299762149461
144,414,0.11518224824209419
692,739,0.11517910371879121
692,255,0.11517643892042721
840,810,0.11517255947359507
144,721,0.1151716863454354
184,316,0.11517054901298661
295,1094,0.11516871255981023
1006,357,0.11516610210954698
919,846,0.11516269284999364
100,874,0.11516064818694198
64,450,0.11515937351661859
184,1085,0.11515629362482563
9,565,0.11515614697388331
20,832,0.11515249511883899
692,64,0.11515206466202092
692,727,0.11514943763457151
2,923,0.11514643063453955
1162,807,0.11514330137171068
840,448,0.11514122661196613
1162,1177,0.11513656177606513
804,615,0.11513586976048755
144,87,0.1151325524681716
64,184,0.11513093713806268
1064,1114,0.11512904674304399
64,919,0.11512418004416326
986,1183,0.11512332762877298
778,816,0.1151213858200372
251,615,0.11511811649775958
356,716,0.11511644855475042
9,112,0.11511434596581469
64,558,0.11511073331347639
9,492,0.11511024214908118
356,358,0.11510340370925523
9,465,0.11510277765756241
804,115,0.11510212206333904
295,768,0.11509618531591846
919,783,0.11509466585414868
9,1038,0.11509403421853562
986,942,0.11509279083184423
919,28,0.11509260423323905
778,271,0.11509130429772059
1006,630,0.11508946414635793
716,332,0.11508869267317696
1064,1048,0.11508833392456262
804,1111,0.11508734106366167
355,411,0.1150871218530694
840,897,0.11508496060512408
355,501,0.1150841616401022
9,1115,0.11508408984433305
919,938,0.11507937933067254
843,387,0.11507747506647961
144,1059,0.1150754385825563
986,385,0.11507185572418084
843,460,0.1150699922091307
804,59,0.11506958164804451
944,770,0.11506757809324977
2,670,0.11506109620736382
2,527,0.11505300300362326
919,455,0.115052798953091
356,823,0.11505068558917844
100,76,0.11504386443263788
840,864,0.11504233263353808
1162,290,0.115041666172533
692,979,0.115041371129015
804,991,0.1150358311613425
843,1092,0.1150346490056882
100,1063,0.11502678600894978
919,657,0.11502338936845494
1162,108,0.1150231119779659
355,88,0.11502019839311566
778,132,0.11501791073746519
100,544,0.11501748128606899
715,970,0.11501482073504633
577,447,0.11501370221241423
843,524,0.11501137422700798
944,1000,0.11501048216179506
2,55,0.11500984179165981
804,312,0.11500919858181415
843,816,0.11500682701812188
100,815,0.11500594296180146
692,142,0.1150026396572158
843,521,0.11500203222662066
692,402,0.11500202443843349
1064,330,0.11499865591523711
184,361,0.11499739364093745
100,202,0.11499658219233815
184,939,0.11499381656469747
692,290,0.11499332038923513
840,887,0.11499212481555457
944,678,0.11499145237311396
769,448,0.11499117583357689
778,465,0.11498992463396085
20,793,0.11498944387483814
986,1045,0.11498917866500498
9,838,0.11498511498697399
1162,205,0.11498482246018685
577,1158,0.11498367065038223
144,18,0.11498170230422262
919,887,0.11497951464347295
919,1052,0.11497631681488762
919,432,0.11497276896321962
804,209,0.11497083122420705
356,571,0.11496691220567595
144,689,0.11496339946394123
251,529,0.11496252600932771
778,446,0.1149602206968573
577,689,0.11495876296944312
692,812,0.11495666722571836
184,578,0.11495090282831844
20,1036,0.11494929224577144
64,279,0.11494651517444168
295,31,0.11494476011971497
712,711,0.11494240158129387
1162,591,0.11494117225551606
919,74,0.11494054090383567
9,772,0.11493978760510375
919,749,0.11493751584557332
1064,73,0.11493715735551518
577,979,0.11493688310536176
1064,930,0.11493613365976252
9,71,0.1149330491454662
716,797,0.11492966771425683
919,403,0.11492886075126747
1006,804,0.11492480499003155
843,951,0.11492347759059535
146,606,0.11492045172488022
1064,599,0.11491860966639031
144,270,0.11491810578110585
9,690,0.11491194471512708
986,413,0.11490921360018252
840,274,0.11490848820713007
351,40,0.11489981453585582
100,1001,0.1148974943576016
144,8,0.11489454076654079
692,432,0.11489307389663937
2,944,0.11489294246792942
919,90,0.11488365754189403
716,974,0.11488279641090769
840,119,0.11488261344871933
716,694,0.11488247112791027
843,22,0.11488002027521596
804,1103,0.11487706446987044
1162,540,0.11487531411115333
962,433,0.11487505991441781
251,1189,0.11487273666305926
843,927,0.11486943254724147
692,674,0.11486874840398739
840,371,0.1148680752833781
986,828,0.11486243925049186
840,826,0.11485500518393506
692,519,0.11484833353072232
100,354,0.1148467115972619
100,294,0.11484016859028286
1006,680,0.11483918696559522
1064,657,0.11483811366160229
840,131,0.1148376294170838
1064,1061,0.1148330263310932
843,272,0.11482886906938478
2,254,0.11482878083444635
356,1134,0.11482855429197321
1064,136,0.11482842518106524
100,716,0.11482756983100116
778,749,0.11482631366151902
1006,684,0.1148258034851095
843,767,0.11482207319583297
100,12,0.11481529796677582
184,228,0.11481519750186887
804,919,0.1148147014201468
184,447,0.11481441825217087
716,982,0.1148140512480816
100,242,0.11481043121266069
1064,496,0.11481041500536585
144,876,0.11480922527646038
184,329,0.1148053724282966
840,559,0.11480359100818467
351,528,0.11479862818267021
9,80,0.11479768016170673
962,559,0.1147918627484603
944,292,0.11479181411883724
184,1165,0.11479160036715864
100,37,0.11478677684841933
20,1114,0.1147844944529836
1162,982,0.11477877349294617
692,1189,0.11477855227923861
1162,724,0.11477592787573482
355,272,0.11477545514249404
355,982,0.11477462922462167
843,19,0.11477278876946642
1064,1027,0.11477188675477178
804,520,0.11475951770564616
692,929,0.11475268810082452
840,92,0.11474864034014924
184,786,0.11474833820986895
295,30,0.1147475238682529
692,635,0.1147408763238359
843,887,0.11473483338244922
100,692,0.1147342416132051
184,464,0.11473289492072827
778,502,0.1147312156031824
100,46,0.11472974661676055
144,248,0.11472547672910959
962,165,0.11472180388306612
2,189,0.11471647311492121
843,890,0.11471553888462661
1006,448,0.11471042421707227
356,621,0.11470605642707635
100,1105,0.11470466705554754
804,759,0.11470104574947497
2,743,0.11470042099624729
144,704,0.11470014377868328
962,288,0.11469732280570255
1064,55,0.11469537897859894
944,152,0.11469449889592896
184,1080,0.11469405196825302
919,853,0.11468570726646368
1064,1137,0.11468490991919134
295,118,0.11467999984997578
9,311,0.11467677369170948
692,688,0.11467105260918246
962,990,0.11466539281711276
778,297,0.11466423957598387
840,247,0.11466189048646115
843,559,0.11465178987070847
100,383,0.11465092797221871
1162,952,0.11465085363961161
1162,902,0.11464775050690039
692,778,0.11464689729112236
295,686,0.11464443963420068
351,1131,0.11463915547507621
144,422,0.11463650667364861
919,399,0.11463496032261954
9,343,0.1146344487975347
769,616,0.11463200718579043
351,562,0.11462758589342584
840,30,0.11462412561023545
351,915,0.11462167680341011
2,578,0.11461007160470957
100,602,0.11460943908422716
144,27,0.11460688969766854
100,217,0.11460649440044617
712,332,0.1146063501708998
1162,335,0.11460533694863825
840,182,0.11460481216839717
778,708,0.11460361929683839
962,671,0.11460297445338401
9,844,0.11460192040448193
9,208,0.11459906361093658
9,1123,0.11459656006403955
778,48,0.11459281779799446
9,473,0.11459157601677768
1162,659,0.11459004638911745
919,985,0.11458962930158446
184,473,0.11458932938023109
804,1159,0.11458569119010506
1064,247,0.11458531419890462
251,932,0.11458383140530462
1162,539,0.11458282652808612
843,240,0.11458129428969598
9,624,0.11457804868613947
804,1124,0.11457061825296165
804,675,0.11456820927689793
804,322,0.11456621314232307
295,1044,0.11456301893962549
2,747,0.11456221449128871
1064,217,0.11456069940245905
716,46,0.114560404206698
1064,1079,0.1145591542653427
100,177,0.11455652273913551
355,1085,0.11455487400176377
184,500,0.11455392582521869
778,242,0.1145524040984839
100,1027,0.11454766444205626
9,743,0.11453981265584488
843,160,0.11453848745398433
144,482,0.11453241692316785
144,205,0.11453022370708645
2,271,0.11452741803138976
843,419,0.11452278861661393
1162,240,0.11452143781998152
295,930,0.11452110729544167
804,560,0.11451973390969734
9,101,0.11451786766670811
295,886,0.11451571302295681
778,40,0.11451144770889772
692,368,0.11451139134388756
9,1048,0.11451003369893202
944,273,0.11450922863639204
804,347,0.11450501938147277
840,278,0.11450433377862952
9,932,0.11450373643378436
692,758,0.1144999274295879
356,467,0.11449821043664743
986,91,0.11449625523790107
840,833,0.11449562237448692
962,414,0.11449558847359237
9,849,0.11449498960426246
144,74,0.11449476739991267
144,182,0.11449283807305964
716,1107,0.11449099577872061
840,491,0.11449065493545532
843,946,0.11448719639258606
9,549,0.11448136590650783
843,412,0.11447968478423305
9,1188,0.11447899136101919
1006,1031,0.11447827057676814
295,674,0.11447566319280673
804,584,0.11447554439424601
804,142,0.11447230663622587
100,629,0.1144702832724059
184,27,0.11446963259961948
843,656,0.11446761972686657
986,279,0.11445721372179643
9,1086,0.11445528152190047
840,1001,0.11445506202334546
986,481,0.11444871156129646
840,62,0.11444768722601775
962,879,0.11444518062521739
184,831,0.11443758371969584
100,1143,0.11443656015428647
804,532,0.11443596305318247
1162,184,0.1144355163251426
251,485,0.1144330554711338
1064,575,0.11443113951042176
778,100,0.11442740015095094
843,548,0.11442305517193362
843,334,0.11442240943508793
986,219,0.11442059426085209
804,561,0.1144198969031566
144,285,0.11441933965601618
778,1200,0.1144187735032216
804,42,0.11441843892123088
1006,249,0.11441696354634834
692,34,0.11441435559796868
919,905,0.1144129891585043
692,417,0.11440573313306888
843,650,0.1144050756106506
1064,604,0.11440047145187693
692,1035,0.11439934415045755
840,1190,0.11439285973227016
9,158,0.11439152974370312
146,576,0.11438725820910327
843,1000,0.1143868083115359
778,524,0.11438671979075278
355,629,0.11438602533352142
919,684,0.11438558081951877
778,553,0.11438314676539064
778,1043,0.1143812545867578
962,529,0.11438077968255694
144,1159,0.11437920381603968
144,212,0.11437855654983872
843,1008,0.11437853479809883
351,663,0.11437324297818434
778,1168,0.11437263220865816
716,892,0.11436777777735214
804,55,0.11436567941349485
1064,360,0.11436136070798571
843,727,0.11436078163412437
804,647,0.11435380949657299
1162,768,0.11435375783256653
144,554,0.11435223052072208
843,207,0.11434784014536581
1162,190,0.1143468824179312
20,627,0.11434514873990939
144,155,0.114344728876048
778,969,0.11434365315191194
1162,1004,0.11434357312852439
840,221,0.11433833794859603
100,786,0.11433700703468509
778,991,0.11433621965151666
692,527,0.11433562367516986
144,36,0.11432378592782079
295,1171,0.11432295823733953
1006,331,0.11432193987204448
840,898,0.11431475685972071
9,379,0.11431459989560609
944,761,0.11431189273652449
100,520,0.1143064113650568
804,369,0.11430244969873342
778,885,0.11430127594353218
2,1186,0.11429516163312095
843,683,0.11428640691131384
295,318,0.1142858531685601
840,331,0.11428546960403059
9,226,0.11428323689559383
804,522,0.11427492449663348
356,479,0.11427490221026848
692,48,0.11427467323018418
2,725,0.11427365065257505
144,13,0.11427046177281873
356,108,0.114269295916751
1064,481,0.11426722388346551
1064,506,0.11426643058925019
356,235,0.11426524871208825
840,720,0.11426300158660295
356,868,0.11426191116787514
1064,583,0.11426150798324956
919,877,0.11425999877369923
295,1076,0.11425900606437402
2,360,0.11425741993030623
804,931,0.11425621757638212
184,356,0.11425313213992871
100,759,0.11424948693577526
1064,317,0.1142488368833391
355,697,0.11424793831808641
804,1008,0.11424689004816306
804,800,0.11424032229789159
986,547,0.11423936231330535
355,829,0.11423857740418673
144,168,0.11423698515299369
20,212,0.11423691890079749
962,738,0.11423587864851058
843,319,0.11423381895782865
1064,784,0.1142302412032768
356,1166,0.11422607064946458
356,916,0.11422516891826374
919,107,0.11422199830006113
840,618,0.11422169130340946
355,770,0.11421815232358949
295,293,0.11421174809276996
20,851,0.11421014949455359
1162,820,0.11420880811872024
9,319,0.11420773818423431
144,52,0.1142062535625601
184,549,0.11420492544388668
184,1119,0.11420059289768585
184,13,0.1141984415618903
843,643,0.11419763262830135
692,90,0.1141942387013335
986,724,0.11419337050072759
144,635,0.11418773650668532
843,181,0.1141852899107871
184,644,0.11417446670542475
1064,295,0.11417377836256566
356,351,0.11417364063609674
100,784,0.11417356216256538
1064,303,0.11417263239123775
986,427,0.11417086770153362
100,384,0.11416090993915645
1006,755,0.1141606627929936
355,960,0.11415865479465918
986,1150,0.11415399699598883
716,306,0.11415227790032349
944,474,0.11414802097595965
251,956,0.11414709660936631
100,111,0.11414685001901992
843,1035,0.11414556339428616
804,1126,0.11413363770311348
351,385,0.11413293952332186
840,1136,0.11413264414862491
2,273,0.1141319542373182
692,3,0.11412760214483195
577,943,0.11412637754234149
1064,1138,0.11412583515505265
577,1019,0.11412573595999281
1162,545,0.11412358321453407
184,1073,0.1141196659631868
2,941,0.1141147624067966
778,296,0.11411314669367777
100,772,0.11411211026202314
919,405,0.11411126451102847
919,598,0.1141091113045357
692,1008,0.11410673305032433
716,975,0.11410658751921234
20,525,0.11410657531670869
840,713,0.11410634564526678
2,167,0.11410605370715261
100,212,0.11410365803518072
144,1148,0.11410234783463441
986,394,0.11409364728009691
919,599,0.11407797084194647
840,944,0.11407615409488141
840,1031,0.11407380640528345
716,81,0.11407351260611087
778,261,0.11406918292322245
146,571,0.11406770803751135
184,412,0.11406763378066676
146,386,0.11406552054016367
843,1178,0.1140625126316959
2,1115,0.1140620460813628
778,416,0.1140619729985705
2,736,0.11405963424158641
2,698,0.11405958248369043
962,129,0.11405590322801502
778,168,0.11405404081641402
100,390,0.11405334162121883
840,620,0.11405120493552455
2,546,0.11405019074758473
144,775,0.11404678615686463
577,368,0.11404217266270349
9,880,0.11403652478448838
804,1183,0.11403385940862468
962,30,0.11402748567199963
2,605,0.11402524443357973
2,65,0.11402395437044639
840,543,0.11402369773573821
986,438,0.11401805236306717
804,819,0.11401796894251635
9,165,0.11401676328285759
1064,584,0.11401376854478275
962,494,0.11400886253717522
919,1091,0.11400736542851746
9,798,0.11400201755999513
20,1095,0.11399876048927188
804,1027,0.11399869111111662
986,1043,0.11399609523283381
351,94,0.11398956106141928
778,482,0.11398608452466705
251,1101,0.11398475342447358
295,47,0.11398284175681873
100,62,0.11398091050510742
778,1121,0.11398018518380432
716,341,0.1139797633297653
986,35,0.11397462377568776
1162,26,0.11397462011864018
804,1194,0.11397345825575542
144,28,0.1139729545979903
295,918,0.1139709414601647
843,242,0.11396879553894923
2,1022,0.11396772532043296
100,873,0.11396706393149605
1064,1031,0.11396539754120082
184,1122,0.113965344179394
1064,760,0.11396181429360477
577,441,0.11395728913792227
2,1003,0.11395474867147976
9,1066,0.1139543738999488
184,882,0.11395426015167859
692,683,0.11395278450128207
804,501,0.11395134070749442
1006,674,0.1139497981974542
100,769,0.11394896689171478
144,732,0.11394851626897706
919,1046,0.11394664650987028
712,485,0.1139430846222423
962,640,0.11394284481260923
9,215,0.11394213170139109
9,33,0.11393996953784127
100,1100,0.11393927671820898
919,551,0.11393856914786837
20,903,0.11393678247594666
184,51,0.11393510530606674
20,642,0.11393303110114368
919,145,0.11392500533108785
804,320,0.11392428460354953
295,371,0.11392326500073194
843,1203,0.11391148984439001
840,595,0.1139042082421574
9,314,0.11390138819381034
1162,833,0.11390089264757829
356,336,0.11389868319303108
919,734,0.11389487753106153
100,208,0.11389446181726809
144,100,0.11388709122190081
840,457,0.1138861496452679
295,55,0.1138834010438172
9,662,0.1138803629791791
100,296,0.11387892242506004
692,125,0.1138701661549558
9,729,0.11386997572667562
692,808,0.11386935759861284
919,1140,0.11386856510243068
144,274,0.11386783763119464
986,996,0.11386490342036122
1064,855,0.1138645643009269
944,915,0.11386357879814675
20,10,0.11386114896805001
919,132,0.11385551587649309
100,1068,0.11385357264760751
1064,150,0.11385320736928713
1162,180,0.11385261733687983
716,904,0.11384920351132824
804,1105,0.11384574231130166
20,342,0.11384567887441914
2,1000,0.11384507764473692
100,834,0.11384492830528842
9,1196,0.11384169887942244
144,366,0.11383674977579214
9,329,0.11383647258967555
692,304,0.11383552781860284
184,862,0.11383139374856817
962,915,0.11383139301571667
2,451,0.11383137786660012
355,146,0.11382990976975638
146,999,0.11382930008173676
351,277,0.11382794759840129
986,335,0.11382603423612533
1064,544,0.11382079939204437
184,1127,0.11381926857717413
144,425,0.11381738836277847
1064,198,0.11381689470551994
919,886,0.11381396713506677
1162,55,0.11380553105100942
778,504,0.11380187824115076
692,390,0.11380117211676212
804,921,0.11379794523446422
100,914,0.11379667122927802
2,801,0.11379639172029928
804,1121,0.11379568983953908
840,1100,0.1137936194815579
1162,893,0.1137860088676813
986,837,0.11378518728691198
778,359,0.11377865443229072
251,1190,0.11377398685384739
804,652,0.11377284849510128
843,49,0.11377202822613054
804,941,0.11377130250452717
20,762,0.11376834615808493
1162,578,0.11376449139815245
840,893,0.11376111237047572
986,170,0.11376016821609615
919,1196,0.11376007107394855
769,249,0.11375626154796295
355,1114,0.11374749034573897
100,344,0.11374203194985891
840,659,0.11374113294022732
2,129,0.1137403603359425
184,773,0.11373939568931415
804,1148,0.11373706348230318
840,746,0.11373682102900164
843,296,0.11373585358237266
146,1112,0.11373538579671529
295,558,0.11373500454966555
184,1096,0.11372664281175782
1162,512,0.11372459293895607
184,47,0.11372301451713485
778,1085,0.11371559394781489
184,1159,0.11371380026638153
778,476,0.11371230827743045
351,884,0.11371166479758416
778,513,0.11370898664450398
986,320,0.11370713275430487
295,1104,0.11370630607690976
840,77,0.11370438911419745
144,645,0.11370328969850314
100,572,0.11370319575062769
692,550,0.11370202420092088
251,446,0.11370126252030631
144,1052,0.11370064356388901
944,431,0.1136983926127566
769,114,0.11369735342490127
356,597,0.11369640046523072
100,369,0.11369416510792371
100,389,0.11369210387307754
2,1024,0.1136905117135279
9,54,0.11369025836788155
100,255,0.11368837072196873
804,260,0.11368740190034736
986,424,0.11368736628141526
1162,587,0.11368703656155331
184,259,0.11368117706153794
804,1031,0.1136810074398802
692,817,0.11367805970909052
919,279,0.11367585180737749
100,1166,0.11367231233084882
840,1062,0.11367085320329177
986,201,0.11367049013520729
716,37,0.11366977721270974
295,42,0.11366221871157571
692,32,0.11365796218391204
100,269,0.11365654124116234
919,71,0.11365587007081056
2,178,0.11365412214555685
778,676,0.11364853744516877
64,738,0.11364439478811682
100,50,0.11364353318776786
100,434,0.11363846992709858
100,949,0.11363570172676449
840,133,0.11363413171410273
184,315,0.11363315635274215
692,1093,0.11362539433907622
944,762,0.11362295025968303
1064,65,0.11361584078197365
2,962,0.11361388613027645
1006,206,0.11361026529836957
2,411,0.11360990808747626
64,314,0.11360957529769238
843,602,0.11360940581169852
9,485,0.11360496960190064
355,448,0.1136045028258104
184,710,0.11360312191483013
184,445,0.11360308691385813
778,674,0.11359981075881478
184,390,0.11359845439256369
100,945,0.1135983252969417
778,433,0.11359798165415548
9,839,0.11359748007830806
356,768,0.11359411335988398
778,979,0.11359400107203142
295,328,0.11358918479263651
840,86,0.11358795624466358
356,735,0.11358334356921908
100,392,0.11358207251958406
1006,974,0.11358093616207705
9,996,0.11357798603130681
295,786,0.11357625554358959
1162,754,0.11357526690257307
351,817,0.1135741257271732
1162,221,0.11357078847537491
778,22,0.11357010764338495
843,231,0.11356749157605302
1064,1140,0.11356585816127855
144,800,0.11356544552296867
692,718,0.11355957502306756
1064,646,0.11355754349909822
843,76,0.11355390820548508
986,34,0.11355153969391933
840,933,0.11354939384329858
778,35,0.11354906634942177
577,502,0.11354729692241065
100,232,0.11354603108690565
778,847,0.1135435071897602
355,92,0.11354156763833512
986,1125,0.1135405885436871
843,508,0.11353984154733589
100,1197,0.1135344846194719
716,1150,0.1135330727073163
295,883,0.1135292301933185
840,694,0.11352921816443891
2,20,0.11352871068252254
962,1004,0.11351851212887817
919,981,0.11351826530782769
100,565,0.11351812787519383
100,560,0.11351567146237906
962,99,0.11351535129780264
251,226,0.11351006840807248
843,484,0.11350942586924234
843,1192,0.11350054410843993
144,810,0.11350019198322217
144,426,0.11349909346804998
804,513,0.11349903909921259
144,1093,0.1134980305994395
804,910,0.11349381321339756
840,1105,0.11348976296679518
692,128,0.11348636791842946
144,160,0.1134831733319221
986,177,0.11348232701747814
9,999,0.11348230455385253
64,999,0.11348150966993856
100,1005,0.11348014661931644
778,82,0.11347990174279701
20,865,0.11347722560860982
9,709,0.11347555291258311
146,415,0.11347275729683055
355,205,0.11347161927194432
2,1183,0.1134678585907732
9,1024,0.11346680265024536
778,55,0.11345978835412136
840,58,0.11345369911704367
20,913,0.11345297479310122
184,699,0.11344586159087287
919,1057,0.11344290142771958
1064,1018,0.11344033429256747
144,846,0.11343996878733396
184,1157,0.11343957893751033
986,16,0.11343951523367111
778,295,0.11343755257437874
692,893,0.11343576688950426
843,134,0.11343387785102245
919,394,0.11343287493942343
778,69,0.1134299775754756
1162,91,0.11342944034874188
144,543,0.11342711663030461
9,181,0.11342360057293895
9,154,0.11341696036420823
421,969,0.11341284357376612
356,964,0.11341151930001755
144,710,0.11340468743103704
692,977,0.11340040681578316
144,701,0.11339545174830341
804,1106,0.113395136665417
184,673,0.11338680092353541
144,376,0.11338574172129667
716,342,0.1133852430609379
100,34,0.1133847083181623
840,550,0.11338430910238154
2,807,0.11338323002570048
295,400,0.11338305628509136
944,40,0.1133825233587243
1162,1064,0.11338062485932651
2,584,0.11337934604164951
692,821,0.11337760731707903
1064,565,0.11337579737596029
919,304,0.11337459753624353
919,585,0.11336766989450492
840,599,0.11336646211432501
840,879,0.11336545568698232
944,11,0.11336460300066158
919,216,0.11336395852065158
1162,384,0.11335903386820925
804,242,0.1133552045449687
1162,70,0.11335268555581318
2,1060,0.11335230643310415
804,833,0.11335012114807368
100,1047,0.11334973436799134
9,113,0.11334603555448099
100,1020,0.11334471685545301
1162,985,0.11334119107708114
9,814,0.11333843305869337
840,88,0.11333749219327488
2,540,0.11333737956194358
843,749,0.11333688217586023
778,77,0.11333664196487855
778,646,0.1133361424724241
2,687,0.11333481241749467
1064,331,0.11332975241256718
2,331,0.11332858883732239
804,19,0.11332854232767765
986,400,0.11332727499798485
716,987,0.11332542619141779
962,899,0.11331886714715556
804,847,0.11331677235057329
692,109,0.11331539005273251
962,865,0.11330700472672084
356,1087,0.11330500336648751
919,93,0.11330380349551855
251,50,0.11330294842682738
356,249,0.11329862942193863
843,681,0.11329423468423915
9,1105,0.11329341038220607
778,176,0.11329176336954055
144,410,0.11328961677348576
355,972,0.11328931560313128
919,890,0.11328464681048947
100,1106,0.11328228831828582
184,100,0.11328220170987162
144,580,0.11327825947220958
840,249,0.11327733040874402
804,1081,0.11327028287415108
144,547,0.11326815957695172
944,41,0.11326652599849613
2,646,0.11326337858228434
1064,783,0.11326281893671922
712,1036,0.1132625908443087
804,992,0.11325976257881101
840,1173,0.11325863444380231
804,517,0.11325685711651384
840,1065,0.11325546513850877
1162,103,0.11325369065959487
778,775,0.11325354845974758
692,57,0.11325112756886017
919,109,0.11324146473968712
64,974,0.11323775827747014
778,1023,0.1132375901713768
9,1119,0.11323746702076963
100,455,0.11323603684067511
100,875,0.11323458079075814
1162,1059,0.11323316604918077
804,239,0.11323000371995352
1064,1089,0.11322946690507699
840,1199,0.11322876786513247
840,701,0.11322641917315827
778,935,0.11322611781933514
144,616,0.11321857052738277
804,951,0.11321706493033473
919,157,0.11320448485283406
100,568,0.11320364163309092
2,181,0.11320141943593395
295,1183,0.11319793162673907
840,788,0.11319759870837535
9,515,0.1131967100184123
100,245,0.1131903667904652
2,755,0.11318856937481304
356,887,0.11318791677077053
804,599,0.11318729568416992
100,454,0.11318719472806443
1162,981,0.11318710433051042
919,976,0.11318597868216684
144,1140,0.11318560230090949
840,882,0.113184435105981
778,800,0.11318330576822665
840,525,0.11317548854241868
1162,175,0.11317331887848339
100,375,0.11316971265046909
804,908,0.11316942240857607
840,405,0.11316882879261075
1064,849,0.11316652937581123
2,829,0.11316620819046622
840,1073,0.11316520723615775
146,231,0.11316520184012768
184,389,0.11316466634745667
100,1018,0.11316360926863048
843,221,0.11316091702729111
144,125,0.11316088150756412
804,426,0.11316051337196519
843,786,0.11315767240553537
146,438,0.11314890652195446
778,855,0.11314643994234655
577,938,0.11314592133847114
1064,872,0.11313063074253106
716,755,0.1131241744426838
144,132,0.11312326508507467
100,1167,0.11312055774450389
9,912,0.11311993597937633
9,965,0.11311694449142505
20,755,0.1131152812004797
251,1000,0.11311006510601877
804,1110,0.1131094947547753
962,290,0.11310771836944679
100,566,0.11310681798059088
64,779,0.11310661795478182
919,363,0.11309314783761225
843,527,0.11309133264804672
716,97,0.11309120646303444
184,951,0.11309039458568436
144,176,0.11309001441419794
9,65,0.11308857150827187
843,168,0.11308733357070702
778,948,0.11308640566993677
840,180,0.11308080269451588
919,78,0.11308049937881678
295,1176,0.11307863844904693
355,37,0.11307767852263881
1162,644,0.11307167379203475
804,779,0.11306786977568672
944,374,0.11306749318496069
962,616,0.1130614503042399
919,1087,0.11305945456194971
295,305,0.11305934675190352
100,493,0.1130555336368756
692,35,0.11305201368724223
577,864,0.1130418880834624
144,148,0.11304179967349304
1143,619,0.11304132179861398
351,610,0.11304064935630066
251,425,0.11303997438538443
692,1196,0.11303293752313254
100,1107,0.1130325524405153
295,29,0.113031869098828
962,153,0.11303152582352051
577,607,0.11302919578386583
1162,616,0.11302745958279592
716,79,0.11302662742897855
778,258,0.113022258616195
184,134,0.11301741792328074
1064,302,0.11301689754998108
1162,778,0.1130137151735598
355,589,0.11301371074619435
184,760,0.1130136469705083
355,834,0.11300446662675338
351,90,0.1130015309672872
944,708,0.11300018543108868
356,641,0.11299847931901874
919,635,0.11299349661882738
716,596,0.11299211718107517
184,671,0.11299166038885215
144,303,0.11299127484686505
356,756,0.11298691821826401
295,331,0.11298571546660359
804,48,0.112985301331068
986,896,0.11298485926529189
20,1090,0.11298136147068352
1006,1024,0.11297456717290115
840,3,0.11296058166247457
692,830,0.11295498090253406
840,774,0.11295434557716293
295,866,0.11295365314548377
184,1103,0.11295320567537033
843,629,0.11295256915141565
804,818,0.11295228247547404
843,991,0.11294981326570949
251,1037,0.11294372816148315
144,437,0.11293955682938295
986,37,0.11293560098480171
944,444,0.11293389422048197
804,763,0.11293209705518661
251,798,0.11293154359863082
184,168,0.11293120238490052
2,70,0.1129300743431065
919,428,0.11292751612866796
778,243,0.11292521892474278
2,264,0.11292493997055836
843,781,0.11292137918909535
184,762,0.11291954610907998
1064,1162,0.11291718208308894
769,915,0.11291510503510468
144,259,0.1129138099961382
20,1201,0.11291354758786001
144,933,0.1129117230147184
356,632,0.11291092055329886
1064,289,0.11290944274836803
986,172,0.11290769336943303
351,564,0.11290137033396043
919,768,0.1128935520858216
100,442,0.11289027563959766
986,959,0.11288371952823371
184,721,0.11288125860644188
577,710,0.11287998166394887
9,1194,0.11287877240980854
251,65,0.11286969111696199
1162,418,0.11286922394489218
1162,665,0.11286690281720643
356,1115,0.11286565807274103
804,278,0.112865202494582
184,50,0.11286224688166524
843,10,0.11286029167692692
20,139,0.112856630956711
692,260,0.11285474086537901
778,989,0.11284811367184681
778,21,0.11284588170233446
919,760,0.11284575507687632
146,577,0.11283903963261172
919,229,0.11283358646007118
986,264,0.11283161674123722
804,565,0.11283133834694362
1006,298,0.11283097820822229
2,715,0.11283040062668974
843,157,0.11282947629415202
778,871,0.11282767319724223
1162,448,0.112826912253904
840,54,0.11282624529550939
146,331,0.11282594430233159
295,728,0.1128245226212464
146,1179,0.11282158034452405
20,662,0.11281757133175153
840,737,0.11281756112899924
804,359,0.1128163084543392
100,895,0.11280684519175965
9,548,0.11278991061257554
692,193,0.1127876161892227
9,11,0.11278672627315954
100,320,0.11278570304158232
712,550,0.11277927405999728
355,63,0.11277923932123751
356,1136,0.1127782848899765
100,961,0.11277796369517605
804,462,0.11277196892271289
251,644,0.11276840133115705
184,853,0.11276798953665094
692,1005,0.11276552726951318
804,25,0.11276282699871466
986,740,0.1127625884330902
778,615,0.11276085981497842
804,997,0.11275927491892201
295,1114,0.11275662160736413
146,351,0.11275477098728245
986,821,0.11275443312955649
804,368,0.11274798399713083
251,898,0.11274756872645267
962,62,0.11274666832804549
1162,855,0.11274413071552651
919,386,0.11274003303655784
2,640,0.11273807690398216
184,82,0.11273672667014263
840,8,0.11273590768473872
144,578,0.11273156513874502
804,1191,0.11272982843856039
1162,5,0.11272745845671925
144,522,0.11272655123291198
356,859,0.11272630429290814
144,1153,0.11272584331471702
64,288,0.11272295099204291
986,137,0.11272191269203798
100,889,0.11271746637332129
356,298,0.11271451171665343
295,738,0.11271272716592363
1064,417,0.1127121386115318
840,524,0.11271157445435664
100,758,0.11270971209761244
944,557,0.11270729466186544
1162,92,0.11270605231935454
295,372,0.11270570407283326
9,120,0.11270508281129074
251,464,0.11270275396914925
100,536,0.11270226726680656
146,525,0.11270225208819923
1143,114,0.1127011906273355
840,414,0.11270083782101727
146,463,0.1126998600753219
577,583,0.11269881597226132
778,11,0.1126988111547293
356,569,0.11269861223575726
712,778,0.11269737914025567
840,930,0.11269596185826786
144,409,0.11269541754406621
1162,663,0.11269346372592923
146,640,0.1126802302117378
778,240,0.1126768641091518
577,1088,0.11267608305303689
100,649,0.11267563468077241
184,1168,0.11267558824473478
692,14,0.11266861554896128
9,1140,0.1126664940532889
20,597,0.11266531099434428
843,1135,0.11266172076705669
100,151,0.1126591640558611
9,847,0.11265802562350286
986,120,0.11265458633483966
1162,1187,0.11265161579049962
840,213,0.1126510894748333
144,983,0.1126459747499444
146,325,0.1126382003339554
9,1026,0.11263640434849109
9,678,0.11263438369384729
295,53,0.11263039293944335
9,425,0.11262751882310233
9,954,0.11262187972457384
100,535,0.11262024303239687
840,73,0.11261823632508572
100,512,0.11261644634147341
356,636,0.11261024417823523
778,65,0.11260487157357546
184,145,0.11260446827949308
778,290,0.11259794340319872
1064,483,0.1125926930775604
2,733,0.11258941304252267
716,1175,0.11258364379027798
843,1020,0.11258234522779392
843,1200,0.1125816303554755
9,773,0.11258059867055106
9,57,0.1125796701051966
778,266,0.11257592849769206
184,938,0.11257421361712422
840,664,0.11256651514505069
2,859,0.11256561951360088
144,369,0.11256486978635558
804,870,0.11256350312963365
9,149,0.11256089225459065
1162,818,0.11255790946326262
9,7,0.11255748182022046
962,558,0.11255709603718793
692,1027,0.11255084583618477
184,567,0.11254690961312211
944,512,0.11254387489569705
692,442,0.11254121361426031
804,449,0.11253941986849603
840,577,0.11253919610053495
840,347,0.11253430884685274
919,366,0.11253406445125362
295,377,0.11252469465064516
843,851,0.1125240945056837
840,656,0.11252289912981786
356,1070,0.11252170409306686
962,1009,0.11251436040669542
1162,514,0.11251394353225622
840,1194,0.1125129539451715
692,213,0.11251196246386559
351,106,0.11250845149405739
1064,832,0.11250286108323823
804,102,0.1125025291315737
251,441,0.11249903347444114
251,1010,0.11249589743775745
1064,1103,0.11249585397329755
840,229,0.11249339629700794
986,796,0.11249029143840411
692,1036,0.11248981859275475
778,402,0.11248652797219884
962,982,0.11248613418055248
146,1009,0.11248312224344434
778,207,0.11248213792930296
804,897,0.11248202247392063
986,974,0.11248151006435739
1162,202,0.11248137212086566
804,157,0.1124795770536868
100,904,0.1124783412415846
184,993,0.11247669528767298
356,481,0.11247568001506357
1064,208,0.1124747600919191
251,993,0.11246839346984505
64,635,0.11246720789281225
100,653,0.11246427377447787
962,446,0.11246407403709183
100,576,0.11245899828405982
1064,724,0.11245565738227993
804,87,0.11245400026604922
356,393,0.11244691185229203
251,130,0.11244675171839563
1162,1154,0.11244338698563147
9,1020,0.11244160940971729
2,476,0.11243987401100994
804,319,0.11243790057260483
184,22,0.11243734187774827
2,924,0.11243731724022894
840,767,0.11243625423425446
577,651,0.11243185612231145
356,754,0.11242837074115672
692,376,0.1124268858687853
944,760,0.11242517670691761
9,926,0.11242418767115211
1064,399,0.11241892636253997
184,766,0.11241838666602864
944,789,0.1124182151571336
295,947,0.11241792582057297
962,19,0.11241641244116699
919,448,0.11240657284433841
843,539,0.1124049138123452
9,501,0.11240369424795106
64,386,0.11240367745940501
184,1045,0.11240353363073098
840,1024,0.11240164511225831
804,287,0.11239894719050703
1064,1104,0.11239831048560706
100,127,0.11239813878971765
804,538,0.11239700836359906
20,619,0.11239673241801461
778,970,0.11239334690296111
843,1019,0.1123906379980076
1064,128,0.11239012265383277
962,1038,0.1123886218148253
144,833,0.11238822606320518
944,756,0.11238712568232374
840,1081,0.11238027592320551
843,184,0.11237205449332432
100,685,0.11237199246393507
9,47,0.11236668610116791
1162,987,0.11236589565252579
944,358,0.11236093774943864
355,812,0.11235935555708915
20,879,0.11235638389957697
804,564,0.11235298695148352
692,548,0.11235237437074193
1064,1178,0.11235170222131995
144,813,0.11234882059253799
355,778,0.11234635691308337
1006,764,0.1123451822174479
1064,1174,0.11234335841406082
962,649,0.11233710586728919
840,1113,0.11233692138399445
144,1091,0.11233046324373461
1064,667,0.112329716149673
840,168,0.11232884087742086
144,907,0.11232880720605104
144,921,0.11232564844052391
295,508,0.11232432069609821
778,108,0.1123225735105769
716,475,0.11231976916785053
1064,1008,0.11231729627311039
919,1133,0.11231587427024373
840,1106,0.11231534956135836
184,694,0.11231364051360865
9,449,0.11231251748593774
144,598,0.11230377827593928
692,1157,0.11230157321419604
144,192,0.11229962029966493
251,728,0.11229886072298421
840,564,0.11229702114527088
1162,23,0.11229660164088055
1064,1020,0.11229619694082262
144,504,0.11229358281765028
840,317,0.11229098117858187
944,203,0.11228906386871483
351,152,0.11228488008493946
692,928,0.11228320869762996
184,484,0.11228201195155565
146,992,0.1122793355597928
9,1019,0.11227871404714007
146,1036,0.11227827283181774
184,1027,0.11227726659709866
919,322,0.11227602535792869
692,11,0.11227582321731468
144,473,0.11227526612196712
100,506,0.11227290850245995
356,570,0.11227278145620297
944,715,0.11227095604581884
778,890,0.11226214996555385
778,934,0.11225881977836268
144,229,0.11225854262432289
144,343,0.11225662849781874
778,233,0.11225394756094123
1064,63,0.11225388330338613
843,1089,0.11225236409656002
100,439,0.11225137643942883
100,659,0.11225068785084556
986,542,0.11224757870695744
840,112,0.1122467064267277
355,1202,0.11224360665438707
840,954,0.11224005378568419
692,1119,0.1122368749485151
1162,16,0.11223229828223802
356,473,0.11223218040228135
1064,1033,0.11223185088376905
356,545,0.11223161171147575
1162,489,0.1122314096886305
1064,608,0.11222350384388398
692,744,0.11222316353365917
1162,1148,0.11222289819925145
251,718,0.11222168677270307
804,36,0.11221973222815579
184,302,0.11221907102732859
2,1143,0.11221796786084162
295,787,0.11221659469266963
778,45,0.11221652663734033
295,506,0.11221627109602612
20,540,0.1122129741909169
692,561,0.11221202248897331
2,763,0.11221041788178657
962,854,0.11221000043347784
184,539,0.1122040617174573
1064,1199,0.11219625435626077
1162,832,0.11219146084654559
184,843,0.11218993882374989
2,1064,0.11218664052854958
9,563,0.11218163010903939
804,946,0.11218117296394177
356,971,0.11217940578189457
804,484,0.11217936250908914
9,816,0.1121781953119945
692,343,0.11217457163658225
804,70,0.11217287723657131
692,55,0.11217281448654881
804,817,0.11217248381942176
100,741,0.11216975377842299
986,297,0.11216973026046292
9,701,0.11216928261995349
840,108,0.11216869814098318
919,557,0.11216750795083402
944,355,0.11216679127329698
1162,231,0.11216563186783958
944,10,0.11216353810983194
919,561,0.11216276360520414
962,41,0.11216226525420514
962,8,0.11215107340860972
843,696,0.11214747937159023
184,1049,0.11214659478725199
251,406,0.1121458822214449
356,438,0.1121439009750299
843,583,0.11214131868031754
2,35,0.1121374514940137
1162,1046,0.11212847488781993
1006,714,0.11212833076761458
919,294,0.11212795250388657
804,182,0.11212729649828773
1143,219,0.11212639780542556
100,655,0.11212615395656646
20,122,0.11212476739956595
804,695,0.11211710624648867
712,179,0.11211679511650721
919,753,0.11211383479214262
295,134,0.11211241651413832
9,877,0.11211185482126934
986,1104,0.11211132316256564
843,611,0.1121111066785758
986,960,0.11211099422979322
778,947,0.11210728879899738
20,263,0.1121067994190791
778,872,0.11210629459886498
2,753,0.11210413825200297
295,756,0.11210034708367744
692,328,0.11209498944590764
2,504,0.1120924755650086
962,630,0.11208372503819727
184,229,0.11208294843419388
100,662,0.11207800431859338
986,46,0.11207557516087907
962,769,0.1120745217117161
919,650,0.11207327678267852
843,989,0.11206603763203705
9,585,0.11206601252302897
962,52,0.11206364889310179
804,33,0.11206315173725444
944,1109,0.11205796213459517
1064,821,0.11205737837523713
834,1106,0.11205710715172583
144,140,0.11205697303313351
9,366,0.11205146312679982
778,572,0.1120497527069294
9,1023,0.11204737095654105
986,1162,0.112047320065162
692,80,0.11204716609139176
251,22,0.11204074381621457
804,934,0.11203861036246904
1162,83,0.11203712861786626
692,25,0.11203443426293677
778,896,0.11203376947506193
1064,328,0.11202891133993748
184,70,0.11202791588507742
356,31,0.11202585126995006
919,956,0.11202291170361169
919,108,0.11202260100759168
9,462,0.11202259306739873
295,546,0.11201771926448363
692,1193,0.11201629421424596
295,288,0.11201052850593951
804,82,0.11200785077299467
184,934,0.11200596076698391
1162,1181,0.11200461894461333
840,630,0.11200434454211457
1064,727,0.11200131062884006
840,1043,0.11199881731841307
356,790,0.11199837741957286
184,294,0.11199683393576894
692,65,0.11199603586069816
144,359,0.11198859817849219
100,527,0.11198843557688609
100,404,0.11198353529225077
778,629,0.1119722455171101
1064,1093,0.11197073073509925
840,513,0.1119642006092418
351,1134,0.11196395972516787
962,187,0.1119632667095018
962,697,0.11196317729940822
1162,655,0.11195622321660137
251,623,0.11195466624617241
843,193,0.1119539907132672
1162,708,0.11195027978485549
9,205,0.11194992284228227
769,10,0.11194990581062528
144,390,0.11194901117281825
843,394,0.11194628899940819
295,1070,0.11194138386685899
184,320,0.11193940440229323
251,572,0.11193898933062187
1162,715,0.11193676220371813
184,1014,0.11193490418634108
9,853,0.11193352518922695
1006,662,0.11193076063363581
356,1118,0.11192974028178848
146,939,0.11192834177811513
251,1062,0.1119281435435861
986,1063,0.11192798132077522
778,602,0.11192770063405649
295,748,0.11192564628023109
692,792,0.1119232043428781
692,865,0.11192249988179227
146,677,0.11192215539563764
986,51,0.11192163828402527
1064,974,0.11192023421730987
295,941,0.11191759224389115
962,524,0.11191250475412315
144,629,0.11190963046437803
356,309,0.11190208302689462
100,962,0.1119000856543619
144,548,0.11189768090241192
804,996,0.11189762128241645
986,511,0.11189415396177194
356,1176,0.11188837667709138
692,106,0.11188791617162253
251,52,0.11188784251384314
144,688,0.11188663162224868
251,45,0.11188136942403232
2,573,0.11188050239408776
843,800,0.11188033692443114
1162,371,0.11188025267834589
962,522,0.1118782536685109
1162,11,0.11187757812500296
577,885,0.11187687147714052
986,779,0.1118765956461132
144,1117,0.11187510587026515
100,246,0.11187089505042695
64,640,0.11186867831156676
100,141,0.11186336492055797
1064,741,0.1118621103451431
804,985,0.1118587109789147
251,1127,0.11185823938813952
295,337,0.11185757377508239
355,614,0.11185717080244643
295,662,0.111855468171726
2,1120,0.111845383777724
100,1025,0.11184405300258426
577,649,0.11184109737709812
804,441,0.11183678069529805
986,143,0.11183510041576498
355,727,0.1118346505557456
1064,432,0.1118338587901807
2,970,0.11183165290650743
716,399,0.11182798374451092
144,290,0.11182675092669733
840,50,0.11182397139667355
919,201,0.11182064834176024
1006,159,0.11182028319578229
778,101,0.11181932726292151
778,130,0.11181779378542661
919,275,0.11181506108821573
356,533,0.11181150249540468
962,623,0.11180836146241543
843,579,0.1118058841407501
840,549,0.11180150611504729
962,813,0.11179963272745369
9,305,0.1117939924133478
692,629,0.1117895079947388
919,1073,0.11178713230508867
184,916,0.11178486236372105
144,862,0.11178296880367869
9,199,0.11177862695292577
9,1035,0.11177604231384787
144,766,0.11177539418782456
843,909,0.11177369708537749
919,320,0.11176849635029514
944,488,0.11176729942054012
843,131,0.11176711446495635
919,1193,0.11176605438209448
804,107,0.11176558001157122
962,1010,0.11176441326127402
919,819,0.11176431781764586
840,1153,0.11176418451870274
184,720,0.11176247993571026
2,10,0.11176095294309957
9,168,0.11176067357350225
840,142,0.11175986499641735
9,99,0.11175646130043455
1162,940,0.11175487344654524
716,391,0.1117541431121191
100,683,0.1117512815493838
64,1106,0.11175103241899133
843,66,0.11175101423923714
1064,925,0.11174905338628777
843,212,0.11174560194078946
840,176,0.11174501389341936
804,629,0.11174476867217975
251,1075,0.1117409710392889
144,1119,0.11174087833732635
962,578,0.11173060795683615
146,451,0.11172376748442814
840,976,0.1117226378776115
64,1011,0.11171974756212444
962,839,0.1117196498346411
1162,493,0.11171721555156118
184,303,0.11171161354738128
778,464,0.11171132380729468
804,1125,0.1117103530751308
356,114,0.11170875934160276
146,425,0.11170623650797068
778,1006,0.11170616135890218
804,379,0.11170584165221525
184,704,0.11170410277309416
144,615,0.11169772846111939
1162,546,0.11169757227148996
144,692,0.11169635723038769
919,175,0.1116866029727269
9,399,0.11168443387192267
919,1093,0.11168259817862848
2,212,0.11168061165425448
144,954,0.11167632501995318
355,788,0.11167605607282695
184,109,0.11167321148413745
919,1010,0.11167320104729796
692,1010,0.11167079112334587
20,476,0.11166067345781042
919,1095,0.11165313472966124
962,834,0.11165302999112821
778,1148,0.11165205772232005
919,935,0.11165092766380075
804,436,0.11164141540764372
962,208,0.11163882678508683
804,458,0.11162263850177541
1143,8,0.11162212348603578
144,715,0.11162042838832303
1162,1095,0.11161965529679573
295,475,0.11161960319333268
986,255,0.11161918027558992
577,22,0.1116185315995644
144,583,0.11161280476996426
100,147,0.11161263897409023
843,63,0.1116124260594557
1162,162,0.11161209662589222
1162,76,0.11161029096882945
9,1177,0.11160978366685313
20,1000,0.11160938028146723
944,1106,0.11160860814985396
9,571,0.11160822425702793
804,887,0.11160770532317796
577,376,0.11160548873459893
716,159,0.11159874638942394
840,926,0.11159832318249518
355,864,0.1115982215043646
692,493,0.11159547215166442
804,720,0.11159435395514332
356,791,0.11159171608101537
804,1016,0.11159094250586112
840,399,0.11158724958274524
577,265,0.11156807352322691
1162,284,0.1115674291683162
144,893,0.111562813320063
2,953,0.1115587805196554
146,1076,0.11155744123827474
251,1200,0.1115539671879683
778,880,0.11155261856734805
20,3,0.11154754820709499
295,769,0.11153505038084958
919,629,0.1115332764044724
1064,772,0.11153065225484254
692,1077,0.11152836345384218
356,396,0.11152592007671273
778,559,0.11152045604336482
1064,1170,0.1115162552140242
692,602,0.11151588091775802
804,663,0.11150703870794988
804,980,0.11150455128537345
356,1185,0.11150328470529262
146,1181,0.11150021430544303
804,44,0.11149947373386179
1064,347,0.11149760856139809
356,463,0.11149682614918
1064,753,0.11149663396453664
1162,158,0.11149576213859395
962,1001,0.11149498169647827
986,684,0.11149489218901715
100,1008,0.11149198970618321
295,8,0.11148885719418354
944,72,0.11147969390733085
184,794,0.11147788389896597
1006,1029,0.11147773919801644
986,983,0.11147769165648047
577,177,0.11147338370371158
251,315,0.11147300975181657
355,1153,0.11147296696120883
20,703,0.11147138247111092
843,106,0.11146866899762237
100,665,0.11146712152800126
20,887,0.11146711858966565
356,273,0.11146655558831593
840,516,0.11146625406201728
804,465,0.1114661779660468
1162,680,0.11146303915768468
1162,662,0.11146277268303782
778,76,0.11145842856544949
100,193,0.11145840934923389
9,232,0.11145381768439633
184,1000,0.11145368944157544
184,544,0.11145222326245872
840,385,0.11145212896866391
9,960,0.1114511412418774
692,766,0.11145072419133384
295,1125,0.1114459067182626
1064,759,0.11144563498337813
9,15,0.11144521575349411
144,1089,0.1114438593826606
356,1107,0.11144242862782813
20,136,0.11144211613082411
100,517,0.1114412292402929
804,11,0.1114317937108113
778,231,0.11142803179048259
295,946,0.11142771433790578
843,516,0.11142360753823052
1064,1122,0.11142263291489042
944,204,0.11141985944692918
843,759,0.1114155102221613
778,78,0.11141471506752322
1064,356,0.11141295393072434
144,964,0.11141268165965283
962,788,0.11141029226309036
356,667,0.1114083140252761
295,952,0.1114075474959024
986,831,0.11140156086090545
843,659,0.11139730671721318
295,550,0.11139506178963397
184,847,0.11139285359471521
778,276,0.11138816556876462
295,196,0.11138376867874131
2,580,0.11138200354365993
840,938,0.11138088568822357
840,492,0.11138044981115816
1064,996,0.11137562833408413
778,337,0.11137548893212529
804,913,0.11137388809036228
692,1138,0.11137154368814092
778,467,0.11137058680041585
100,32,0.11136972752648863
919,1034,0.11136630016629309
2,783,0.11135557360291755
986,153,0.11135551894511256
716,485,0.11135450763697444
804,491,0.1113501747537243
1064,790,0.11134955092914686
184,846,0.11134813681923753
577,94,0.11134532625867134
355,623,0.11134429821798589
144,1149,0.11134384853905153
295,657,0.11134125188746401
692,1176,0.11134057303351051
840,1141,0.11133739597472052
843,1129,0.11133267860369156
804,340,0.11133230481000513
919,617,0.11132764362605478
778,503,0.11132326886374484
944,1070,0.11132321647561404
1064,371,0.1113191390740295
843,69,0.11131893404979373
9,655,0.11131742785469219
778,746,0.11131736581298199
692,201,0.11131586419511257
577,261,0.11131570138384449
20,72,0.11131060881643652
1064,455,0.111309343312787
184,43,0.1113083224397015
184,1040,0.11130826379971055
2,473,0.11130744681210825
100,1175,0.11130451008827856
834,793,0.1113043761507424
64,137,0.11129581742960373
421,298,0.11129359252349101
919,259,0.11129345663589826
778,1004,0.1112898522141929
692,28,0.11128883766353277
184,585,0.1112871710221065
919,574,0.11128611679820813
251,98,0.11128489204492413
100,220,0.11128182857383326
840,972,0.11127990519129273
1006,715,0.11127879404767403
843,347,0.1112769206649288
843,871,0.11127581141593265
804,457,0.11127172126578841
840,1066,0.1112709776761479
962,993,0.11127066856644145
778,753,0.11127038190199334
355,915,0.11126646481116319
840,971,0.11126280731154835
778,548,0.11126252789491689
9,654,0.11125833471674637
295,724,0.11125767086587686
843,974,0.11124792813482161
184,394,0.11124516676151815
356,60,0.11124451531535608
251,356,0.11123712418347208
146,1175,0.11123701883100656
804,803,0.11123668433816267
577,1036,0.1112361566375534
577,115,0.11123582125799929
843,947,0.11123260667171467
251,187,0.11122900461376403
356,575,0.11122105355650884
295,198,0.1112174051025454
840,272,0.11121499935791719
804,1203,0.11121092074379188
715,915,0.11120380360707284
100,199,0.11120371444634788
251,539,0.11119125746385548
843,744,0.11119121859789545
355,554,0.11118991912408017
251,650,0.11118933208827621
1162,340,0.11118923103279675
843,1170,0.11118897908675114
1064,242,0.11118745661235975
144,1037,0.11118583101621131
843,513,0.11118491378381047
100,540,0.11118460867302633
9,704,0.11118362668848122
20,374,0.11118161428460187
356,297,0.11117737275393517
804,229,0.11117681260099481
962,635,0.11117516620459168
944,1005,0.1111729059076569
715,692,0.11116593383884725
100,328,0.11116424140882467
184,839,0.11115759510309282
804,298,0.11115598269869971
64,677,0.11115426997025273
9,468,0.11114839634807622
778,551,0.1111445506247857
986,757,0.11114329903600366
144,939,0.1111420099109034
843,925,0.11113751928246646
804,62,0.11113599256515094
251,259,0.11113320281412013
1064,744,0.11112772788401137
356,38,0.11112770809622857
184,755,0.11112695565075598
251,144,0.1111193744304744
2,320,0.11111700320830452
716,90,0.11111547030504532
840,28,0.11111416986836116
778,905,0.11111188561670772
840,484,0.11111179498362979
184,1035,0.11110468298386757
295,1185,0.11110464577906418
962,163,0.11109759814682986
804,358,0.11109665649972224
144,134,0.11109050852017369
840,662,0.11108812370619638
692,822,0.1110851314908275
778,278,0.11108494959538483
356,881,0.11108047748242102
804,746,0.11107960593488186
843,603,0.11107847622216753
716,804,0.11107823138295983
840,76,0.11107635267969398
100,542,0.11107010089604412
840,548,0.11105623989387725
840,275,0.11105614241156858
962,591,0.11105180053571576
769,834,0.11104917417951735
843,704,0.11104746179265217
986,611,0.11104236188856512
184,997,0.11103810438893548
843,1039,0.11103302694590683
184,521,0.11103210046699759
356,254,0.11103120801071
100,684,0.11103106261873319
778,720,0.11102558284919979
843,70,0.11102496969244002
1064,699,0.11102485708843049
1064,1121,0.11102058455362786
295,1026,0.11101583543530827
100,717,0.11101496910298023
2,213,0.11101339566597909
251,6,0.11100832078789528
356,830,0.11100313486399534
843,121,0.11099961977588478
9,272,0.11099468451390622
100,523,0.11099329183656528
944,395,0.11099209796627116
840,140,0.11098984911733527
9,43,0.11098783000593693
2,905,0.11098525676350746
184,425,0.11098200185378218
184,1158,0.11098001595350719
9,398,0.11097988781991797
100,612,0.11097475811757836
804,548,0.11097197416144647
944,787,0.11097142752128503
577,576,0.11097097853130794
9,479,0.11096966232864469
804,228,0.11096697433527469
804,1030,0.11096568511231042
9,203,0.11094454231965652
692,21,0.11094447372628663
356,1131,0.1109400563613615
962,1075,0.11093366939506934
20,778,0.11092952830838392
100,762,0.11092731907932281
100,640,0.11092697762703259
692,1030,0.11092465152753021
295,807,0.11092266099751245
251,1053,0.11091777813040846
100,310,0.11091004183254778
356,377,0.11090998236110376
356,453,0.11090750815431256
840,793,0.11090712087742591
144,931,0.11090158470333655
1162,111,0.11089953449750864
804,76,0.11089467642007114
804,1138,0.11089269565799628
251,815,0.11089237604358797
986,188,0.11088938798692437
9,407,0.11088514124164295
356,787,0.11088061185421158
9,789,0.11088036117125424
692,1110,0.11087962215186635
716,281,0.11087094852896068
1064,40,0.11086999067839358
840,951,0.11086114453622065
840,663,0.1108592876262927
351,986,0.11085575759688836
144,713,0.1108505791301662
9,664,0.11084882180664832
356,448,0.1108470891517588
962,864,0.11084602310640625
100,81,0.11084333204801608
9,95,0.1108397997477494
144,878,0.11083626951463899
9,574,0.11082893874516946
356,1182,0.11082446588520398
184,1123,0.11082058459422704
804,542,0.11081901356864705
843,896,0.11081333302950823
986,1132,0.11081283432491712
986,68,0.11081274447359908
2,1124,0.11081014965482536
251,8,0.11081001359263595
804,43,0.11080929182456171
1064,225,0.11080793859678645
1064,512,0.11080362064347304
1162,1072,0.11080227491423819
146,221,0.11080143071186913
944,750,0.11079840676074379
2,364,0.11079701289003888
692,441,0.11079624034594951
778,980,0.1107950376653921
919,672,0.11079462967814692
778,473,0.11079251394251229
840,6,0.11079022597205203
986,891,0.11078784924762557
840,1202,0.11078750108228655
1006,219,0.11078669395593958
356,596,0.1107859798978606
2,3,0.11078377469884722
251,484,0.1107836241823744
1064,750,0.11078216766501785
778,367,0.1107787562978285
1064,920,0.11077817351309181
843,1007,0.11077794137451362
351,41,0.11077534304596892
840,343,0.11077281304595961
962,179,0.11077191872355095
962,1092,0.1107689600554173
840,296,0.11076874986887571
2,407,0.11076218419303424
356,589,0.11075720320484062
843,255,0.11075683339164483
184,296,0.11075529585946135
843,695,0.11075393584693138
9,901,0.11075258918549577
778,432,0.11075118439974867
2,875,0.1107492047244729
356,430,0.11074827885288836
1064,1123,0.11074823533931248
843,794,0.11074414479016848
295,1168,0.11074114652873793
100,299,0.110738464456599
1064,1151,0.11073747372459039
20,1154,0.11073605162120552
944,439,0.1107357242676156
100,368,0.11073264326523015
2,1176,0.11073164104989829
356,714,0.11072641213897332
986,708,0.11072501788732123
692,970,0.11072474205538521
1064,976,0.11072027795397787
692,464,0.11071949790415539
100,374,0.11071897267963282
986,239,0.1107166584692037
843,952,0.11071356992147276
146,104,0.11071199607080422
919,546,0.11070700088601301
144,150,0.11070279967978597
184,465,0.11070189973726949
251,546,0.11070112702259106
100,667,0.11070025687685531
769,1095,0.11069757644546259
840,990,0.11069629110193734
251,986,0.11069440130986166
840,872,0.11069427692645684
2,925,0.11069324458598587
100,1160,0.11068731040703049
100,768,0.1106852816731871
986,8,0.11068434835180022
804,30,0.11068304632751441
692,905,0.11067983330109901
1064,489,0.11066984981516065
251,577,0.11066866098845833
843,32,0.11066745069942857
144,1020,0.11066644318683093
144,608,0.11066313848075211
1064,1110,0.11066283041518388
840,1200,0.11066135584110172
9,248,0.11066074320687902
692,887,0.11066027381525384
778,363,0.1106580481629451
100,1121,0.1106563751201308
919,826,0.11065510024517337
144,564,0.11065173732561245
804,948,0.1106499202190501
2,1168,0.11064679549182063
840,531,0.11064332127148226
778,641,0.11064052537944472
1064,74,0.11063600288554085
778,1156,0.11063141063368508
843,512,0.11063000302427078
144,379,0.11062982531697069
356,981,0.11061970166853018
843,1051,0.11061640208244808
778,335,0.11061421822256817
144,979,0.11061302985748674
804,667,0.11061009690180189
778,521,0.11060431270345474
804,659,0.11060319047915763
184,433,0.11059748679692376
100,1090,0.11059421069493795
146,665,0.11058787672886004
2,974,0.11058685414880537
2,436,0.11057891566997985
919,263,0.11057822250163492
184,248,0.11057044172463727
804,1020,0.11056994877688488
1064,513,0.11056962605332053
843,455,0.11056338673453323
962,1111,0.11056231504884412
804,269,0.11056171668840784
9,1180,0.11056069990163082
840,110,0.11056018626102675
692,241,0.11055035960723297
1162,887,0.11055027406136315
355,1176,0.11054902676159635
144,1092,0.11054588442088072
9,1189,0.1105427585913713
355,747,0.11054044242862317
355,1095,0.11053794654696601
986,289,0.11053395578791675
843,72,0.11053375778747843
804,979,0.11053235080883511
919,825,0.11052993705138292
355,182,0.11052854390414876
295,895,0.1105283330631279
251,302,0.1105240897404884
9,545,0.11051468634178413
144,1114,0.11051421666653782
962,603,0.11051057909178248
843,1119,0.11050875831922305
9,463,0.11050745295782355
100,722,0.11050395954505368
100,746,0.11050215870578041
840,647,0.11050093654851147
100,738,0.11049928256547119
9,1060,0.11049590532922164
146,357,0.11049434684182188
1064,734,0.1104901053644912
2,788,0.11047889352203799
9,535,0.11047819739313545
843,441,0.11047732507815596
1143,724,0.11047705990664926
9,527,0.11047566177325105
9,1137,0.11047468474498376
1162,913,0.11047410366436806
843,849,0.11047002516123573
692,120,0.11046921683997485
840,1071,0.11046840515086898
184,239,0.1104673524956631
144,411,0.11046579156807457
715,1053,0.11046340891786034
840,462,0.1104593610722283
184,54,0.11045388784602893
295,37,0.11045352900697261
9,708,0.11045063712137511
962,496,0.11044825057260911
692,326,0.11044797492876268
1006,699,0.11044340490097916
295,844,0.1104431593905399
804,303,0.11044279127524495
9,550,0.11043935313738368
843,671,0.11043729217411247
804,153,0.11043616553907332
692,1045,0.11043592909177428
2,30,0.11043586149108489
2,263,0.11043407096863325
1162,1029,0.1104299112269856
712,851,0.1104290987985709
778,1181,0.1104276494523007
962,1086,0.11042479693844566
986,925,0.11042478429626133
355,926,0.11041514768045266
1064,1050,0.11041293909437021
577,696,0.11040495935333441
144,208,0.11039468379493846
184,410,0.11039162891428297
944,667,0.11039050270234078
9,1147,0.1103895839252937
962,1181,0.11038931851862384
144,792,0.1103887037912191
804,860,0.11038386184470962
184,133,0.11038365277639633
962,329,0.11038352330440271
944,540,0.11038197107966655
356,771,0.11037640054553562
184,247,0.11037498419141657
146,794,0.11037482712085638
9,87,0.11036725597078823
692,1067,0.11036491940431972
9,391,0.11036368955725123
184,67,0.11035929192760259
9,400,0.1103592379353354
692,762,0.11035742457096438
144,217,0.11035678275444065
9,765,0.11035558553431787
843,77,0.1103544447470756
100,444,0.1103539028047695
9,631,0.11035374772861813
2,381,0.11035257651882535
804,125,0.11035090418505386
778,125,0.11034499852833604
9,8,0.11034474081654826
778,1135,0.11034208493812839
804,673,0.11034053313528726
100,564,0.11033639973742979
715,306,0.11033440705200945
295,588,0.11033254633062708
251,548,0.11033040327560707
986,148,0.11032307561846608
919,764,0.11032071290074606
1064,573,0.11031970871136176
356,427,0.11031641594880223
919,955,0.11031530478586558
778,956,0.11031351934981923
9,111,0.11031317499462008
840,847,0.11031235640853158
778,876,0.1103121802965017
251,595,0.11031090015106336
184,417,0.11031039481025133
840,886,0.11030787205237101
843,627,0.1103075903339276
919,547,0.11030648606404984
692,1181,0.11030314579052207
251,73,0.1103013181182634
1064,1150,0.11030094392517142
1162,974,0.1103006318630665
962,932,0.11029996940958117
986,887,0.11029829833644937
843,369,0.11029809327760512
184,343,0.11029658290658995
778,1041,0.11029507976524741
986,744,0.11029450526199434
778,1011,0.11029132412187809
840,2,0.11028462492458697
351,1106,0.11028329536994734
692,1038,0.11027594818830627
100,330,0.11027565252965982
840,365,0.11027058981631968
1162,256,0.11026866969221785
251,558,0.11026654681642835
356,514,0.11026595069400152
1064,682,0.11026147888548823
146,669,0.11026082982880829
1064,1193,0.11025954697958901
20,736,0.1102567208969238
986,463,0.11025528201689526
1064,359,0.11025456965715784
1064,354,0.11025452352741087
919,400,0.11025413439335145
843,294,0.11025207742374506
1162,725,0.11024541198540103
184,651,0.11024192396508031
295,418,0.11024184075030057
184,961,0.11024154535661149
1162,594,0.11023556747700453
9,581,0.11023466457586154
716,605,0.11023364118441736
20,692,0.11023032290930052
100,287,0.110230056418488
986,469,0.11022107630198151
778,1040,0.11021986417166364
843,1096,0.11021941161867123
184,101,0.11021935712861042
351,912,0.11021508243508492
944,454,0.1102092637806734
1064,990,0.1102071597572477
146,182,0.11020353242176215
2,891,0.11019514131763777
692,678,0.11019237000868945
840,602,0.11018891067353848
1064,237,0.11018604693395209
356,818,0.1101766259711987
843,217,0.11017551098079895
944,196,0.11017514990268967
692,63,0.11017370346944234
778,1012,0.11017369016137941
986,254,0.11017354831739593
1143,1074,0.11017123863461067
962,137,0.11016440991693412
1162,825,0.1101638467000062
843,1196,0.11015774559628044
840,1092,0.11015488590663935
843,522,0.11015336738927024
9,764,0.11014746180480701
2,32,0.11014341463960702
184,643,0.11014302761269122
919,297,0.11014300155579328
1064,786,0.11014142526186342
840,177,0.11014030739496752
843,1088,0.11013856534421443
840,334,0.11013833449255224
804,643,0.11013344446916822
2,929,0.11013311673940071
184,650,0.11013045661214327
251,740,0.11012671752512163
9,76,0.11012593301106846
100,603,0.11012570392649901
840,705,0.11012343247828642
577,424,0.11012147695865236
184,337,0.11011981424207443
840,18,0.11011601274275803
2,846,0.11011493629367455
1064,837,0.11010718928609772
843,104,0.11010552567540677
843,937,0.11010296614185659
144,652,0.11009964551294757
100,381,0.11009954183117006
1162,919,0.1100971906236294
692,560,0.1100951769890534
184,718,0.11009046973360262
144,320,0.1100891516877827
716,1098,0.11008849222284632
919,893,0.1100868931538286
692,870,0.11008687168659434
144,191,0.1100844667045957
9,459,0.11007818503067678
840,329,0.11007390905364425
804,792,0.11006850493215163
100,1000,0.11006671223009569
778,379,0.11006532797932463
843,14,0.11006525730242324
962,599,0.11006362707431022
251,691,0.11006349194206291
184,954,0.11006184871069653
840,689,0.11006105901004261
778,112,0.1100608370329347
100,960,0.11005988561241571
843,302,0.1100592501027557
1162,857,0.1100558178701911
692,385,0.11005572150707495
251,782,0.11005123131454492
2,593,0.11004792517592155
840,536,0.11004687925116828
840,718,0.11003796813249155
64,778,0.11003170681494533
184,19,0.11002777131618362
9,846,0.11002674287244081
2,1011,0.1100266563981958
804,576,0.11002394984740187
843,900,0.11002275698720469
1162,332,0.11001998241384571
843,674,0.1100146300374171
20,494,0.11001046821779478
843,885,0.1100101177661995
100,1071,0.11000992537283334
2,771,0.11000807020930772
355,302,0.11000543914142873
146,1157,0.11000082140665118
9,363,0.1099995973901298
144,1051,0.10999806077365566
843,1030,0.10999701819500857
184,620,0.10999681735615972
356,1130,0.10999622268067012
962,1085,0.10999509316197985
146,747,0.10998988192674845
1064,1196,0.10998919049654446
986,646,0.10998874634368212
100,1150,0.10998756950158772
100,980,0.1099838416903483
144,675,0.10998338758710975
184,524,0.10997686106724495
356,167,0.1099739129352945
9,244,0.10997270221788151
778,315,0.109962051635752
840,905,0.10995513536505871
251,414,0.10994898280535177
356,1180,0.10994274690083396
843,356,0.10993959072207654
843,772,0.1099388983751532
778,542,0.10993709259414877
9,735,0.10993405131572845
804,1051,0.10993311159132842
2,200,0.10992848862246773
804,630,0.10992770312452747
843,780,0.10992319033008464
2,497,0.10992248836220436
144,295,0.10992163796766942
295,865,0.1099184327862475
144,539,0.1099133163766243
184,535,0.10991174813126069
351,411,0.10990874136030788
184,659,0.10990757949701593
804,21,0.10990731742886928
2,332,0.10990028758500146
692,1066,0.10989847816120962
100,350,0.10989334020115697
9,1134,0.10989277784762945
184,618,0.10989204139383404
2,678,0.10988759393770142
184,933,0.10988643465419025
1162,632,0.10988378614070082
919,1181,0.10988030892082362
295,825,0.10987727387185077
1162,969,0.1098760766320387
100,460,0.10987315174881548
2,164,0.10986947352349957
1162,314,0.10986907454953872
295,973,0.1098674531833665
840,19,0.10986466887466567
9,123,0.10986394072629206
2,588,0.10986050792483976
2,324,0.10985906981246894
843,1106,0.10985843859207367
1162,1131,0.1098564907197917
295,234,0.10985598645843385
1064,1184,0.10985399833166176
804,747,0.10984922068348005
251,561,0.10984911096413182
251,1092,0.10984525079670587
919,914,0.10984097224435159
716,634,0.10984096695256232
355,546,0.1098401200643153
2,762,0.1098386899516483
577,486,0.10983668065065373
184,700,0.10983383948443914
100,184,0.10983300315366798
9,920,0.1098320011959446
919,940,0.10983052205384042
1064,59,0.10982703938188457
843,1068,0.10982658162389367
692,197,0.10982522163036687
919,1000,0.10982438594623528
100,792,0.10982172628579419
1143,155,0.10982072633167884
577,531,0.10981461466299047
986,216,0.10981226048189492
840,246,0.10980996710798988
100,648,0.10980777345919941
295,778,0.10980734344778839
356,126,0.10980633624967238
577,827,0.1098061123522455
840,485,0.10980602453116253
778,1114,0.10980562415192431
778,535,0.10980545875958098
778,981,0.10980504354899819
1006,727,0.1098031197897467
962,476,0.10980164706137106
962,669,0.10979530604001377
9,884,0.10979421749486384
146,332,0.10979385193892127
778,916,0.10979095566853904
1162,399,0.10978813805411715
184,28,0.1097876487192254
804,22,0.10978707755527464
1064,349,0.1097857446775852
804,1001,0.10978406173539745
919,589,0.10978228006023606
804,1150,0.10978098693241795
1162,712,0.10977885307563462
692,622,0.10977868944497442
804,876,0.109775495920094
919,427,0.10977018041711992
356,779,0.10976870125868834
295,771,0.10976850835159851
692,630,0.10976648701480712
1162,1149,0.10975704016512355
778,704,0.10974888794952649
295,875,0.1097474201257203
944,1175,0.10974699327111874
919,685,0.10974294281637142
1064,1131,0.10974234265278299
100,733,0.10974105730911415
295,749,0.10973198570834723
1064,585,0.10972984861039395
9,649,0.10972937311804827
1162,8,0.10972868497443633
184,148,0.10972629623770576
356,176,0.10972555755636272
295,1038,0.10972029568033637
251,417,0.10971985506810089
919,596,0.10971936457319863
251,549,0.10971916008170667
692,846,0.10971596229364085
100,760,0.1097018221367364
692,320,0.10969316994023609
355,674,0.10969281341935118
251,445,0.1096923019642045
778,480,0.1096905878873576
184,608,0.10968989035032624
986,103,0.1096874491021164
840,827,0.10968604197794568
692,547,0.10968324064961725
64,715,0.1096819154797413
778,358,0.10967495456133136
251,117,0.10967428167122807
778,259,0.10967267734290492
778,833,0.10966980244571703
986,58,0.10966956901193552
962,798,0.10966785334187475
144,10,0.10966738693266087
843,1100,0.10966677177655404
778,14,0.10966612952051141
144,433,0.10966608625603713
184,642,0.10966453664853307
100,550,0.10966191388147957
184,1203,0.1096551350114082
20,582,0.10965133155869887
778,695,0.1096492543500819
356,78,0.10964149793747394
692,460,0.10964091135186044
355,221,0.10963901512701034
1162,1032,0.10963751206771595
840,732,0.10962853910294057
144,905,0.10962719353231111
944,912,0.1096243254460535
843,1066,0.10962239925565992
804,226,0.10962028258896034
9,902,0.10962011758787922
356,424,0.10961991431247338
843,1154,0.1096198637758866
843,823,0.10961783063242221
251,366,0.10961698716186635
986,223,0.10961679124811904
843,822,0.10961619643238477
1162,346,0.10961570705287961
843,101,0.10961461395788405
20,681,0.10961096922539247
962,372,0.10961029455882731
9,28,0.10960231120709271
100,10,0.1096010669047557
184,166,0.10959665643124256
778,1196,0.10959549307294625
840,1027,0.10959283033657073
840,772,0.10959233523520633
778,1048,0.10958974289908247
840,1196,0.10958728189976566
716,806,0.10958290425777607
1064,910,0.10958123578016529
9,437,0.1095781709402662
251,899,0.10957720266336199
577,876,0.1095744536630725
100,872,0.1095743302706031
716,1077,0.10957343806814984
2,589,0.10956842440021607
843,775,0.1095677272421025
804,1157,0.10956257083624436
804,109,0.10956233925729837
919,1072,0.10956004578925117
144,886,0.10955985594856142
804,678,0.10955552022657204
778,376,0.10955343954521612
986,78,0.10954553885185388
356,986,0.10954245530978263
1064,508,0.10953025873281451
144,209,0.10952885439219899
919,355,0.1095277817632031
356,380,0.10951413252818676
843,1074,0.10951347463182089
944,338,0.10950978785813215
356,4,0.10950818329108297
692,517,0.10950596225288857
962,696,0.10950583666646778
295,755,0.10950566771320946
9,1169,0.10950392863547115
184,401,0.10949878377049146
251,668,0.10949816823588351
184,270,0.1094963735919401
251,664,0.10949426934691601
840,916,0.10949320465016862
962,683,0.10948818967822015
840,1123,0.1094796488335375
2,831,0.10947877278214065
100,430,0.10947485286631187
20,424,0.10947436516856253
184,245,0.10947300252450974
778,131,0.10946992649548767
356,1086,0.10946800577963672
20,1082,0.10946677800016259
355,298,0.10946527762984712
840,535,0.1094628788749591
919,1066,0.10945378872216482
1064,653,0.10945250556398183
840,248,0.10945222933141976
692,325,0.10944585793757854
2,150,0.10944289161661075
840,325,0.10944169380437252
986,711,0.10944002934238016
804,132,0.10943505502125928
986,287,0.10943490206609555
962,312,0.10942828002221741
919,740,0.10942794682065597
778,1068,0.10942779843163085
144,21,0.10942752428432273
962,911,0.10942394756612721
840,1040,0.10941732724608792
144,130,0.10941658579908074
840,766,0.1094158971909408
804,768,0.10941355472361346
9,452,0.10941000594229977
20,674,0.10940960860046706
2,1167,0.10940543200268865
919,828,0.10940260439837715
184,872,0.1094004353549966
1162,684,0.10939780554388162
804,1043,0.10939191913390697
9,1171,0.10938901220565184
356,918,0.10937895456580066
843,635,0.10937809814846483
919,459,0.10937733303944502
778,604,0.10937527119456945
184,42,0.10937476627187637
100,336,0.10936894965246456
356,748,0.10936738368134856
184,935,0.10936279010745496
577,226,0.10935888552986618
295,665,0.10935788458202443
840,302,0.10935593032396225
1064,914,0.10935581607855542
843,792,0.1093544197879311
778,1025,0.10935177153472976
295,443,0.10934407517928574
840,672,0.10934251355658214
843,80,0.10934047543642869
146,671,0.10933899560026238
9,526,0.10933757062990891
355,540,0.10933721812950667
1162,810,0.10933322921679262
692,764,0.10933225464365143
804,672,0.10932975161812475
355,663,0.10932957321591542
100,964,0.10932482672925883
100,40,0.10932003025699477
692,307,0.1093126111035066
355,913,0.1093103870914605
144,965,0.1093056840983034
804,122,0.10930557428089947
2,97,0.10930473917403474
144,265,0.10930436674742602
356,257,0.10930208680796084
144,201,0.10930172599360163
843,960,0.10929755072880883
144,962,0.10929425245165743
251,43,0.10929344498361244
251,1108,0.1092920682999496
356,952,0.10928882758667967
100,729,0.10928840665967945
144,864,0.10928752208387046
9,321,0.1092874830561574
843,433,0.1092858250575101
962,86,0.10928239415012157
9,103,0.10927921769473366
840,690,0.10927782745396142
295,906,0.10927723864105365
804,1193,0.10927117196992304
355,288,0.10927041343523052
778,927,0.10926770075377774
355,571,0.10926657044723014
716,660,0.10925619943067526
251,1158,0.1092559173205839
577,246,0.10925576100332988
2,372,0.10925370584763706
1162,822,0.10925186002150025
2,399,0.10925082694457734
778,986,0.10924700986947415
9,1201,0.10924279828140099
356,408,0.1092420063031197
184,75,0.1092401366659927
840,319,0.10923335743842932
804,563,0.1092308758452863
843,1157,0.10922786864346573
962,747,0.10922732312297369
840,915,0.10922700471628681
840,34,0.10922615835434357
1162,756,0.10922344132210116
840,912,0.10922284797865812
2,659,0.10921683888207988
100,597,0.10921060933110048
2,1093,0.10921055667964755
840,47,0.10920400248926343
692,399,0.10919943941066088
9,1176,0.10919320766561004
9,547,0.10919080419793945
840,101,0.10918950537605061
804,608,0.10918911827240121
919,329,0.10918859665877077
20,774,0.10918833230697464
804,902,0.10918677397266958
840,187,0.10918605498932797
1162,479,0.10918419997949141
184,764,0.10918416833353356
2,633,0.10917913838372964
1162,455,0.10917701806884623
2,865,0.10917576610033855
778,1096,0.10917262749847739
840,758,0.1091707612111466
144,786,0.10916630577035519
716,699,0.10916379525749526
355,783,0.1091634140017613
295,440,0.10915967759000783
778,1027,0.10915642152594107
295,811,0.10915444275901943
919,1176,0.10915417643845211
295,994,0.10915410325062509
295,383,0.10915363971281423
356,504,0.10915028912579816
9,874,0.10914790784198808
804,193,0.10914644020141517
1162,975,0.10914593130351014
100,695,0.10914342617401517
9,310,0.10914157000273761
64,24,0.10914112450755241
9,778,0.10913965656619821
840,439,0.10913312306038558
9,222,0.10913236078673294
100,1079,0.109132359372
184,898,0.10913096166190984
1064,1019,0.10912218067629796
843,811,0.10912142148952321
184,363,0.10912071964235233
692,46,0.10912020642910679
962,1007,0.10911819080577831
716,362,0.10911779646521412
944,448,0.10910810420447419
356,686,0.10910440458447644
778,455,0.10909898311314574
962,878,0.1090987974512797
692,418,0.10909355981147448
144,288,0.10908968402594094
840,1181,0.10908858561731158
144,601,0.1090836403683948
1162,812,0.10908057331744034
144,997,0.10907851923421463
146,89,0.10907589577735796
1064,561,0.10907462595541027
919,748,0.10907147267857144
146,269,0.10906851557883819
9,396,0.10906713076259407
184,565,0.1090644879128484
840,13,0.10906298330750105
9,306,0.10906163672593527
843,790,0.10906027871385084
100,1046,0.10906023421036053
146,141,0.10905637864935074
144,572,0.10905384235657622
840,555,0.1090535997517288
577,847,0.10905036220669696
184,1134,0.10904877109383632
295,216,0.10904798379427717
251,620,0.10904682478543348
64,237,0.10904649307632151
944,305,0.10904639241805672
778,1066,0.10904548078656415
840,1045,0.10904482768574464
840,173,0.10904479752261746
778,127,0.10904240928796376
184,736,0.10903977795682772
843,285,0.10903951099146064
840,1007,0.1090389498991062
692,646,0.10903818685222749
804,290,0.1090357981351463
804,896,0.10903145369869054
804,52,0.10903107322006042
962,1018,0.10903103731002058
804,783,0.1090273811309341
295,162,0.10902667146614649
804,550,0.10902569696996017
944,641,0.10902548370775467
2,1134,0.10902208870014646
144,353,0.1090194029638678
804,1119,0.1090191195319631
295,461,0.10901848864354226
356,1047,0.10901557038383328
804,898,0.10901428676936428
692,659,0.10900828469022744
919,504,0.10900114922785557
692,741,0.10899175750215077
692,617,0.10899024735672481
144,131,0.10898650604340501
100,589,0.10898622590525947
1162,956,0.10898570217396804
804,961,0.10898469179634723
100,476,0.10898075269721505
146,755,0.10897999199013556
1162,407,0.10897776324911258
144,302,0.10897698811233904
184,652,0.10897624024915839
355,3,0.10897524700601237
100,826,0.10897501037113543
778,157,0.10897475032277054
356,630,0.1089704246715314
577,1103,0.10896494503506328
295,438,0.10896481410485577
144,1181,0.10896341396037487
804,764,0.1089600898693948
251,1089,0.10895843764399013
577,691,0.1089577455848703
100,11,0.10895732612566378
692,1137,0.10895372684621005
184,108,0.10895161372871084
840,790,0.10894881335349055
2,995,0.10894738002040429
962,89,0.10894261888738192
986,313,0.10894145858219004
712,89,0.10894011888561585
919,861,0.10893916285287267
9,444,0.10893876134963885
692,174,0.10893514196228841
919,357,0.10893127051476181
251,75,0.10892301036684753
716,466,0.10892024476937476
184,1048,0.10892023184909407
1064,819,0.1089144446889488
944,541,0.10891120590229747
692,1194,0.1089110000582264
919,891,0.1089061810854484
716,963,0.10890475201425355
356,1015,0.10890222771206329
840,368,0.10890198917377444
1064,985,0.1089017452644713
944,235,0.10889955414216729
962,386,0.10888318310692556
962,66,0.10887873258333808
184,890,0.10887365781687562
843,288,0.10887338274868537
804,1012,0.10887248406056636
692,917,0.10887012311032554
843,1167,0.10886814376600966
146,1053,0.10886755101900938
251,525,0.10886602459978209
919,895,0.10886555919379659
919,945,0.10886294977617911
9,151,0.10886270048379215
184,205,0.10886158777214999
295,320,0.108850165107256
146,617,0.10884900661173337
1064,454,0.10884559043662329
840,1050,0.1088452598147843
778,177,0.10884429551935787
355,473,0.10884274441697278
1064,1095,0.10884219355070433
843,593,0.10883708755325544
1064,695,0.1088284561652356
2,1104,0.10882805664017403
184,49,0.10882661082598433
962,65,0.1088233626925226
144,1191,0.10882192191574003
251,880,0.10882150047161372
778,1194,0.10882148264197249
804,276,0.1088203082761404
778,319,0.10881339551671217
843,416,0.10880938860308698
1162,525,0.10880904328939811
9,287,0.10880839531760225
9,741,0.1088052765182139
804,815,0.10880300190533755
919,972,0.10880280249525237
9,20,0.1087936637632832
840,285,0.10878190231269752
144,991,0.10878186551234248
986,616,0.10878007649157517
840,546,0.10877986962985223
919,852,0.10877494479170903
840,824,0.10877235557288269
692,16,0.10877175710039398
804,1067,0.10876867956777823
184,575,0.10876386360369267
20,421,0.10876144404683503
184,213,0.10875959809362136
804,566,0.10875747127451102
184,48,0.10875035957291328
1162,830,0.1087493535083234
100,445,0.1087458238435464
843,1093,0.1087429879252758
1162,522,0.10874232490548598
1162,624,0.10873874044654985
144,94,0.10873579025392187
712,110,0.10873556544739
1064,333,0.10873398864325547
577,228,0.10873224186718998
356,912,0.10873106052121327
1143,24,0.10873049218842797
144,1081,0.10872913545431433
251,1181,0.10872554779780035
716,424,0.10872308924296127
295,889,0.10871778073088356
144,1062,0.10871667819227551
100,703,0.10871656459454868
251,692,0.10871579647705473
100,736,0.10871067679875487
100,1162,0.10871043279979219
843,893,0.1087090680896658
692,597,0.10869285441426874
251,939,0.10868949903525112
840,1148,0.10868770769907302
1064,826,0.10868369366641552
9,667,0.10867744812497546
716,912,0.10867570472124881
577,107,0.10867225329383094
184,1178,0.10867080394171665
355,1076,0.1086690613249891
1162,81,0.1086668211778101
692,31,0.10866516017654625
2,729,0.10866218883643347
1162,164,0.10866153048876834
295,1175,0.10865821960637086
843,1079,0.10865819518809244
144,772,0.10865726159931033
9,420,0.10865714372628872
9,225,0.10865567050696687
804,397,0.10864708584729661
100,337,0.10864406380789574
843,454,0.10864255480430042
184,1184,0.1086406506112263
251,862,0.1086335124210941
843,290,0.1086312373590256
146,558,0.10863096829239292
184,275,0.10863042383248467
144,260,0.10862837877662357
840,166,0.10862256231402583
944,1102,0.1086220604712297
804,604,0.10862124168632371
843,664,0.10862021703737526
843,584,0.10861238889154605
251,705,0.10861183161353713
919,1131,0.10860689120374578
184,684,0.10860330057030514
944,151,0.10860174276294206
251,179,0.1085918705302698
1162,429,0.10859079183421201
9,341,0.10858810517803501
1162,1000,0.10858430704420016
778,1175,0.10858162759927527
184,319,0.10857802295658424
20,764,0.10857258661390917
146,306,0.10857025670870395
9,297,0.10856787389483875
184,298,0.1085663029665177
355,642,0.10856488044450248
692,823,0.10856097201809008
843,45,0.1085564936694383
9,1096,0.10855154869740898
840,778,0.1085379673265223
184,778,0.10852381431495949
1162,473,0.10852373974597808
184,212,0.10852269370283048
184,546,0.10851746503562794
944,936,0.1085136247508016
184,353,0.1085102581031074
144,43,0.10851005031616655
1064,1157,0.108507251911601
100,845,0.10850443515367832
919,458,0.10850328809545925
1162,736,0.10850206594541237
778,1008,0.10849905784978067
840,468,0.10849753943964101
251,843,0.10849368168898343
986,450,0.10849325967823054
100,200,0.10849052984979365
919,490,0.10848860482715883
9,934,0.10848838567935151
577,1165,0.10848140293736368
840,527,0.10847756513362675
2,388,0.10847717077574083
144,767,0.1084770774322012
692,985,0.10847658426964228
20,587,0.10847632000482788
100,861,0.10847577598532156
9,663,0.10847537493569807
146,737,0.10847440823916758
843,975,0.1084732896115054
100,194,0.10847294402834161
20,38,0.10847203069390549
356,665,0.10846932302807401
716,891,0.10846757759633116
144,649,0.10846688697035925
577,165,0.10846602195178946
962,598,0.10846566478183417
100,388,0.10846176167521734
355,438,0.10845374527332566
144,1087,0.10844733371745419
251,1009,0.1084463250090304
2,871,0.10844372031192785
778,1079,0.10843524119652323
840,1061,0.1084349200063004
843,112,0.10842665603910413
778,229,0.10842540038115729
184,741,0.10842459935334729
692,535,0.10842235135796206
986,381,0.10842234067969055
778,410,0.10842034601549339
804,1035,0.10841975957874365
840,985,0.1084194635486445
251,48,0.1084109536855742
144,1049,0.10840707950700876
1064,197,0.10840298722868556
778,1078,0.10839832717317939
20,236,0.10839685962249372
144,442,0.1083920877665094
144,161,0.10839150642766868
919,205,0.10838924422453423
1006,264,0.10838859905547975
9,564,0.10838793159382365
843,359,0.10838638778226817
146,517,0.10838411376806266
834,967,0.10838155023989088
843,1155,0.10837888031454958
184,1149,0.1083774226266932
840,783,0.10837631068563834
184,1026,0.10837431904936556
355,967,0.10837369162305677
840,1157,0.1083723697561081
778,59,0.10836718472238753
144,22,0.10836458479526062
100,428,0.10836020803925589
1006,1084,0.10835627397596165
840,130,0.10835054278982689
251,908,0.10834848269420846
1143,332,0.10834268229439446
295,1004,0.10833800000275949
778,1051,0.10833597175758423
716,923,0.10833574912107073
1162,824,0.10832534504390359
919,188,0.10832314090530624
184,46,0.1083223765196266
144,1077,0.10831969124054301
840,560,0.10831714024011174
986,1002,0.10831623553418243
184,177,0.10831554106333312
295,699,0.10831305607823474
804,81,0.10831278820506507
2,214,0.108309875072463
692,912,0.10830892297882026
716,237,0.10829869927993152
919,148,0.10829737383898577
1162,1186,0.10829416085694153
986,941,0.10829303566859226
295,1188,0.10829049312602901
20,573,0.10829045300789185
144,49,0.1082899582870973
716,779,0.10828728083842272
9,958,0.10828636190219028
144,177,0.10828449132865905
804,330,0.10828166096375576
778,437,0.10827899827707489
251,92,0.10827088654372394
295,874,0.10826737293369056
692,356,0.10826706487256506
986,687,0.10825819673753206
986,685,0.1082552132281122
295,474,0.10825027249952462
778,62,0.10824868470849319
804,694,0.10824854961656745
944,56,0.10824676527117572
692,49,0.10824403288886318
144,565,0.1082410064202742
251,792,0.10823577087509578
577,88,0.10823226423729027
840,640,0.10822257566380458
184,559,0.10822206290906013
355,8,0.10822134973460576
840,554,0.10821908268054281
804,275,0.10821767902353466
20,783,0.10821256010349808
144,109,0.10821073992594471
100,263,0.1082099988014132
804,814,0.10820982896533655
20,1086,0.10820723345381379
944,267,0.10820463555385501
962,745,0.1082006891150484
962,263,0.10819294660406396
577,907,0.10818921270608138
351,424,0.10818670455838586
778,327,0.10818506514361831
144,1001,0.10818423336242465
144,927,0.10818118522412497
986,30,0.10817914384186612
1162,485,0.10816880184880708
20,966,0.10816518235588256
9,546,0.10816267719492416
295,563,0.1081617491890262
804,627,0.10816098962058597
944,556,0.10815935588254945
944,977,0.10815870505338337
1064,11,0.10815869372480909
184,586,0.10815569673470893
251,1030,0.10814555433776529
692,264,0.10814430413835932
184,107,0.1081441742116005
20,960,0.10814392524566868
100,513,0.1081439210044672
919,1006,0.10814318453051407
184,372,0.10814096121896363
1064,352,0.10814031038546472
144,642,0.10813824674328429
356,444,0.1081379620272943
804,442,0.10813510197603475
295,222,0.10813402432750285
712,450,0.10813142084545486
144,153,0.1081299366741371
184,369,0.10812867408209864
351,220,0.10812797441797198
251,683,0.10812293597213816
804,1093,0.10812131342326534
251,239,0.10812125608809293
843,732,0.10811125445643949
9,40,0.10810655258946822
840,1114,0.10810619453732413
9,304,0.10810524023694001
144,849,0.10809788316794415
843,64,0.10809553893798486
2,391,0.10809301237428538
355,80,0.10809073467781348
184,496,0.10808990101145599
356,811,0.10808752979657818
251,132,0.10808614800341998
843,715,0.10808228597474802
778,31,0.10807195211102559
355,1148,0.10806986729318566
840,150,0.10806934051534188
944,942,0.10806840275731495
100,865,0.10806638397680171
1143,448,0.10806315223466778
692,1039,0.10805655076423473
2,518,0.10805402544304968
1064,1039,0.10805267679431821
843,376,0.10805262732803099
1064,148,0.10805122323324322
146,13,0.10804654217068278
962,676,0.10804440513029205
919,81,0.10804341784267678
1064,1054,0.10804100763729314
840,695,0.10803912049424749
1162,764,0.10803236623965236
919,3,0.10802929749894326
144,1157,0.10802397214507697
144,1103,0.10801168081028448
577,618,0.10801135901756974
20,763,0.10800977015924806
962,914,0.10800943780264882
184,209,0.10800782292901956
944,450,0.10800661656253163
146,489,0.10800643725090457
356,335,0.1080042115389466
184,941,0.10800314490159138
840,681,0.10800086904373675
840,270,0.10799904359433796
1162,32,0.10799600114048465
804,558,0.10799236309168335
295,430,0.10799133655532635
184,880,0.10798881222513129
778,537,0.10798871975073736
356,978,0.10798533880981305
251,744,0.10798478452283072
1162,1063,0.10798215283664597
1162,382,0.1079750581454105
843,544,0.10797452970701173
100,763,0.10797367319065117
144,1184,0.10797201777164071
778,1061,0.10797171826012764
843,511,0.10796946510464107
356,511,0.10796903876718213
778,58,0.10796756436628431
9,392,0.10796746733486165
9,5,0.10796467232689884
2,887,0.10796269757646933
577,893,0.10796202490196101
144,952,0.10796181642599612
962,1067,0.10796068944218755
184,368,0.10794760265862287
355,696,0.10794468918604197
356,1152,0.10794271628154464
778,426,0.10793636747888712
9,328,0.10793447754590399
295,386,0.10793372437805264
692,37,0.10793079235001002
919,1151,0.10792951786607141
962,1114,0.10792275781070362
184,35,0.10791672070922997
2,708,0.1079142988574213
804,1084,0.10791266579094531
944,116,0.10791246571467268
20,438,0.10790613499929723
100,817,0.1078995153110832
1064,781,0.1078991010300627
840,455,0.10789802656274626
986,354,0.10789673096273905
804,877,0.10789459667278348
962,673,0.10789434647929619
1162,391,0.10789231131282888
20,473,0.10788958319508274
9,48,0.10788940905310654
295,151,0.10787681081911889
962,905,0.10787529178667248
1162,478,0.10787221548202808
716,812,0.10786916748145034
840,832,0.10786822824821997
843,686,0.1078642424851487
20,807,0.10786022135411216
355,932,0.10785950360195753
712,424,0.10785576842507534
778,1190,0.10785368097240966
1064,482,0.10785117936762907
1064,861,0.10784244271644984
355,1037,0.10784214774242523
9,956,0.10783794476903504
9,1178,0.107833024763853
351,485,0.10783139259853346
184,260,0.10782890548844927
577,815,0.10782875266295802
804,318,0.10782458121116731
778,930,0.1078199195272493
1162,1107,0.10781798723719503
356,225,0.10781666647853642
840,770,0.10780853937870556
712,834,0.1078073006827963
716,1076,0.10780687890867888
919,1075,0.10779831218819173
778,1035,0.10779252903307436
843,105,0.10778092692404728
184,1031,0.10777590297601318
840,245,0.10777203294186348
2,727,0.10777004850849904
843,1048,0.10776937581235599
778,63,0.10776652043341738
20,714,0.10776572390670974
778,166,0.1077651370989211
577,965,0.10776027417658672
778,1154,0.10775998965510057
986,917,0.10775982193944517
144,187,0.10775569795539118
577,197,0.10775504418839707
778,959,0.10774598495260732
295,10,0.10774390341177506
1064,525,0.1077434612840156
919,821,0.10774140236507646
144,584,0.10773825001149552
804,741,0.10773448964503435
144,35,0.10773376429500135
356,111,0.10773301009430784
692,1049,0.10773187284715126
840,401,0.10773185627962867
144,513,0.10772769710745984
843,1105,0.10772559536739741
944,1098,0.10772493550009088
804,1107,0.1077236517879722
355,1024,0.10772237033301468
251,1023,0.10772198208736716
100,715,0.1077211085038274
804,503,0.10771343105026261
1064,435,0.10770962511902239
778,194,0.10770153975733733
295,7,0.10770061739680922
144,40,0.10769849900174161
919,197,0.10769094503886849
944,472,0.10769030771163353
20,137,0.10768304492133335
919,1036,0.10767774538277265
356,1186,0.1076734130897447
355,703,0.10767042713006218
1064,1136,0.10766186899938175
692,53,0.10765917016573462
64,525,0.10765689151998582
1162,216,0.10765142574420852
144,820,0.10764802435157969
144,835,0.10764636013425831
356,1050,0.1076456858138658
986,672,0.10764323269756489
577,713,0.10764234119795062
715,793,0.1076415999478652
716,551,0.10763984315407914
986,868,0.10763835514427099
1064,422,0.10763627784445869
962,692,0.10763499108377811
919,1142,0.10763318444572546
100,771,0.10763259923626911
100,1177,0.10763088649618825
1064,423,0.10762839055440847
692,271,0.10762827707258264
778,702,0.10762757160524254
986,1,0.10762714617150929
577,130,0.10762357916865267
577,784,0.10762356230359929
295,541,0.10762142225269405
804,310,0.10762019122749436
919,105,0.10761698032175819
251,573,0.10761518573354499
577,373,0.10761501279745504
804,375,0.10760795251552292
356,20,0.10760621385117126
251,181,0.10760244233480384
100,1049,0.1075957905746933
1162,879,0.10759313807978742
1064,90,0.10759279266802863
9,249,0.10759217116671674
351,1060,0.10758945405821291
295,597,0.1075833339689113
804,401,0.10758143292899339
804,213,0.10758131230062039
9,371,0.10757975530312547
962,926,0.1075781903330601
1064,263,0.10757405454239732
986,966,0.107573910837156
962,108,0.1075681152194869
840,900,0.10756572233916083
295,469,0.10756119485645155
804,1011,0.10755592955253993
100,1181,0.10755349562823044
251,882,0.10755241477491308
9,553,0.10755231272946242
146,1127,0.10755157304586735
9,828,0.10754737183843237
692,30,0.1075455559374798
295,72,0.1075429930223134
1162,450,0.10754069027078603
64,540,0.10753894298634804
778,81,0.10753701900535817
919,35,0.10753476531270786
843,1140,0.10753438329749666
146,180,0.1075333310698569
840,384,0.10753224361391796
962,906,0.10753102398448254
962,442,0.10752934369146058
144,879,0.10752322424251869
986,409,0.10752217873243139
692,1095,0.10752162108404639
184,201,0.10752124136809132
986,940,0.10751931863990702
100,955,0.10751725127316983
840,136,0.10751370693769512
1162,749,0.10751164415801884
9,109,0.10751005504468852
944,24,0.10750216064838804
100,848,0.1074992980073795
804,240,0.10749599565766418
251,933,0.10749300198362727
251,1139,0.10749285704298256
1162,551,0.10749047852061215
100,886,0.10748733230538865
716,184,0.10748614167198302
144,882,0.10748098610849394
843,632,0.10747940025531885
9,744,0.10747795426732522
962,573,0.10747608139271278
804,1079,0.10747606013452957
100,282,0.10747429623037086
577,931,0.10747157034319403
184,1008,0.10747119425763911
295,213,0.10747113166227029
804,160,0.10746862785366083
962,927,0.10746725349225894
144,738,0.10746637052873194
919,1020,0.10746243982068632
778,93,0.10746036380219245
251,35,0.10745935445828493
9,482,0.10745811251069255
1064,434,0.10745611223147376
295,211,0.10744815466270254
962,32,0.10744120975736271
184,580,0.10744015441848942
9,767,0.1074322040246254
840,890,0.1074279029417991
184,732,0.10742258074837496
1162,530,0.10741885410257637
64,567,0.10741717335636926
804,874,0.10741613604488918
251,399,0.1074149160830237
356,10,0.10741347865330768
1143,673,0.10741287656834277
962,1121,0.10741234009806092
251,272,0.10741142250209076
144,718,0.10740860662877097
2,29,0.10740537768806901
9,127,0.10739975923958645
962,1176,0.107399408909295
692,533,0.1073953270521681
843,363,0.10739424800826149
1064,860,0.10739393114374729
986,1026,0.10739141868145119
944,149,0.10738361692394872
1162,986,0.1073825844015437
577,753,0.10738091208055653
843,93,0.10737544313897564
9,537,0.10736991364246158
2,1195,0.10736916327249141
692,891,0.10736642435852418
144,717,0.10736134970845437
184,354,0.1073510766634489
778,831,0.10734469636555084
295,108,0.10734004753415982
355,764,0.10733540389946235
692,2,0.1073350471308901
2,1084,0.10731590519614863
804,67,0.10731306687041396
778,898,0.1073129411200274
1064,761,0.10730844159920425
356,194,0.10730741792817715
919,112,0.10730572923552788
840,626,0.1073049643217522
295,1181,0.10730375691035227
843,1122,0.10730289623276035
184,1019,0.10730079555642616
64,1175,0.10729777683338837
251,467,0.10729491235891517
20,288,0.1072946352752768
962,1052,0.10728781217142296
804,1200,0.10728599781432951
577,615,0.10728482642224124
356,171,0.10728150739051302
1064,922,0.10728108544210173
804,575,0.10727998887982168
100,850,0.10727778081653509
64,969,0.10727548467062596
712,331,0.10727067421960644
9,129,0.10727048709586709
356,80,0.10726702035422618
2,738,0.1072631998213399
577,1037,0.10725915056869004
919,772,0.1072575969799841
577,626,0.10725633832422858
843,439,0.10725529477730857
144,703,0.10725501639096742
778,1018,0.10725233756494239
986,697,0.1072512593684448
144,764,0.1072501439690826
840,1139,0.10724890937991755
355,793,0.10724780200320276
144,278,0.1072443211816172
1064,770,0.10724166401140851
9,90,0.10723423020503348
1064,1045,0.10723168769095578
184,331,0.10723076528041903
778,484,0.10722894876560969
840,42,0.1072288765405278
251,162,0.10722698143295904
355,820,0.10722352617408312
840,1119,0.10721932312944715
919,40,0.10721800175568337
9,1079,0.10721352576727518
843,1125,0.10721146602617497
1143,663,0.10721123951834446
356,117,0.10720996336001767
778,329,0.10720914974701953
778,256,0.10720570773458518
9,973,0.10720532582226802
1064,363,0.10720512877251294
986,1147,0.10720509623740149
692,296,0.10720501332647894
251,890,0.10720441625309207
778,803,0.10720088568128873
804,697,0.10719937526072097
778,49,0.10719869460837482
843,1148,0.10719779451139938
356,198,0.10719552411596298
20,249,0.10719253671867461
184,278,0.10719230631350714
919,1168,0.10718813656320526
9,336,0.10717802124066508
962,680,0.10717641663807527
840,855,0.10717352940989479
144,239,0.10717349871359912
356,588,0.10716761701867615
9,59,0.10716721882782095
1162,972,0.10716544894404359
100,582,0.10716048623699485
146,216,0.10715481915683268
1064,511,0.10715269011042493
840,829,0.10715148222278215
356,763,0.10714773931575819
834,1076,0.10714770478601593
840,25,0.10714280835508874
144,1162,0.10714239426962825
692,686,0.10713849224622217
986,640,0.10713100239850351
356,1116,0.10712829510504132
295,956,0.10712547467497716
1064,1022,0.10712120559981349
962,351,0.10711837634424745
144,1193,0.10711812601346545
1162,1002,0.10711790056785629
144,819,0.10711437502198498
356,244,0.1071140910731995
843,237,0.10711350080571613
962,251,0.10710714533625515
356,1172,0.10710359476638077
355,1010,0.1071009828652825
843,753,0.1070990774768401
251,210,0.10709800515295163
804,4,0.10709796433309995
184,386,0.10709791260196032
100,884,0.10709789155771524
100,824,0.10709336057628259
1064,199,0.10709284044791549
184,467,0.10708999501807011
769,681,0.1070883431232458
804,794,0.10708619593942957
804,372,0.10708326708605964
144,92,0.10707715642164076
251,839,0.10707627103545946
919,646,0.10707340322608187
251,531,0.10707221412322787
144,240,0.10706968527652838
184,931,0.10706682187205743
295,1132,0.10706413074918675
251,367,0.10706412663281063
843,90,0.10706177474077437
144,47,0.10706037909824852
692,153,0.1070600436055113
251,967,0.1070589968157591
295,93,0.10705857388205728
9,811,0.10705838651390197
9,38,0.10705576589947931
144,527,0.10705032897948413
1064,450,0.1070466147422648
1162,339,0.10704535210785887
351,419,0.10704429107342302
20,1112,0.10703484083762278
962,73,0.1070346412018022
840,486,0.10702859005497736
144,1064,0.10702821912164845
962,77,0.10702494216514358
840,675,0.1070241589513212
144,145,0.10702370825673353
184,1061,0.10702182063880109
840,496,0.1070161526091855
986,808,0.10701608041529588
840,481,0.10701503722338977
144,312,0.1070142200702768
9,370,0.1070092407860259
944,625,0.1070090577687306
577,1016,0.10700273250902662
146,88,0.10700209599783844
778,516,0.10699973831087642
840,32,0.10699973023879294
804,911,0.10699676603416085
843,970,0.1069908067966134
251,280,0.10698999621572801
962,691,0.10698893770281669
144,170,0.10698568808821879
144,934,0.10698557173464651
986,64,0.10698113566380989
100,279,0.10698026517444398
9,805,0.10697861828024718
962,1023,0.1069783604390012
1064,485,0.10697607949668866
144,89,0.10697041241062547
184,591,0.10696829038040026
146,9,0.10696739826742264
184,30,0.10696495949862656
778,566,0.1069636197081338
804,329,0.10694967741129852
355,343,0.10694043722966959
1162,323,0.10693937984918404
840,547,0.10693751640426037
100,1104,0.10693532261532895
919,593,0.10692930889659032
840,1178,0.10692866572004862
1006,41,0.1069275095635657
251,153,0.10692671951770104
986,138,0.10692500318411984
1143,962,0.10692443710599348
251,1141,0.10692388055299525
986,957,0.10692383313113152
144,1158,0.10692077907649658
9,793,0.10691818518166646
1064,1175,0.10691275911146873
1064,519,0.10690921736599888
100,1184,0.10690711502131788
1064,801,0.10690690728103755
843,808,0.10690558801633498
2,199,0.10689932118034291
9,1146,0.10689921850038638
1143,703,0.1068980422774038
251,276,0.10689711421336086
295,427,0.1068905706701616
692,793,0.10689019637406048
843,821,0.1068881528929427
251,1155,0.10688706580015948
962,1190,0.10688508531089069
919,1150,0.10688294425847736
944,818,0.1068725542031671
144,839,0.10686754320347866
986,418,0.10686652122588242
1064,279,0.10686615222707302
919,360,0.10686135027272466
840,226,0.1068609716912583
1064,729,0.10686073530615232
692,384,0.10686029511764752
919,30,0.10686011466084146
843,997,0.1068543949081585
9,622,0.10685368931342451
919,763,0.10685201107595983
715,146,0.10685001796605176
9,309,0.10684434662521027
251,145,0.10684317585029564
20,684,0.10684295545427791
804,396,0.1068423760225359
804,1039,0.10684116088126291
840,821,0.10683990980761217
840,982,0.10683936119297753
919,545,0.10683814850602287
944,551,0.10682702023249446
9,1182,0.10682256101282896
295,1011,0.1068222710779197
840,1052,0.10681910272948124
577,870,0.10681797296534717
843,672,0.10681385410846694
184,125,0.10681350551096992
251,34,0.10681123637592876
804,886,0.10681067789830516
1064,327,0.10680867238098096
692,776,0.10680820975395802
919,1162,0.10680413892349339
962,887,0.10680363508707515
804,45,0.10680261787275103
20,80,0.10679587202325376
962,1119,0.10679425754622521
804,1196,0.10679375151032398
804,984,0.10678866706631689
919,512,0.1067871676802062
184,1064,0.10678513810733999
295,327,0.1067841574894933
962,508,0.10678352003612086
804,49,0.10677437692963124
919,662,0.10677380196187675
100,818,0.10677326425134702
184,57,0.10676948033372168
692,71,0.10676766897834586
184,193,0.10676614988033792
804,727,0.10676418367711585
778,716,0.106763740838412
295,555,0.10676086294134277
184,675,0.10675767500696938
986,348,0.1067549897961709
2,186,0.10675458902018413
251,1149,0.10675281910446993
1162,517,0.10675241091593551
1064,12,0.10675162613159898
840,932,0.10675057310247779
716,169,0.10674957065034071
2,541,0.10674501251244356
144,855,0.10673881648084682
351,437,0.10673640789534515
986,405,0.10673581191492791
2,16,0.10673059618414772
20,726,0.10672941749512674
840,1121,0.10672935386350571
692,772,0.1067254431406304
146,348,0.10672369441926079
100,919,0.106723430839656
2,1057,0.10671547164990362
1064,915,0.1067144872657047
355,640,0.10671401591627813
778,918,0.10671261190025126
144,267,0.10671109291586287
843,726,0.10670821599606074
962,76,0.10670467134570466
356,323,0.10670383281147545
919,393,0.10670191544743989
1162,840,0.10669537014884539
1064,241,0.10669359945053969
1064,1065,0.1066907306307935
840,929,0.10668859379510108
184,957,0.10668368090410409
100,586,0.10668072528442454
840,1068,0.10667715771782994
692,648,0.10667668106413798
100,646,0.10667369716038348
840,366,0.10667324219379444
355,332,0.10667076790399294
20,1167,0.10667064908590754
1064,2,0.10667018098540233
184,727,0.10666402989347407
778,2,0.10665962275325196
2,437,0.10665722580708903
692,626,0.1066544783974328
840,683,0.10664840514656163
692,763,0.10664818604556602
716,901,0.10664120592333387
146,498,0.10663991137690795
962,425,0.1066371732338372
144,887,0.10663407762953213
840,1145,0.10663279293051198
804,327,0.10663278310757009
692,960,0.10663224724064128
144,67,0.10663221534072209
2,597,0.10663039067859514
144,602,0.10662881875200751
2,699,0.10662755429113643
251,94,0.10662703710884819
251,900,0.10662323189843119
1162,203,0.10662112241471583
778,533,0.10661791188414559
100,607,0.10661766176264638
144,782,0.10661622994364763
962,1000,0.10661181495620925
100,570,0.10660933591500363
1162,487,0.1066052497195118
355,366,0.10660497500098857
356,242,0.10660198838406548
577,521,0.10660088092310692
144,34,0.10659820235022496
1162,1010,0.10659349679400959
778,119,0.10659349600384199
144,96,0.10659347773813159
962,109,0.10658986998388373
919,4,0.10658280865619223
20,1011,0.10658256343289636
778,1050,0.10657780743271625
804,20,0.10657684327624165
962,882,0.10657385313375255
251,33,0.10656881676987844
962,577,0.10656603511428615
986,1044,0.1065640867634769
100,942,0.10656020077300256
1006,585,0.10655835464235064
184,615,0.10655757744459181
692,941,0.10655530194003315
804,2,0.10655153204283384
692,217,0.10655100172275443
840,240,0.10655021844796475
962,319,0.1065374168484215
944,854,0.10653568719239773
9,212,0.10653530303810996
843,741,0.10653396823457069
962,144,0.10653220804565551
944,53,0.10653059827742771
692,831,0.1065273141830579
1064,469,0.10652242596732074
100,450,0.10651962244602502
1064,1005,0.10651417054078105
356,141,0.10651282259170541
843,28,0.10650262782858909
986,665,0.10650137541162495
184,849,0.1064884473280213
778,608,0.10648843764093428
100,385,0.10648702484760346
692,1052,0.10648473214617839
144,1189,0.10648250736452992
840,744,0.10648037174574222
251,694,0.10647496631668338
184,289,0.1064736553994657
804,952,0.10647300471333379
986,947,0.10646920271931475
1162,961,0.10646174859692631
840,1155,0.10646055456888238
184,619,0.10646026945986224
251,492,0.10645139590866903
295,71,0.10644976554496881
184,548,0.10644863503535622
804,1076,0.10644628596750046
1162,581,0.10644379355870827
962,540,0.1064414204899496
144,712,0.10644134322805594
843,560,0.1064407504431281
9,681,0.10643162178443345
356,517,0.10643093307244869
1143,527,0.10642886040656416
356,1125,0.10642259852367456
184,365,0.10640971891068439
356,985,0.10640964048829578
843,604,0.10640580713870791
804,682,0.10640410749165953
356,917,0.10640351937214482
843,1121,0.1064025068665624
577,133,0.10639806114392314
843,966,0.10639779083168666
692,858,0.10639736182499594
778,428,0.10639693124371531
356,557,0.10639619131222675
9,325,0.1063961330574835
251,649,0.1063886047922618
716,345,0.10638320616576445
843,976,0.10638318989893707
944,403,0.10637795318790082
295,617,0.10637735759697103
356,515,0.10637727970780289
804,823,0.1063770807163782
100,295,0.10637554205702601
9,759,0.10636930855411546
692,434,0.1063654139722917
1064,35,0.10636479227731002
840,209,0.1063625239386187
804,661,0.1063614669910224
577,783,0.10636126395799002
962,261,0.10635749540853649
919,728,0.10635544236804934
962,760,0.10635266123592274
577,192,0.1063524027037617
919,335,0.10635112641420627
144,455,0.10634706988446253
962,464,0.10633941883320118
295,473,0.10632873722746841
692,906,0.10632690773431099
962,614,0.10632673959247084
356,919,0.10632428734343012
843,1099,0.1063239576579907
251,424,0.10632319354503815
986,7,0.10632204763085583
144,788,0.10632083573646947
9,331,0.10631478936340139
356,269,0.10631233405370173
2,60,0.10631008802152149
919,803,0.10630769024381588
1162,1074,0.10629711323649713
144,48,0.10629634827603433
295,722,0.10629009100856428
919,191,0.10628947697430789
251,248,0.106287589924757
1162,1118,0.1062820874976253
356,730,0.10627981728002893
962,762,0.10627721654205648
2,749,0.10627589117000696
843,702,0.10627568893204514
804,587,0.10627174676540783
146,644,0.10626631415974491
356,648,0.1062617594430025
986,961,0.1062608716291817
1162,1086,0.1062592839484693
100,757,0.10625707470948033
251,266,0.10625580899264536
100,764,0.10625513481317587
692,749,0.106254846001842
184,1142,0.1062537120561554
986,507,0.10625313425095298
1162,253,0.10625221256040629
2,72,0.10625060253215791
1162,169,0.10624951786464588
295,1078,0.10624895779949153
144,561,0.10624892772260468
1064,632,0.10624773262149045
146,200,0.10624753583036105
986,756,0.10624567762348562
1064,1194,0.10624265146153722
712,640,0.10624227870712749
144,1010,0.10624157411950585
1064,113,0.10623906284030007
251,878,0.10623849739306819
692,422,0.10623791193722078
778,1157,0.10623030559582364
840,586,0.10622792325985628
356,1145,0.10622092729045622
840,798,0.10621945743533806
1162,452,0.1062153253541323
919,469,0.10621464726565168
2,421,0.10621454001398868
2,485,0.10621283679237088
843,409,0.10621236150358555
1006,879,0.10621013874822201
356,1149,0.10620976889987202
144,45,0.1062092906556742
356,624,0.10620740134188067
9,110,0.1062035434234042
1064,255,0.10620149002316571
144,980,0.10619762508252173
716,1060,0.10619375536530838
144,659,0.10619262507589537
692,1011,0.1061900970262032
577,442,0.10618646032569246
778,478,0.10618239387718184
840,680,0.10617854556145698
144,644,0.1061778543551856
919,384,0.10617653704193623
146,1086,0.1061754084561421
577,389,0.10617518527270857
9,78,0.10617419646536184
843,465,0.10617382066781275
100,431,0.10617299519487086
692,871,0.10616896830058042
2,141,0.10616887619634317
1162,1171,0.10616821982461054
1064,536,0.10616472361897661
251,656,0.10616319095757196
1162,799,0.10616154129021473
919,1070,0.10615751002303213
919,624,0.10615111931451868
144,1121,0.10614954362769359
351,1077,0.10614895788291229
804,471,0.1061480255792418
356,1053,0.10614638939712683
944,244,0.10614480131143408
986,1201,0.10614378346998167
100,335,0.10613633733659862
1064,350,0.10613394402526785
840,965,0.10613343187314529
1064,752,0.10613059095266755
295,306,0.10613035276667293
9,806,0.10612829252807596
1143,645,0.10612804583339257
1064,986,0.10612618348951175
919,330,0.10612509344916331
100,723,0.10611859455347142
919,473,0.10611541907033573
144,1095,0.10611412176364127
356,600,0.10611259038998254
184,564,0.10611148420248859
843,724,0.10610940031693811
295,742,0.1061076338573539
692,87,0.10610559000116496
251,584,0.10610220090488444
1064,1072,0.10609969678413542
840,464,0.10609586916932108
778,801,0.10609536447402738
919,149,0.10609336240572109
144,990,0.10609208017398616
251,261,0.10608974472510582
9,360,0.1060896027899299
692,837,0.1060827542350776
2,716,0.10608101486609031
251,688,0.10607932822005106
778,1102,0.10607469770148757
919,106,0.10607232491239287
1064,25,0.10606423209152621
692,612,0.10606272630502293
962,182,0.10605758619812182
100,1125,0.10605670342113006
351,865,0.10605108131566429
9,558,0.10604993717300751
692,393,0.10604426995881339
778,288,0.10604303381111224
804,480,0.10604142786953574
1064,822,0.10604107281199672
184,1051,0.10604082524973288
20,724,0.10604080360725084
804,304,0.10603917772175056
804,646,0.10603906749016852
146,288,0.10603812204224454
146,696,0.10603705782444982
184,583,0.10603650988565282
692,298,0.10603394415785482
9,409,0.10603263200490236
251,504,0.10602960719918686
100,514,0.10602817616520765
251,759,0.10602580368485763
919,832,0.10602515541587605
778,156,0.10602033670753629
2,895,0.10601711242464038
100,918,0.10601588316503303
778,1094,0.10601297666402472
1064,666,0.10601168915593798
692,819,0.10600758911412782
351,206,0.10600211576970917
2,1038,0.10599921002597094
840,48,0.10599400379745456
840,700,0.10599223134639711
1064,947,0.10598863392967134
577,737,0.10598181176206613
692,78,0.10598020331525776
184,855,0.10597993929709291
144,826,0.10597778641924362
251,200,0.10597719042367483
184,597,0.10597552090827586
251,628,0.10597256875398839
843,337,0.1059691868862603
986,307,0.1059685987147279
1064,236,0.10596775249938581
184,512,0.10596623118994758
804,709,0.10596389729508254
1162,750,0.10596364420236369
778,449,0.10595166842767842
778,937,0.1059501084573047
962,1159,0.1059479213390637
778,1013,0.10594379539307164
100,309,0.10594111756938793
962,908,0.10593909624976185
692,330,0.10593640007679661
919,42,0.10593323947381694
962,909,0.10593271004796999
1064,223,0.10592854557261172
2,611,0.10592618028368664
184,759,0.10592242166052168
716,1102,0.10591872938903182
251,209,0.10591333757299468
778,568,0.10591250720211923
577,302,0.10590689503654424
962,827,0.10590632430926658
843,930,0.1059026516019575
778,369,0.10589771065208957
144,885,0.1058955355683778
184,876,0.105892632075002
919,119,0.10589172757875548
840,800,0.10588857327873354
577,926,0.10588856004882417
251,1093,0.10588841633870606
944,1086,0.10588805726786371
577,52,0.10587965924814881
778,405,0.10587552882679319
804,1052,0.10587271029967385
692,481,0.10586703710705639
778,758,0.10586576762385055
146,833,0.10586570319639961
577,401,0.10586318926603974
184,217,0.10585541610328215
100,123,0.10583673243593565
184,290,0.1058298615960633
778,193,0.10582598195279595
1064,655,0.1058250404271728
778,291,0.10582059498568112
1064,31,0.10581628669816216
843,239,0.10581556442855918
9,1033,0.10581363920148565
804,885,0.10580756645380247
843,1027,0.10579486147719899
840,685,0.1057927730509525
351,770,0.10579273229530352
1064,579,0.10578986074825653
804,1013,0.10578550533492735
1162,1082,0.10577860685178611
986,167,0.10577663742260617
944,610,0.1057757565026664
1064,1025,0.10577421793622957
769,774,0.10576956174707701
20,734,0.10576729992972701
1064,749,0.10576568004665467
962,1081,0.10576333153605968
184,170,0.10576166747961936
962,701,0.10575851591007343
840,356,0.10575804913914633
100,749,0.10575790722631079
840,1102,0.10575684429258485
712,201,0.10575348672054082
843,85,0.10575280583925334
919,851,0.10575013221848381
144,604,0.10574580497663089
840,836,0.10574318620732823
692,666,0.1057401816576228
356,1151,0.10573935058441658
1064,534,0.10573832064390419
146,659,0.10573829581918583
577,266,0.10573248960746436
20,184,0.10573116721602692
251,713,0.10572818829712788
184,159,0.10572791086014888
843,1073,0.10572400143868965
100,624,0.1057238095768494
100,157,0.10571639739233155
144,1065,0.10571253056342429
1064,460,0.1057067694124487
1064,747,0.10570653208481906
1064,332,0.10570277409566632
144,1137,0.10569412321543663
843,25,0.10569371164452547
712,623,0.10569343160793492
962,774,0.1056932921687719
1064,1041,0.10569215204287231
577,542,0.10569014011241606
843,768,0.10568784065108502
962,303,0.10568777409549233
295,962,0.10568712657049938
2,393,0.10568244281254015
778,770,0.10568168856388395
20,1026,0.10567434610417024
778,822,0.10567295716056448
295,1200,0.10566641736252763
100,774,0.10566370973723994
986,309,0.10566193172667904
840,1072,0.1056599013015215
184,825,0.1056595028956075
184,823,0.10565908071263974
944,780,0.10565471784134499
2,184,0.10565431754106593
986,1041,0.10565423485234508
184,1020,0.10565406728779866
355,597,0.10565117384929029
9,969,0.1056502200509113
577,1136,0.10564849254656962
144,1048,0.1056460799548832
184,330,0.1056452215927431
804,533,0.10564299860717415
919,372,0.1056349465200016
184,206,0.10563416207425694
251,343,0.10563232764751396
2,419,0.10563061681627302
692,83,0.10562951873976326
944,1006,0.1056281647898357
20,466,0.10562533077757379
840,996,0.10562489511277433
962,862,0.10562041125762325
144,503,0.10561896705167714
184,128,0.10561603451395579
251,86,0.10561376126194905
100,616,0.10560985874687319
1064,1167,0.10560734756435085
962,280,0.10560673829074906
1143,804,0.10560626142696511
146,502,0.10560468623283413
146,811,0.10560453612628433
840,96,0.10560145475029266
962,486,0.10559732614122096
716,339,0.10558805947582618
251,361,0.10557814595267317
9,982,0.10557701986785244
1162,374,0.10557637780418773
251,979,0.10557160512460602
2,380,0.10556201693634516
144,967,0.10555576284771125
251,770,0.10555534221026494
577,578,0.10555231429578257
144,935,0.105549765502248
144,329,0.10554723643285786
840,1137,0.10554570274528816
804,93,0.1055389768600421
144,1134,0.10553528685920861
840,925,0.10552814161668467
919,441,0.10552701998778932
144,942,0.10552260942680804
778,46,0.10552087352310231
9,175,0.10552084670411498
778,985,0.10551073948955629
1162,157,0.10550726386748498
2,581,0.1055067270233155
778,1150,0.1055033762534592
577,855,0.10550085577816948
100,1013,0.10550078080768857
712,106,0.10550061424966045
692,1150,0.10550035201870982
100,781,0.10548508165842034
2,662,0.10548434063678092
9,966,0.10547519817731871
804,131,0.10547357441165843
144,233,0.1054710821438567
144,576,0.10546958846600886
840,105,0.10546851338630014
251,508,0.1054682918230328
778,536,0.10546599131358687
146,340,0.10546328172113528
251,246,0.10545923541050793
804,14,0.1054586997346728
804,858,0.1054552584119492
144,1176,0.10545438087522585
577,982,0.1054538417400253
251,390,0.10545370677508217
251,221,0.1054449528080148
804,708,0.10543968289681024
843,858,0.10543751293201793
144,405,0.10542961570436483
64,665,0.10542682323057072
692,1167,0.10542574601167658
692,896,0.10542280875165977
840,1124,0.10542277050890596
144,181,0.1054206341719906
840,979,0.105418083969528
712,1137,0.10541806565187618
692,381,0.10541180489547435
962,1178,0.10540957824218351
251,99,0.10540748630851389
184,683,0.10540301134580828
251,1016,0.10540145825564423
2,804,0.10540097126532193
355,106,0.10539902804662656
251,1138,0.10539890503552961
100,946,0.10539850877974737
692,454,0.10539728089207925
251,303,0.10539494307542474
962,175,0.10539262593711442
144,619,0.10539232992419079
2,1110,0.1053872750829442
840,349,0.10538658830302763
840,807,0.10538201809262888
778,771,0.1053816597587748
804,188,0.10538053795413971
251,101,0.10537787943080618
840,684,0.10537764824724727
251,142,0.1053723339616812
251,18,0.10536758979344046
840,352,0.10536334221268379
577,548,0.10536234351565861
692,119,0.105361443912282
804,445,0.10536098937631334
184,554,0.10535458818986738
9,1098,0.10535171015684376
251,907,0.10534845245660189
2,1083,0.10534573097717986
804,1170,0.10534280554484945
2,293,0.10534276063904216
843,717,0.10534120310501348
9,262,0.10533886094075147
1064,436,0.10533399660659616
2,427,0.1053313914114161
356,337,0.1053218137030095
356,386,0.10532050689107955
840,38,0.10531832071502324
986,1070,0.10531593471444847
962,415,0.10531554289760782
2,609,0.10531505310165154
843,776,0.10531441994473509
840,1191,0.10531228121887308
919,1170,0.10531175441129745
804,172,0.10530817318892843
184,1001,0.10530732351665674
962,921,0.1053035511918602
692,781,0.10530086593590103
1162,854,0.10529877057414835
919,1071,0.10529725020466069
843,175,0.10529497390236706
716,407,0.10529054462371354
840,31,0.10528787097678628
20,489,0.10528595396184358
986,690,0.10528458434380102
840,831,0.1052839546086183
692,959,0.10528217637730702
146,442,0.10527906380069546
251,737,0.10527886159597002
144,332,0.10527880832194668
144,808,0.10527722468506628
295,972,0.1052746028132937
184,983,0.10527413583299823
962,810,0.1052738297759422
577,498,0.10526965279406934
962,628,0.10526954339947052
692,40,0.10526907802816765
146,657,0.10526280564037642
146,366,0.10526024788193714
184,989,0.10525998638938848
577,1184,0.1052585237143856
919,127,0.10525561298654228
919,491,0.10525431556384832
577,927,0.10525256703348858
919,64,0.10525245991704218
144,445,0.10525030088085571
100,103,0.10524559422115483
251,745,0.1052452766379099
184,664,0.1052429398435398
1162,765,0.1052424536749554
2,742,0.10523846462905319
840,239,0.10523651093915928
692,319,0.10523487197926307
184,21,0.10522767386349352
716,834,0.105225236153735
919,80,0.10522269960458935
144,242,0.10522131353916318
804,1055,0.10521890346430497
804,515,0.10521690735573733
356,780,0.10521379442151411
20,452,0.1052132374796862
944,391,0.1052130992883623
692,957,0.10521087166236821
100,887,0.10520995065624554
804,496,0.10520488448281391
184,93,0.1052047054038011
577,1126,0.10520453368138283
355,712,0.10520387995961865
716,191,0.10520381329527703
692,725,0.10519741638811743
962,1031,0.10519599746360031
843,358,0.10519477807809706
804,964,0.10519439784816123
577,800,0.10519386978002529
715,804,0.10519299814733743
778,340,0.10519050691728685
356,1161,0.10519005660079729
9,917,0.10518538922733574
962,700,0.10517494978116997
804,350,0.10516280367108075
295,574,0.1051622204354909
944,986,0.10516123185052922
944,176,0.10515918746970926
100,1065,0.10515639918944532
577,915,0.10515552115329303
251,365,0.10515535572653774
356,590,0.10515135760051028
840,1099,0.10514830803607865
356,523,0.10514773245034008
962,271,0.10514368856544283
9,687,0.10514129348843956
919,823,0.10513759239641768
144,1066,0.10513439967444432
843,564,0.10513011583193262
834,1086,0.1051248076970298
251,704,0.10511980857552167
962,1079,0.10511771723476442
962,185,0.10511732006655573
840,1168,0.10511494798791844
2,236,0.1051138920994928
692,216,0.1051128166967146
577,180,0.1051097004492756
843,8,0.10510929134458413
251,1040,0.10510816502883301
840,393,0.10510632257409579
778,320,0.10510570485274479
962,463,0.10510462304371906
840,66,0.10510368246755397
356,151,0.10510245525540576
146,1123,0.10510055814734871
9,472,0.10509987926724826
716,789,0.10509889127229777
184,768,0.10509721714711677
184,181,0.1050964253130839
146,343,0.10508993314510537
804,920,0.10508781962986637
251,965,0.10508749792300283
778,418,0.10508209257812927
692,349,0.10508157109912443
351,113,0.10508106783832095
840,479,0.1050754223673526
295,1,0.10507078845560504
356,1058,0.10507029869902518
9,342,0.10507006461694285
1064,834,0.10506148718989188
9,891,0.10505875707299041
577,102,0.10505757479022153
843,35,0.10504924391209668
144,683,0.105048568152506
962,713,0.10504834116588127
778,370,0.10504395449211693
919,310,0.10504298837392542
919,150,0.10504001785967322
843,831,0.1050377335259232
64,1076,0.10503692136295545
715,1143,0.10503233224575112
184,972,0.10503041942092582
184,1181,0.10502977978131199
962,6,0.10502926485517532
804,208,0.10502551958261488
2,809,0.10502530949242436
1064,443,0.10502043017965987
295,1182,0.10502013046150623
295,364,0.10501827562926452
20,41,0.10501789064397123
804,784,0.1050103284840938
251,681,0.10501009311800673
9,985,0.10500987743903165
692,220,0.10500946096638814
251,1113,0.10500683974486094
840,14,0.10500385627767796
1064,72,0.10500054224509076
100,605,0.1049995954741241
804,1156,0.10499896605881037
144,1008,0.10499594229000604
295,206,0.10499491782922235
146,416,0.10498779818078
100,797,0.10498765223826224
144,744,0.10497534070893327
692,1121,0.1049748872606658
778,877,0.10497484532883014
356,540,0.10496798766579996
840,941,0.10496661163538934
840,170,0.10496131680084211
840,583,0.10496015457704153
64,755,0.10495993562000623
1162,1036,0.10495933196694301
840,1125,0.1049590800489559
144,465,0.10495537652126775
184,522,0.1049548103943352
146,650,0.10495450187808182
804,655,0.10494841983653948
9,1094,0.1049432806371294
840,124,0.10494175269293447
184,448,0.10494150659555294
944,215,0.1049383621548859
1064,227,0.10493594415958486
146,894,0.1049195481739075
778,657,0.10491913361292657
356,536,0.10491784168464909
804,1040,0.10491580600691708
355,357,0.10490577415921404
1064,564,0.10490551529043175
2,751,0.10490408569557448
146,977,0.10490164571790661
251,468,0.10489890748586167
712,219,0.1048979538066846
100,171,0.1048897210489035
100,292,0.1048862510595444
1006,1026,0.10488427461413075
843,1005,0.1048820491824949
692,150,0.10488084990871716
692,194,0.10487956646956252
184,593,0.10487678703131417
1064,189,0.10487619232302547
100,619,0.1048725504909557
919,234,0.10487008416917822
778,690,0.10486861237577931
1162,999,0.10486551922416483
9,466,0.10485971768633623
251,943,0.10485894375579835
355,684,0.10485764739240548
840,839,0.10485454622425072
251,100,0.10485311310466805
251,451,0.1048531047675795
840,1122,0.10485175510686698
20,1032,0.10485102937055119
184,131,0.10484969081657385
962,101,0.10484871881363393
9,665,0.10484586155228794
919,388,0.10484480354572544
9,599,0.10484441250750125
804,836,0.10483928524518034
778,1095,0.10483825483166616
778,1142,0.10483352006461505
778,434,0.10483030434284325
1064,823,0.10483012901693851
577,900,0.10482819401810853
843,1136,0.1048261698319093
1064,307,0.10482567814856156
778,725,0.10482218318748945
919,252,0.10481956759939864
356,724,0.10481840059119824
778,678,0.10481347587074495
944,1091,0.10480888144234105
843,820,0.10480802163664295
146,662,0.1048079712588037
692,1091,0.10480144849139661
1162,977,0.1047995945150245
962,516,0.10479902734302694
251,27,0.10479684522032424
356,476,0.1047892029480412
184,1067,0.10478007553721373
9,284,0.10477777526139286
1006,1175,0.10476106143256773
20,886,0.10475952766919835
144,78,0.10475062644488545
692,564,0.10474877176605873
20,1149,0.10474757329745092
843,166,0.10474528233512133
843,646,0.10474210333027009
1064,385,0.10474176375639253
919,936,0.10474169446599339
144,360,0.10473753118455531
2,480,0.10473167447428608
715,450,0.10473159323181562
2,1004,0.10472621804629104
804,166,0.10472424519135086
251,502,0.10472364458122745
184,906,0.10471879521891468
577,712,0.10471841665134654
843,1156,0.10471705945333994
184,739,0.10471352693932014
840,649,0.10471305566206053
778,1193,0.1047122949406937
356,1146,0.10471143547898279
295,448,0.1047093236430158
577,40,0.10470891282420704
577,239,0.104708853488861
2,218,0.10470383865749375
144,880,0.10469806834046297
144,349,0.10469762975989101
986,299,0.10469496389955973
843,961,0.10469383432391116
692,364,0.10469340816715787
804,374,0.10469338922758063
840,822,0.10469172664346106
577,33,0.1046896218091203
356,903,0.10468608960146956
295,375,0.10467897877766989
919,579,0.10467699523610538
804,686,0.10467291405234691
843,78,0.10467083120946245
962,938,0.10467041076783057
840,1162,0.10466673770128657
184,379,0.10466302415959769
840,114,0.10466227619588951
840,1030,0.10466219300956787
962,694,0.10466183151082865
1064,220,0.10465270990013308
146,313,0.10465267717045561
712,798,0.10465249243707982
692,944,0.10464286488751133
144,241,0.10464062923941368
144,255,0.10464029482261344
778,870,0.10463204317866504
356,213,0.10462649635091102
184,405,0.10462004899431286
144,299,0.10461698471334696
804,363,0.10461453432825307
146,194,0.10461209489200286
1064,206,0.10460829107288577
692,996,0.10460324006837869
840,116,0.10460240666128172
778,481,0.10459827251282945
692,586,0.1045941850396566
778,32,0.1045924054934021
144,831,0.10459105011434297
146,810,0.10458426672872821
356,443,0.10458388778170838
692,1122,0.10457761430792462
100,841,0.10457737168628829
2,1130,0.10457539668724579
840,52,0.10456980599172122
962,49,0.10456852858107978
20,24,0.10456613598794742
251,1031,0.10455695586378769
778,1183,0.10455282804306211
9,156,0.10455131247988461
251,559,0.10454885686404276
986,1099,0.10454634882851263
577,535,0.10453753390950153
144,31,0.10453550061871389
184,819,0.10452913294829132
577,810,0.10452496755190535
9,625,0.10451533204549465
1064,1120,0.10451244300041289
804,233,0.10450948553134212
1064,1007,0.1045088936905892
251,274,0.10450431433840893
840,205,0.10450132732769998
577,1197,0.1045002168082067
840,759,0.10449758418369962
778,1184,0.10449575037496292
778,422,0.10449278681430393
778,1070,0.10449062872008998
944,727,0.10448987305438644
251,1080,0.10448953128161115
778,241,0.10448897724575934
146,6,0.1044837666191433
577,1129,0.10448123385710557
251,747,0.10447906762227187
577,572,0.10447729039516042
100,1086,0.10447173303446684
840,782,0.10447052357081732
251,671,0.10446965635605163
692,611,0.10446254075302693
919,8,0.10445639896796506
962,1153,0.10445587374516868
840,1138,0.10445344629805861
184,749,0.10445191406406952
692,925,0.10445104141574739
144,221,0.10445025495403992
692,504,0.10444781098094864
692,699,0.10444447131733915
778,330,0.10444085191764582
840,480,0.10444034224526068
1162,1145,0.10444020459672433
144,1143,0.10443887517466331
840,304,0.10441811265236582
804,1167,0.10441700892832786
100,1110,0.1044154488749071
2,959,0.10440742858982391
778,1105,0.10440429762962564
144,90,0.1044022653595925
295,1013,0.10439601995221616
1064,984,0.10438703713840886
692,360,0.10438400897539464
184,304,0.10438040347104553
1064,258,0.10437991895814501
986,930,0.10437718639545239
843,24,0.10437684851593297
100,364,0.10437639660002461
919,354,0.10437519086409204
1064,868,0.1043623050286716
986,491,0.10436191702942924
184,662,0.10436186640036756
100,869,0.10435553811818642
962,970,0.1043538802226881
919,754,0.10435082052438298
184,1193,0.10435056587570243
778,342,0.10434777342483254
962,248,0.10434710010951523
944,78,0.10434681541946066
100,901,0.10434651434019562
843,826,0.10434578585685679
804,57,0.1043452374631541
778,1124,0.10434517403230278
295,881,0.10434393980823362
843,1075,0.10434369924244793
840,762,0.10434118384862189
144,910,0.10433219916102092
144,245,0.10432743742972948
1064,234,0.10432520159099441
295,729,0.10431847728192518
9,273,0.10431706225455849
840,846,0.10431016296226724
184,136,0.10430683853639168
840,220,0.10430681803022482
184,293,0.1043032117255823
804,790,0.1042989846295019
692,247,0.10429632177105626
692,131,0.10428530539519416
804,127,0.10428447793752986
840,735,0.10428264424957462
9,1121,0.10427825567830426
716,968,0.10427719264961885
986,15,0.10427484836737799
962,657,0.10427025083307802
144,760,0.1042695170429947
100,958,0.10426797724211556
251,125,0.10426709766491518
716,802,0.10426618012384213
2,323,0.10426573626366473
184,516,0.10426332771404592
1162,653,0.10426147700644485
9,940,0.10425876756472585
1064,896,0.10425553962358176
840,651,0.10425233962870978
692,74,0.1042523260743118
9,4,0.10425162897752993
251,629,0.1042473683353169
100,418,0.1042464057887743
716,236,0.10424619948607776
692,790,0.10424434537666295
9,254,0.10424243672559706
692,1024,0.104230661173772
100,708,0.10422699254898823
804,1074,0.10421540780083488
251,161,0.10421397766418701
577,990,0.10421355526449208
804,690,0.10421322990548988
716,1174,0.10421314493643503
843,520,0.10421118592750613
1064,46,0.10420982627112098
692,96,0.10420469969221684
804,703,0.10419568017767455
144,454,0.10419321887672338
251,1087,0.10418668087440092
919,812,0.10418250044532314
843,546,0.10417606469071156
2,288,0.1041747190086298
986,490,0.10417226142876415
144,1053,0.10416436645376756
778,534,0.10416151565147835
919,822,0.10416108798535513
1064,1102,0.10416004234694298
962,601,0.1041577398075935
962,618,0.10415729028573602
778,586,0.1041549543885803
184,767,0.10415123797453593
355,479,0.10414967972810854
295,804,0.10414760944288977
351,968,0.1041411054348758
778,381,0.10413965444129415
2,487,0.10412713379644752
840,950,0.10412685751747358
843,1038,0.1041206466119497
100,219,0.10411911210732938
184,871,0.10411759268124257
778,174,0.10411236339861561
577,721,0.10411165050118944
251,465,0.10410832521502024
1064,287,0.10410735402663926
20,992,0.10410451552006722
251,700,0.10410396734945106
184,2,0.1040981604493472
295,223,0.10409643633415269
778,257,0.10409440718117394
804,392,0.1040941231601119
251,1014,0.1040900250959607
2,582,0.10408723841570641
356,936,0.10408658008138302
2,814,0.1040858719611243
804,568,0.10408575313071056
778,868,0.10408414119531877
295,609,0.10408203614424642
2,104,0.1040811182070201
20,63,0.10407728859500336
986,462,0.10406443211413183
843,245,0.1040626901498378
919,779,0.104060126014175
184,776,0.10405878213266756
1162,223,0.10405774406736933
144,3,0.10405184231581878
804,1041,0.10404834224146581
9,673,0.1040465901793214
9,785,0.10404237281241947
144,734,0.10404184002136285
843,325,0.104039255228984
9,318,0.10403358653081589
356,478,0.10403020767254718
962,847,0.10402288279201508
919,287,0.10402179519612494
146,907,0.10401914098726792
9,804,0.10401774913449872
1162,992,0.10401688545478327
804,916,0.10401501413520312
251,855,0.10400303279164375
962,587,0.10399247877901759
144,1045,0.10399093233409314
1064,162,0.10398934571363705
804,411,0.1039892026153374
986,205,0.10398804594393628
144,664,0.10398711170824565
577,561,0.1039869485509638
184,657,0.10398627967163174
962,615,0.10398398506289236
986,534,0.10398280937449919
100,606,0.10398274528166594
295,988,0.10397921964060153
251,659,0.1039784725801231
692,263,0.10397547815380563
986,59,0.10397110197489856
355,692,0.10397039884482237
712,371,0.10396852369563926
944,143,0.10396832397002526
146,302,0.10396749995150521
1162,761,0.10396642506371628
715,649,0.10396543906897224
1162,287,0.10396376567621808
356,200,0.10396284162537754
144,1200,0.10396278211788361
986,1013,0.10395977132140141
804,370,0.10395957572488683
840,263,0.10395513336641261
986,1071,0.10395455431907784
9,914,0.10395317782766277
778,508,0.10394892808593324
144,982,0.10394250677860317
840,1067,0.10394159140498385
962,264,0.10394155624042442
20,108,0.10394153811060908
944,830,0.10394054454159876
356,1078,0.10393968349845928
804,258,0.10393752475824902
692,890,0.10393735596867656
356,658,0.10393694205038394
2,149,0.10393141706485041
778,936,0.10393019192398624
962,28,0.10392634322222503
577,247,0.10391540907340326
1143,424,0.10390216630001367
840,1020,0.1038985692712746
146,27,0.10389203894679586
716,681,0.10389036468873442
577,732,0.10387943982025823
843,491,0.10387846997094209
144,271,0.10387059385948594
251,520,0.10387010760811805
295,969,0.10386796994590733
577,43,0.10386616620206926
577,640,0.10386490721730074
144,2,0.10386448130260187
295,68,0.10386127370401801
577,280,0.10385876871398934
778,245,0.10385452907732165
840,318,0.10384982347347252
144,989,0.10384507634865434
144,416,0.10383810524561686
1162,851,0.10383697263545336
251,412,0.10383516105360249
804,85,0.10383477065153726
295,236,0.10382981766341974
962,400,0.10382780493597218
251,1199,0.10382284993845696
840,956,0.10382198852504607
944,1059,0.10382078713775686
295,736,0.10381825480421782
356,118,0.10381753007014753
144,794,0.10381311107087632
919,337,0.10381157022558564
146,1087,0.10380793487233074
251,1096,0.10380751440706433
692,895,0.10380681868064874
9,959,0.10380529802350569
251,182,0.10380424887576509
804,427,0.10380272198953415
804,1173,0.10380190106930864
295,840,0.10379762212349451
804,177,0.10379334829001875
1064,409,0.10379156081617123
962,913,0.1037838577897811
1064,1042,0.10376414836547122
251,479,0.1037638154405393
144,368,0.10376185413433504
962,1064,0.10375785786553395
2,960,0.10375747922657345
843,191,0.10375465532197287
843,295,0.10375396045730738
692,736,0.10374159118377571
251,990,0.10374131239534876
20,437,0.10373936313899083
144,674,0.10373918634559343
986,245,0.10373901362299538
144,542,0.10373702465913297
778,307,0.10373655466577988
184,622,0.1037365475367229
146,675,0.10373601348597694
1064,1185,0.10373392349480899
355,1011,0.10373382117807166
144,1128,0.10373154429688225
840,259,0.10372985165040147
251,131,0.10372655921272679
9,269,0.10372492692742509
962,929,0.1037233524839982
251,317,0.10371958954523293
962,112,0.10371381538370811
840,44,0.10370933759551984
1162,869,0.10370727687077243
986,388,0.10370327336327168
577,419,0.10370138040191094
2,215,0.10369040426893025
20,761,0.10368966774299193
9,320,0.1036885691681188
778,94,0.10368773618188683
100,264,0.10368737095032932
144,546,0.10368719367542178
577,54,0.10368208338026023
9,1097,0.10367627115607932
577,1113,0.10367584628206554
184,197,0.10367412331652998
1064,281,0.10366977565108239
843,364,0.10366947012619471
295,959,0.10366919828004
919,837,0.10366607427880367
100,1174,0.10365904871066536
692,640,0.10365886636168466
692,1125,0.10364752181628459
184,647,0.10364424063031231
146,813,0.10364391348726701
295,360,0.10364188311250161
2,832,0.10363597959139388
356,16,0.10362554474115146
251,804,0.10362387998004223
843,173,0.1036214888823456
9,626,0.103621198940492
986,937,0.10361931946977404
692,292,0.10361658583668397
9,423,0.10361021581617144
184,899,0.10360084439923507
295,585,0.10360019776617224
577,650,0.10359679625389388
778,201,0.10359034693267317
804,740,0.10358343137500885
962,689,0.1035830444706858
184,558,0.10357703784452044
184,1024,0.10357625359528191
295,38,0.10357421721091788
2,117,0.10357016589882637
251,332,0.10356730052710571
692,818,0.10356610646083812
840,1096,0.10356170414053571
356,698,0.10356100248106052
2,249,0.10355762814513732
100,308,0.10354842793659214
100,173,0.10354578163716902
577,248,0.10354498103562024
251,909,0.10354422560119453
100,345,0.10353584426093233
962,547,0.10353529761922953
577,720,0.103535183936641
355,662,0.10353357945790173
9,1007,0.10352921360995902
577,155,0.10352699370006482
9,493,0.1035265593854397
712,30,0.10352627262005278
184,1148,0.10352618732154242
843,905,0.10352062417251828
9,252,0.10351938105947009
962,1087,0.10351525929023961
692,740,0.10351502559987703
100,216,0.10350901341962628
840,710,0.10350858136817116
840,597,0.10350816352942985
20,1172,0.10350773073735269
804,674,0.10350699515978827
692,337,0.10350434168879172
144,298,0.10350303253464302
843,395,0.10349919773472416
716,337,0.10349882697513108
577,798,0.10349854726483769
962,995,0.10348525655382713
184,1196,0.10348474920983054
804,1140,0.10347973822885485
778,717,0.10347431469179007
840,157,0.1034702334395314
295,16,0.10347007935243709
295,867,0.10346826225100565
251,285,0.10345656632439101
716,194,0.10345063843086186
20,463,0.10344817807133784
146,424,0.10344696552065981
2,1029,0.10344619259111547
986,505,0.10344581131403538
577,613,0.10344421426916481
778,1144,0.10342400419520613
840,422,0.10342166609242286
577,734,0.10342062748348496
962,617,0.10341710165081804
184,426,0.10341458715389734
251,983,0.10341315063122271
1162,1038,0.103410033263816
962,786,0.1034097229865264
986,725,0.10340759373026873
962,100,0.10339886309837315
184,758,0.10339446700475242
356,411,0.10339211610104113
144,585,0.1033906653895549
356,865,0.10338527383612668
1064,709,0.10338366306752478
1162,113,0.10338150231904536
962,1014,0.10338117961008354
692,439,0.10337867151862473
295,873,0.10337727723673498
840,208,0.10337348866065449
843,509,0.10337315403928841
834,448,0.10336958364060048
2,1169,0.10336838308776967
840,1036,0.10336489480963082
577,414,0.1033623118515233
944,681,0.10336174627432702
804,173,0.10336150864450441
1162,237,0.10335757684980909
843,1193,0.1033543302599786
1162,377,0.10335091691966901
919,264,0.10335037725012554
146,638,0.10334918959959223
840,817,0.10334747674235821
295,1124,0.103344517364945
146,887,0.10334429606066087
843,141,0.10333617477825188
1064,738,0.10333223466353929
1064,858,0.1033296871336334
843,517,0.10332705188430968
1064,400,0.10332246424183408
9,432,0.10331059414296702
577,6,0.10329790008786273
843,985,0.10329787077350704
9,483,0.10329051869030256
840,152,0.10329030700716127
100,254,0.10328963300821799
1006,466,0.1032890204714919
778,1001,0.10328900647409589
100,158,0.1032812380348602
962,276,0.1032799393864287
577,1117,0.10327665839309158
716,158,0.10327519570211464
2,1172,0.10326982693602456
1064,1189,0.10326725020621574
251,823,0.1032625042768358
919,608,0.10326242093950992
962,677,0.10326104860603737
295,61,0.10325399815645338
295,95,0.10325207500106791
577,908,0.10323823221102019
840,961,0.10322698407271327
962,277,0.10322246473215076
692,1151,0.10321970637848762
356,805,0.10321690836375264
251,929,0.10321388278685577
184,504,0.10321368309680819
1006,500,0.10321328310060265
184,975,0.10321263992044949
100,424,0.1032123869331814
577,692,0.10320904868760113
251,721,0.10320760378755235
804,259,0.10320530996141367
1162,495,0.10319629901548429
100,596,0.10319416210093693
251,767,0.10319306055451202
2,80,0.10318989674877817
251,871,0.10318687627692502
295,963,0.10318190403897247
146,1043,0.10318030067458196
144,770,0.10317560917631553
100,928,0.10317187026119368
986,845,0.10317136533244564
1064,545,0.10317113364373409
962,525,0.10316995474685285
2,206,0.10316993548210554
692,920,0.1031696867999917
804,405,0.10316757860255213
804,349,0.10316674024741287
843,297,0.10316596892820887
295,940,0.10315931574039121
577,1190,0.10315899299970042
2,374,0.10315644860711796
144,690,0.10315433091207596
843,330,0.10315202777898472
804,729,0.10315197218226528
804,906,0.1031476695265271
577,251,0.10314568726773295
356,850,0.10314257821384792
577,345,0.10312694108446213
919,725,0.10312300454590842
986,430,0.1031208246432804
184,1155,0.10311888686829095
962,900,0.10311638711027689
144,166,0.10311538893274833
144,199,0.1031137539958876
100,912,0.10311167534036202
356,1102,0.10310897138439974
146,619,0.10310123515472007
144,318,0.10310027491966778
100,461,0.10310007274372956
692,665,0.10309886877394549
9,395,0.10309781172232385
919,146,0.10309710123838124
778,958,0.1030946047715391
295,1149,0.10309373083614151
692,1128,0.10308346214770527
804,837,0.10308258709711525
962,406,0.1030752112547448
144,44,0.10307182707972912
251,970,0.10306901495199361
840,653,0.10306374882892169
919,659,0.10306334018808003
919,326,0.10306143814952222
144,586,0.10306083572691291
100,277,0.10306076571100467
184,738,0.10306066641802508
962,227,0.10305913901876271
184,45,0.10305497624795779
184,482,0.10305079775017495
840,617,0.10304140660004497
2,1154,0.10304065649785217
2,183,0.10303029320284866
9,532,0.10302635515396756
986,1120,0.10302352443835189
100,1185,0.10302033521785725
692,409,0.10302007399473852
804,895,0.10301882504066334
843,437,0.10301821861831878
1143,176,0.1030165689800536
804,976,0.10300992587341298
944,805,0.10300461109751696
778,794,0.10300388596263683
1162,392,0.10300183192129
962,1027,0.1029958965514754
962,230,0.10298943860109874
778,85,0.10298809675433095
1143,738,0.10298445356291668
577,1053,0.10298430431540323
986,981,0.1029831156135969
962,572,0.10298280337342744
100,146,0.10298257537299205
843,318,0.10298222454706392
712,615,0.10298025845523022
100,562,0.10297823999062891
919,801,0.10297522482131889
962,690,0.10297391151455235
20,1099,0.10297356245266226
962,416,0.10297231732665461
577,676,0.10296809909589145
577,1012,0.10296543733807449
712,1000,0.10296183849951697
1064,487,0.10296174473018573
2,627,0.10296001119068328
840,813,0.10295879831969454
184,980,0.10295878321065886
355,715,0.1029587362734822
251,1148,0.10294882471305974
100,791,0.10294769154870763
692,667,0.10294675922880767
184,132,0.10294214396441215
804,972,0.10293813564861898
944,300,0.10293492729590326
251,90,0.10292976629821135
100,225,0.1029261778596856
804,31,0.10292603121176111
355,573,0.10292519328669975
944,677,0.10291932981640718
919,556,0.10291560016998019
144,76,0.10291269484175232
962,645,0.10291146655115027
356,955,0.10291068985391455
843,392,0.10290814787258121
184,216,0.1029072759636804
962,347,0.10290423916127395
778,1162,0.1029035097196784
100,1149,0.10289712498464265
100,748,0.10289710049804528
295,1180,0.10289437178209006
840,986,0.10289316078297589
144,1138,0.10289218634038978
840,482,0.10288970174375381
840,828,0.10288551027424739
9,638,0.10288103421810411
843,740,0.10287918725606972
144,1156,0.1028758850764909
692,392,0.10287444603170642
146,492,0.10287284757861101
804,241,0.10286901806210619
804,254,0.10286755355006154
355,627,0.10286723158686804
962,1110,0.10286038899823638
577,951,0.10286023525269436
295,374,0.1028561446403465
146,285,0.10285608586684071
577,98,0.1028540385235197
1064,955,0.10285161316347809
356,553,0.10285090222259163
184,905,0.10284699606028375
962,1088,0.10284638384302934
146,972,0.10283626372741511
20,219,0.10283601400643538
840,717,0.10283403554695436
144,948,0.10282782857981827
356,41,0.1028275319693718
251,982,0.10282660626960766
295,1069,0.10282278768276085
692,15,0.10282257777631529
840,381,0.10282190368538136
295,1002,0.10282025082280787
9,293,0.10281880155257052
577,524,0.10281653553723116
804,434,0.10281527060366803
184,604,0.10281331998549482
355,137,0.1028018516014046
295,41,0.10279992309111272
184,267,0.10279754797810386
962,1135,0.10279674066500416
986,749,0.10279528206227503
100,557,0.10279268202071268
251,19,0.10278805138039089
840,1149,0.10278360167345449
100,971,0.10278307585298364
295,518,0.1027818213247392
804,439,0.10278164398626966
778,522,0.10276922816223238
1143,1000,0.10276702402918375
577,843,0.10276626653979805
962,1137,0.10275870464416668
64,500,0.10275789175233953
251,991,0.1027549711828837
146,11,0.10275286093464439
840,1000,0.10274979680351452
144,663,0.10274872642026335
962,498,0.10274776234114436
251,379,0.10274336266371657
184,1043,0.10274023407782659
251,67,0.1027381676890704
962,527,0.102735357249415
840,212,0.10273118950401734
251,1008,0.10272844479612867
577,1153,0.10272842008160309
1162,219,0.10272765910439564
840,747,0.10272100107096958
251,306,0.10271667633609048
962,241,0.10271387447296376
778,471,0.10271248330659603
962,606,0.10271121322054023
184,974,0.1027099835903823
778,593,0.10270689146342141
804,220,0.10270683957883148
100,778,0.10270333554887676
1162,110,0.10270056516091225
778,509,0.10269747564428992
692,733,0.10269018703966169
100,377,0.10268774778884952
843,405,0.10268702363419321
843,146,0.10268541525061856
1162,1106,0.10268123419441805
295,490,0.10267815947544386
692,354,0.10267533117866794
692,1099,0.10267209670987787
184,1161,0.10266264224806905
146,16,0.10266062944126296
919,38,0.10265945089633743
840,741,0.10265927814701777
962,390,0.10265822697561532
146,540,0.10265536528159476
840,997,0.10265535923089641
715,778,0.1026536051672823
804,624,0.10265079552206212
804,1094,0.10264841788026131
20,697,0.10264671420918997
919,597,0.10264643030853239
919,350,0.10264635475966585
1064,681,0.10264551532394552
146,303,0.10263845626345929
716,852,0.10262845975869052
100,709,0.10261637727919565
769,206,0.1026081058649139
184,1174,0.10260317294310482
778,1005,0.10260171047911389
184,695,0.1025988139712635
843,728,0.10259647041267883
843,233,0.10259503926088437
295,287,0.10259277753663372
804,1050,0.10259134131926473
144,871,0.1025900799746095
100,714,0.10258883521840201
692,536,0.10258868281356107
9,756,0.10258572397493956
251,669,0.10258530750650727
962,159,0.10258311895941272
804,481,0.10258142631671327
778,1107,0.10257990445441043
1064,1183,0.10256985129638158
692,826,0.10256808953574373
356,505,0.1025659793019501
1162,915,0.10256397229149469
144,386,0.10255941557774652
184,929,0.10255504618630616
356,474,0.10255472361422935
577,786,0.10254289338748458
2,1160,0.10253867561170152
944,476,0.1025352596526619
184,967,0.10253519791226423
840,153,0.1025343259480059
356,374,0.10253072704921815
577,208,0.10252984450437368
919,25,0.10252631795664299
2,724,0.10252508006758414
986,589,0.10252359989326855
100,71,0.10252038939110635
1162,886,0.10251513151160711
804,808,0.1025142937434638
716,321,0.102513146421116
962,894,0.10251293014109798
577,1023,0.10251148514054159
944,206,0.10250513401269998
356,203,0.10250474729834058
778,975,0.10250112165091906
251,1012,0.10249853838603262
919,850,0.10249577739391834
184,241,0.10248635040465352
840,589,0.10248257672504113
944,257,0.10247911044863563
962,1199,0.10247789415207452
100,1173,0.10247733421706617
1064,1128,0.1024771895165936
1162,141,0.10247682054152885
843,1110,0.10247376726533879
840,931,0.10246831898802745
1064,335,0.10246677362546955
840,1048,0.10246388206804423
778,913,0.10246385669582739
577,623,0.1024637268205939
919,1152,0.10246242017827951
840,792,0.10246202658424124
1006,761,0.1024607126713934
144,695,0.10245630761427864
962,1049,0.1024520221436146
356,214,0.10245108867323302
778,596,0.10244867333119817
778,560,0.10244550407371134
144,275,0.10243633018094538
295,879,0.10243257892106437
1162,1104,0.1024311812776487
100,1034,0.10242933783626242
804,583,0.10241891848105655
1064,913,0.10241789310254222
804,1045,0.10241574786631437
840,199,0.10241552296031113
251,165,0.10241293502335713
20,415,0.1024117163198961
251,37,0.10241109721828906
356,1132,0.1024092038692562
295,393,0.10240840297148862
577,571,0.10240647026819909
1064,342,0.10240572238255576
919,32,0.1024039873820777
944,545,0.10240217870201816
251,827,0.10240138403498679
712,457,0.10239528672055352
843,368,0.10239459341556764
2,988,0.10239397837405291
355,680,0.10239378371498264
804,409,0.10239320267226916
962,246,0.10239164768247637
804,760,0.10238784849175632
355,155,0.10238423650510989
962,954,0.10238156239195055
986,699,0.1023788157525122
251,115,0.10237843892478872
356,339,0.10237708295086548
577,1009,0.10237531895608463
778,506,0.10237320310404072
184,318,0.10236698414236628
184,306,0.10236432405744716
144,759,0.10235991985979367
716,206,0.10235398032148571
1064,685,0.10235326074321945
1064,562,0.1023487430994029
251,675,0.10234710388697064
295,605,0.10234703734598695
804,1142,0.10234624801245976
9,967,0.10234621263817589
251,746,0.10234490167807543
251,28,0.1023439342653116
778,439,0.10234389365660229
251,486,0.10234294179280268
840,357,0.10234268665274467
1064,286,0.10234060559509356
2,450,0.10233790713161296
1064,542,0.1023322829529762
355,962,0.10233028675748475
100,1032,0.10232509481414168
804,161,0.10232164042382014
962,544,0.10231840551354934
9,345,0.10231684225679862
692,462,0.10231419254095253
962,63,0.10231259367554633
778,835,0.10230792818426938
962,270,0.10230706810812248
251,207,0.1023017937252661
804,1063,0.10230021899183546
962,622,0.10229815016601537
778,754,0.10229455585970271
1064,119,0.10229366551141503
962,989,0.10229003075427238
9,240,0.10227613625446728
840,419,0.10227305015124914
144,459,0.10227179808707826
1064,942,0.10227148815252958
144,357,0.10226596440464467
577,543,0.1022652368905943
184,665,0.1022642500226329
962,772,0.10226286242576203
692,113,0.10226218110296145
804,72,0.10226056486903218
144,657,0.10225924652090156
962,898,0.10225711307602511
692,363,0.10225700011807864
64,159,0.10225611420829893
840,922,0.10225476669466213
716,214,0.10225475235247201
919,550,0.10225461575348735
251,543,0.10224649043601772
919,776,0.1022458954772043
843,1151,0.10224507051786705
184,976,0.1022403073096404
804,12,0.10223743919115519
962,720,0.10223590736397643
144,890,0.10223473519112478
2,216,0.1022331493334655
840,21,0.10223233355279415
843,597,0.10223175246895318
1064,1171,0.10222711291357675
251,544,0.10222571475734352
692,840,0.10222550459728542
919,785,0.10222329479760178
295,1137,0.10221654489589956
577,703,0.10221330279675828
20,104,0.10220763398355084
146,441,0.10220593100806986
9,597,0.10220436985061594
843,547,0.10219483056849948
840,733,0.10219439206915593
716,472,0.1021928697533162
146,913,0.10219130039356143
962,361,0.10219123433894767
692,779,0.10218843663763098
184,349,0.1021796464660437
184,744,0.1021765284596781
692,511,0.10217620281535512
295,321,0.10217462742937118
295,408,0.10217409227868555
184,208,0.10217192637779708
692,293,0.10217119096307611
1064,560,0.10217015900375262
251,626,0.10216876441417803
577,549,0.10216675129785269
2,384,0.10216496242023482
692,999,0.10216438809397924
692,1100,0.10216044155955623
295,333,0.10215772592883354
356,1005,0.10215677422846393
356,722,0.1021547922137818
716,856,0.10215216990322606
1064,808,0.10214926026516746
804,717,0.10214717171115403
1143,357,0.10214366723405313
1064,85,0.1021414266573318
778,735,0.1021412414834036
100,913,0.10213424172847321
577,656,0.10213375560451496
843,980,0.10212981790610251
804,482,0.10212946598767468
840,132,0.10212800057261842
804,217,0.102121773092587
1162,1192,0.10212155044948754
778,260,0.10211729225555631
778,150,0.10211500410207396
2,17,0.10210374557426344
944,774,0.10209529441648721
962,585,0.10208225197359924
962,140,0.1020810257911379
840,953,0.10208068738825282
778,512,0.10208050606299568
919,1100,0.10207835290499151
146,1025,0.10207368027780746
100,116,0.1020736581529069
100,1044,0.10207168219997693
919,58,0.10207092948238503
251,846,0.10206840538412651
144,895,0.10206839464313268
804,1018,0.10206404398635538
962,1197,0.10206372034306344
251,270,0.10206283421563628
840,1189,0.102062669212156
1064,1034,0.10205759130721488
1064,835,0.10205687810397437
251,54,0.10205627149628506
9,474,0.10205579437090924
778,304,0.10205575692917443
184,269,0.10204934306428412
843,832,0.1020452352657269
577,385,0.1020441733128822
251,834,0.1020416224516412
778,653,0.10203866070342389
804,360,0.10203801547012431
144,1166,0.1020366361867588
692,1047,0.10203641379585202
251,13,0.102031140848895
577,35,0.10203070817176979
962,688,0.10202714057844198
100,1024,0.102024386863243
355,180,0.1020159747224261
962,387,0.10201583595234143
778,1072,0.10200960510284195
804,74,0.10200780128682045
146,567,0.10200768226658165
100,600,0.10200643592410388
692,632,0.10200572048013595
804,771,0.10200140004912762
251,1162,0.10199972759391593
251,957,0.10199914202829774
692,490,0.10199399492226735
144,14,0.10199051644199304
840,129,0.101987802570368
692,372,0.10198374833655863
144,920,0.10198098005446835
251,1074,0.10198088500384389
9,24,0.10197915525790763
712,216,0.10197819957118705
1162,959,0.10197520759192998
962,580,0.10197139448720031
778,443,0.10196424220937218
843,944,0.10196402149401479
712,864,0.1019621911971926
9,518,0.10196194281813192
356,287,0.1019586973338919
692,38,0.10195508953832548
778,105,0.10195418516338212
804,1100,0.10195280284488845
843,964,0.10194730080129631
184,32,0.10194598890725885
144,432,0.10194350728498629
9,519,0.10194042536707493
944,1146,0.10193921162497473
962,718,0.10193674208232169
295,269,0.1019365253664777
251,934,0.10193355518366909
840,857,0.10193167679479599
184,689,0.10193096537250623
692,314,0.10193078741196447
251,897,0.10192955983025787
184,113,0.10192888891128402
144,976,0.1019207280524345
804,1007,0.10192009838398085
962,353,0.10191893628501753
1064,1052,0.1019141541848449
962,473,0.10191036765026355
843,418,0.10191029275488381
1064,964,0.10190975168449078
144,1040,0.10190801054018758
778,961,0.10190473705684783
944,538,0.10189851130619611
1143,293,0.10189711665346321
986,1187,0.10189680322672147
840,823,0.10188889801639577
144,296,0.10188188455515995
184,638,0.10188013323033418
9,300,0.10187829193688834
577,813,0.10187619405137215
144,763,0.10187392868738988
840,889,0.10187377598733108
100,1072,0.10187226293898607
251,849,0.10186932061700125
840,454,0.10186863367385827
919,600,0.10186656188199836
577,276,0.10185862190780295
1064,627,0.10184912113127419
778,423,0.10184219815452124
356,421,0.10183733208163978
962,817,0.10183615010040384
251,1165,0.10183547031701073
20,151,0.10183388237301318
355,558,0.10183172519457406
840,65,0.10183070137206299
919,63,0.10182805898520021
716,146,0.1018228460284722
577,762,0.10182140550598213
146,106,0.10182136776007683
804,448,0.10182117245401409
2,321,0.10182109394902368
804,377,0.10181374985699618
712,793,0.10181059116595784
919,443,0.10180397919803563
804,801,0.10180261188361175
944,253,0.10180034315339354
184,233,0.10180021814919192
184,96,0.10179545171127934
692,471,0.10179182498181837
100,765,0.10178752534344168
778,672,0.10178691660284789
986,375,0.10178638643641426
144,1196,0.10178421907256961
184,422,0.10178373395549745
919,1136,0.10178113243175765
146,63,0.10177957792259917
944,648,0.10177352260026196
577,991,0.10177343145962241
146,377,0.10176907378018463
251,817,0.10176707494232111
251,762,0.1017659350335125
251,642,0.10176554201836188
184,717,0.10175719685550216
184,663,0.10175555296148085
692,976,0.1017543399359436
2,110,0.10175313932563042
804,96,0.10174934816347356
840,580,0.10174772762289398
100,396,0.10174462705453959
778,1117,0.1017431583646228
577,683,0.10174140040873797
251,1103,0.10174134169921752
778,1046,0.10173989637296946
840,946,0.10173846033428868
804,957,0.10173548786181462
9,271,0.10172281609549995
962,343,0.10172242107050627
778,1007,0.10172082209603085
144,694,0.10171951824085178
251,1081,0.10171819118294373
692,755,0.10171441031523253
712,630,0.10170758926719631
986,1146,0.10169897564056976
144,1183,0.10169234231032119
778,942,0.10168691474933499
100,68,0.10168369890808779
986,104,0.10168208783178283
184,914,0.10168044032480877
9,415,0.10167901689514995
144,762,0.10167840476095145
251,21,0.10167383925442752
184,34,0.1016733054833631
843,682,0.10167281615627531
778,573,0.10166727807437569
962,1089,0.10165308149640259
843,110,0.10165301120960456
144,1035,0.10165181546919352
144,516,0.10165057835576259
1064,336,0.10165027925539433
577,270,0.10164744310525037
692,76,0.10164497844174995
692,1004,0.1016434938799004
986,1084,0.10164113683267871
577,934,0.10163259477247369
9,404,0.10162586584019088
295,154,0.10162187872565039
986,888,0.1016216842489274
184,1200,0.10161731335377815
962,561,0.10161416333503578
356,472,0.10160901572540545
804,428,0.1016035037738038
962,853,0.1016030981286959
146,503,0.10159753563107404
184,851,0.10159632584328786
840,376,0.10159095257021317
577,817,0.10159055975530144
251,696,0.10158884921028541
919,808,0.1015874889189835
804,722,0.10158730512862116
962,814,0.10158519380709781
295,727,0.1015776545330917
184,568,0.10157627589891771
100,780,0.10157310695029867
986,814,0.10157195662696922
577,977,0.10157000671289453
712,669,0.10156784232315072
1064,368,0.10156491060574255
962,1129,0.10156168530271224
962,840,0.10154760526379583
9,750,0.10154692851252324
843,349,0.10154571874063995
184,821,0.10154372530640147
2,551,0.10154243668022163
986,12,0.10154141129890172
804,174,0.10153761981040482
843,801,0.10153623697584782
184,979,0.10153324119564329
692,972,0.10153295807155997
1064,1046,0.10153001744056617
577,406,0.10152755110567863
804,602,0.10152708255349288
577,1015,0.10152052726738599
692,1124,0.10151848334699472
1162,984,0.10151801926153364
840,612,0.10151757985587936
716,715,0.10151576262286528
100,83,0.10151190972090192
184,16,0.10150983282659097
843,177,0.10150480551521399
251,872,0.10150199030660291
100,505,0.10150160060057418
356,670,0.10149976699766079
144,915,0.10149564970981152
962,838,0.10149348457662992
251,611,0.101491527369682
251,501,0.10148846527750542
962,652,0.10148508665184106
692,219,0.10148427597933628
355,707,0.10148369956978646
962,890,0.10148033078462071
100,213,0.10148003244970386
577,894,0.10147924617757886
962,643,0.10147352343628059
804,524,0.10147281927685455
962,358,0.10147250983789145
843,345,0.10147114758790675
295,491,0.10146436497928121
840,764,0.10145722906640384
919,12,0.10145424865173405
577,92,0.1014530234206786
843,434,0.10145275109670635
356,1187,0.10145112119375502
146,1125,0.10145030938828636
840,655,0.10144887114652888
100,85,0.10144439394407744
840,271,0.10144097639518924
251,1111,0.10143935982470152
843,199,0.10143255227089824
100,438,0.10143098757292039
100,641,0.10142173388935535
577,144,0.10141483737233115
577,675,0.10141435403066328
577,187,0.10141317886850024
251,316,0.10141182649809573
919,665,0.10141089229679477
1064,735,0.10140990051506922
144,702,0.10140531875010815
715,426,0.10140395545302344
778,74,0.1013985456102165
1006,567,0.10139719003823337
986,803,0.10139634711805952
2,903,0.10139365432474078
778,632,0.10138991672494282
184,685,0.10138960989407163
146,993,0.10138021022332169
804,136,0.10137968992875176
184,709,0.10137654121651289
251,208,0.10137553838276404
692,121,0.1013747979219979
778,565,0.10137199640839224
840,749,0.10137067070138653
184,617,0.10136930759644322
100,120,0.10136796684799781
100,413,0.10136731409707256
843,450,0.10135455010264446
20,902,0.10135448504855325
144,1170,0.10135196286366735
577,75,0.10135104889300335
146,840,0.10134994443404768
778,919,0.10133640619443805
919,288,0.10133436376680739
577,935,0.10133392383070987
251,622,0.10133343926993328
840,191,0.10132922242553774
146,724,0.10132747303959422
577,413,0.10132483719428254
840,109,0.10132240687781473
64,840,0.10132137092849951
692,760,0.10132088334116474
944,158,0.10132079180014661
356,848,0.1013184202140187
146,684,0.10131618173607299
919,735,0.10131296781939421
100,443,0.1013057298356649
1064,273,0.10130244654344446
843,440,0.10130076693255023
962,401,0.10130003095206752
356,158,0.1012978103337143
919,506,0.10129594675706338
919,124,0.1012841848528252
1162,1143,0.10128250200122674
804,716,0.1012800940731137
251,24,0.1012787994652125
144,1100,0.10127759804057414
1064,174,0.10127554396986285
2,461,0.10127163185868
251,102,0.10126758384257702
20,176,0.10126069375371875
1162,723,0.10125657508431031
778,1173,0.10125650842812703
184,520,0.10125500623431984
962,130,0.10125276966008163
9,851,0.10125073787458794
840,350,0.10124534071203561
986,488,0.10124061525190518
692,589,0.10124024243078039
843,996,0.10123071045194774
184,44,0.1012295478414674
100,1152,0.10122535754967378
144,1086,0.1012212715165064
778,624,0.10122026972545302
100,1128,0.10121991934637267
251,741,0.10121740427072787
804,666,0.10121733937903668
20,1192,0.1012170636277014
356,1011,0.1012119262035682
986,969,0.10120826026758489
840,1053,0.10120620549906129
919,835,0.10120548471232554
804,653,0.10120417187091892
843,1010,0.10120198204770191
1064,392,0.1011963744248009
577,939,0.10119576892053153
100,58,0.10119527124867521
295,517,0.1011944797092805
840,193,0.10118137701492465
251,647,0.10117589423294888
962,820,0.10117177578064544
778,224,0.10116997273092479
356,814,0.10116918281270974
962,207,0.10116803324291115
962,1053,0.10116662767147128
251,618,0.10116635314175866
100,680,0.10116588411703785
184,635,0.10116134754088256
1162,463,0.10115813191925803
919,438,0.1011564494327773
184,240,0.10115584858805438
944,1130,0.101149031505047
251,1170,0.1011468574579987
843,835,0.10114550010894995
251,38,0.10114540610594894
1064,912,0.10114480744364167
962,531,0.10114444060367996
1143,476,0.10114253639133204
986,1097,0.10113920895860243
184,1137,0.10113728058008299
843,354,0.10113670787989605
295,851,0.10113568516248082
843,1011,0.1011335365868547
251,290,0.10113206799958327
577,652,0.10113048272653584
1064,1144,0.10112787250142756
577,1203,0.10112546254875207
919,76,0.10112122577324503
577,744,0.10112110827737124
1064,1015,0.10112011403306512
1162,243,0.10112006313938862
843,1150,0.10111539044564236
986,333,0.10111298986375637
692,159,0.1011120742955395
1064,292,0.10110966146877001
20,530,0.10110930068899024
184,299,0.10110393354185007
778,458,0.10110005752383318
251,630,0.1010907098343018
962,417,0.10108494190429021
778,837,0.10108087695908029
712,1011,0.10107512571995332
1006,114,0.10107503069040556
962,274,0.10107498350891002
962,991,0.10107165681374444
144,884,0.10106228287772151
778,874,0.10106157277778025
692,105,0.10106080365322968
962,492,0.10105998237646413
843,471,0.10105647906893314
804,432,0.10105258837675747
919,214,0.10104167955176173
1143,736,0.10104006918109067
295,888,0.10103574756519025
251,3,0.10103189170275453
962,766,0.10103156834772903
919,345,0.101031422435931
962,87,0.10103084178448744
778,1182,0.1010228084361342
295,1169,0.10102255223137539
2,978,0.10101679394635
100,728,0.10101632239608342
986,352,0.1010158831405254
919,736,0.101015338631591
919,111,0.10101389032156513
804,555,0.10101237079655426
843,327,0.10100969459506358
944,791,0.10100922067624794
100,117,0.10100830079871835
356,79,0.10100764856360325
144,870,0.10100699509475236
146,916,0.10100548437410105
356,56,0.10100255716314094
251,601,0.10100156265698396
778,655,0.10099874956482137
1006,765,0.10099292610488889
962,1071,0.10099238376096208
146,1031,0.10099216728678899
692,81,0.10098846612416576
577,540,0.10098513723963823
843,328,0.10098132560983573
144,322,0.10097937153143584
843,494,0.10097678003796644
840,776,0.10097610794608694
962,1061,0.10096821869621468
692,199,0.10095888341340822
962,315,0.10095849754956407
692,947,0.1009575815335472
1064,1186,0.10095690100316658
840,674,0.1009537238636742
9,458,0.100949277678528
712,298,0.10094680918335595
184,770,0.1009459671212613
577,1080,0.10094533797978626
919,690,0.10094144376466455
184,1183,0.10094075029906037
295,1131,0.10094071779581665
144,740,0.10093260120978562
251,160,0.10092849639097805
804,905,0.10092830675352385
295,632,0.10092659749909748
1064,697,0.10091979228019646
778,388,0.10091791809614813
840,896,0.10091462564040844
778,1151,0.10091412800682495
251,853,0.10090620782703749
9,1077,0.10090529566495986
715,879,0.10090519975459476
1162,797,0.10090314545967706
804,519,0.1008966972279966
144,1030,0.10089514182232942
1064,1006,0.10089456641164812
944,518,0.1008915395866659
919,814,0.10088941114063849
962,1163,0.10088919022128064
1064,1084,0.10088844135005011
251,36,0.10088637112984876
840,1004,0.10088524923471241
843,914,0.10088322900208344
843,1041,0.10088267203604853
356,268,0.1008823960347492
1006,968,0.1008821828559095
1143,180,0.10087683013463754
716,24,0.1008765934268811
692,420,0.10087342232458249
962,934,0.10087262373591077
146,664,0.10086538245550392
840,654,0.10086036940898165
692,1079,0.10085225498345758
843,667,0.10085046348518745
962,647,0.10084645451079186
778,203,0.10083234707242023
144,918,0.10083127179640008
840,579,0.10082626619591539
944,968,0.10082455502399175
778,399,0.10081513932635357
840,608,0.10081081900683139
100,743,0.10080986289446452
692,245,0.10080599464314292
716,633,0.10080523787817469
1162,218,0.10080281529267408
804,589,0.10079849977796458
804,1162,0.10079657870047927
843,247,0.10079124019562508
184,822,0.10078432908456497
692,310,0.10078067335821941
251,228,0.10078019049938329
9,436,0.100780092635538
9,440,0.10077945126101942
840,928,0.10077591174904107
1064,194,0.10077065201608974
100,930,0.10076844629965741
144,1027,0.10076792143799541
919,1128,0.10076393876770515
295,1022,0.10076274143247263
100,190,0.10076062767582576
840,584,0.10075522943513184
778,331,0.10075157313111242
1064,388,0.10074926476037102
716,83,0.1007449568197097
184,1156,0.10073791893111998
843,752,0.10073102686170156
356,382,0.10073075268408828
804,485,0.10072859699342822
146,264,0.10072363189860148
804,121,0.10072234370542738
100,154,0.10072223049472506
919,423,0.10072158942686855
778,823,0.10072059904000093
9,97,0.10072006912078511
577,929,0.10071895901359512
840,197,0.10071681254816098
100,1082,0.10071583246767676
251,1106,0.10071377776975576
184,792,0.10071288423911845
962,1093,0.10071244995114205
1162,726,0.10070828848819455
146,623,0.10070320553933851
356,283,0.1007022648928783
804,455,0.10069850194482349
184,959,0.10069703861650908
2,79,0.100694182986256
804,986,0.10069412663849589
1162,661,0.10068892190584576
100,755,0.10068675537232895
962,1103,0.10068404895439341
692,807,0.10068114422657559
778,1003,0.10067367017311564
251,786,0.10067165013425415
295,868,0.10067040436290524
692,1071,0.10066911986640309
919,450,0.10066271982754206
1143,734,0.10065963998130992
778,396,0.10065914272291067
843,336,0.10065628820084799
355,249,0.1006547800645583
715,774,0.10065215044468584
144,747,0.10064680196290288
840,870,0.10064501352367765
712,129,0.10064379514749863
692,662,0.10064307315312976
100,724,0.10064218734882611
184,38,0.10064007462442218
778,922,0.10063887987385575
251,128,0.10063887866195383
251,47,0.10063733597578634
184,110,0.10063547568107223
184,307,0.10062770820567583
577,642,0.10062272919633138
962,465,0.10062121064315983
919,172,0.10062018078768155
295,795,0.10061961403958193
919,444,0.10061399660150241
840,533,0.1006117045180861
251,426,0.10060468320538744
840,1094,0.10060371165232722
251,810,0.10060076960881023
184,1143,0.10059733558656758
712,986,0.10059615395922553
1006,483,0.10059482904141473
251,180,0.10059402331332723
962,316,0.10058924647206288
295,777,0.1005829595616385
840,885,0.10057744562310829
986,495,0.10057485060926888
843,350,0.10057263230393663
804,506,0.10056984346183175
804,345,0.10056907738552345
577,416,0.1005674232661692
986,1077,0.10055876845794587
144,916,0.10055728422290992
778,808,0.10053788878515531
804,781,0.10053715161393152
184,310,0.1005363955609957
577,1105,0.1005354511420487
986,24,0.10053526766684938
919,778,0.10053517396929605
356,972,0.10053341684133
295,852,0.10052774129979748
1064,120,0.10052413025118549
1064,733,0.10052268979447153
295,169,0.1005214564551041
986,707,0.10051971554469921
100,963,0.10051727933549558
840,619,0.10051407634905772
144,729,0.10051159536784071
962,1191,0.10051156976795096
919,706,0.10050771744971784
1064,574,0.10050211479736608
986,832,0.10050082565644404
1064,200,0.10050020342569045
146,165,0.10049262351476776
184,672,0.1004918406488364
100,1169,0.10048902421160666
100,1133,0.10048849008434836
962,513,0.10048614951489784
577,343,0.1004750659664779
184,925,0.10047022749415788
692,835,0.1004611416681295
804,104,0.10046051382620812
692,1094,0.10045883714081517
919,268,0.1004534285451701
144,822,0.10045129730797567
840,80,0.10044712911794326
577,534,0.10044657523572918
840,542,0.1004443201092267
1064,722,0.10044196443489391
919,1035,0.10044167432007221
251,401,0.10043622513234919
355,72,0.10042730235051012
577,145,0.10042653065069586
251,236,0.10042605089199996
64,962,0.10042412409061802
712,213,0.10041870563483736
843,16,0.10041456565835533
577,673,0.10041199817768737
251,938,0.10040957870212731
962,933,0.1004062206578246
1162,1179,0.10040468058552919
840,1152,0.10040128511451583
295,528,0.100397473107467
840,960,0.10039314642010069
144,106,0.10038994349064428
295,1120,0.10038903319341701
778,120,0.1003827380345171
843,269,0.10038079890139985
251,896,0.10037763955192193
184,886,0.10036632412759895
251,616,0.10036261678290848
577,1163,0.10036021359334203
962,1080,0.10035813215415357
778,1059,0.10035659102949812
251,278,0.10035459014195632
184,513,0.10035213370202435
251,499,0.1003500655160076
1162,804,0.10034802915755796
804,150,0.10034331791732101
251,925,0.10034260624029306
840,335,0.10033950473250228
184,953,0.10033866510579749
1064,758,0.10033407390349139
840,678,0.10033357482024313
184,1136,0.10032096322543313
577,788,0.10031569277869104
986,1038,0.10031490535379481
251,1049,0.10031323420049086
692,151,0.10031281212156855
840,56,0.10030590392433897
577,772,0.10030420047044983
1064,550,0.10030212808227335
251,1076,0.10029944983402973
843,750,0.10029410758775804
100,470,0.10029088275157795
144,975,0.10029078579266268
843,923,0.1002868160624538
146,927,0.10028589293971615
712,915,0.10028367739089326
2,438,0.10028158761646493
577,48,0.10027506836106906
577,1081,0.10027010707159276
146,249,0.10026753277635217
962,829,0.1002485900559557
1064,902,0.10024707992594548
715,1191,0.10024632264854925
20,79,0.10024229876993554
1162,557,0.10023691609302367
9,174,0.10023208790474172
146,1055,0.10022790388191978
251,603,0.10022787978083046
184,870,0.10022771056815655
184,1138,0.10022759476749973
843,423,0.10022488994876186
1064,654,0.10022449569118572
1064,105,0.10022269056726703
962,604,0.10021574525813756
919,129,0.10021562109199712
251,494,0.10021529845062448
1064,313,0.10021457113642362
251,353,0.10020466034269773
577,379,0.10019944862924275
986,923,0.10019824550807964
356,419,0.10019304352919947
962,228,0.10019170709983712
840,256,0.10018571647060563
356,915,0.10018538260513254
778,1093,0.10018212133894726
962,549,0.10018015096500793
146,764,0.1001801168381367
251,1176,0.10017730303768271
778,66,0.10017368473589296
1162,958,0.1001734771746422
919,1174,0.10017065403446204
804,822,0.10016971038755915
184,129,0.10015982238469649
778,547,0.10015898821786506
184,1140,0.1001496156005546
843,312,0.10013771641492568
962,779,0.1001368088437854
840,725,0.10013502930954161
804,1133,0.10013098420527461
577,1199,0.1001308650356914
184,105,0.10011852788255467
100,1171,0.10011701599512178
843,538,0.10011162693110942
843,733,0.10010656262738059
840,121,0.10010632344025021
804,218,0.10010556260334706
986,733,0.10010531719713994
962,931,0.10010401258286072
356,906,0.1001038548274051
1064,725,0.10010307760953004
577,1141,0.10009800882485097
778,136,0.10009789188606703
2,478,0.10009006372593285
251,976,0.10008801811208287
804,255,0.10008414187640538
919,1013,0.1000803365756162
146,611,0.10007545127630685
843,739,0.10007435361621989
100,707,0.10007158113211836
843,459,0.10007114558171352
778,454,0.1000696478202021
843,313,0.10006625131217321
251,438,0.10006369540477142
778,821,0.10006316048043429
840,702,0.1000560225898972
356,1201,0.10005271536050608
840,1018,0.10004544237923753
804,114,0.10004217927835932
712,657,0.10004196638970807
2,911,0.10002905424390976
144,371,0.10002501880122337
986,1142,0.10002369734418369
962,499,0.10001922016389465
577,511,0.10001544785936868
804,245,0.10001509015238601
295,805,0.1000146537331354
840,874,0.10001367989421464
144,512,0.10001340236437765
184,895,0.10001276898202177
843,984,0.10001021393556184
295,999,0.10000983748043171
251,1163,0.10000934830569377
184,381,0.10000764083926511
962,212,0.10000307121988354
100,877,0.09999862784632338
251,591,0.09999615981114943
251,710,0.09999461703831525
295,697,0.09998853294327653
840,241,0.09998731139767461
1064,440,0.0999869562168942
962,646,0.09998532746198495
295,129,0.09997597033628156
778,739,0.09997062671528252
778,1100,0.09996366453639596
1064,393,0.09996226798522634
840,1039,0.0999618137309431
144,550,0.09996020980208607
715,267,0.09995724230912419
843,59,0.09995668422265391
2,1026,0.09995636740965708
1143,986,0.09995306978473026
919,807,0.09995120783675562
843,108,0.09994720604705754
778,941,0.09994661512637107
1162,1147,0.09994587521844751
840,506,0.09994236802014471
919,1003,0.0999404633656232
962,302,0.09993543723556653
692,288,0.09993184195980526
804,90,0.09992463619554474
962,170,0.09992274295845274
1162,821,0.09990919262209311
1064,756,0.09990817337082901
2,159,0.0998982232137323
100,351,0.09989440049674095
251,794,0.0998933237013381
919,974,0.0998926146200707
919,66,0.0998900341593682
962,482,0.09988557491096525
184,734,0.09988391859119874
251,1123,0.09988248199079303
144,108,0.09988219925369997
840,460,0.09988111486274288
778,395,0.09988083914538098
962,819,0.09987719615589284
251,619,0.09987526973576505
843,310,0.09987365892977343
1143,43,0.09987203772588663
1064,462,0.09987177109240065
840,752,0.09987144004402404
843,1162,0.09986973433446525
577,1085,0.09986823585179097
251,322,0.09986529482178047
919,198,0.09986471614742529
295,1186,0.09985759682920622
1064,459,0.09985237424714484
577,586,0.09985145681328894
295,450,0.09984378168462925
986,288,0.09984346838477672
251,77,0.09984047147906425
962,1203,0.09983220657143406
1064,430,0.09983064283246723
716,244,0.09982779378723816
962,192,0.09982750111488646
251,645,0.09982479947992856
251,481,0.0998182835579041
919,352,0.09981357452084308
843,263,0.0998095014316533
356,653,0.09980681824201
804,925,0.09980158134977557
692,59,0.09979924338337369
577,240,0.09979711581712619
251,1027,0.09979480745451796
962,1184,0.09979375102113819
184,151,0.09978733632273182
100,750,0.09978096473366808
840,1170,0.0997793059342672
962,1141,0.0997732932596923
716,267,0.09976807834637882
577,402,0.09976418883714337
919,959,0.09976010569450704
840,646,0.09975568966160156
144,575,0.0997550998424513
778,25,0.09974705660983223
356,902,0.09974651813485344
919,1026,0.09974588549210865
577,679,0.09974542261229702
251,1117,0.09974301290882373
919,727,0.09974025833816122
144,80,0.09973659812893647
804,556,0.09973058930153181
251,265,0.09972252443693584
804,776,0.09972157000175277
1162,15,0.09971270991754025
962,554,0.09971250942210634
2,283,0.09970770707581118
184,646,0.0996945713439792
962,1019,0.09969058576153077
804,1122,0.09968767489390933
100,362,0.09968254205875962
840,59,0.09967957485186055
577,87,0.099670539371334
2,348,0.09966985941078946
577,365,0.0996661939097317
778,976,0.0996622118706901
577,50,0.09966112133880396
1064,949,0.09965158414540436
804,64,0.09965113592012846
1064,96,0.09964886674167943
778,392,0.09964634951411602
962,907,0.09964535795481172
692,884,0.09964249172524862
692,964,0.0996421303894217
834,640,0.09964132251500023
692,914,0.09962789776848031
356,469,0.09962675354469211
184,437,0.09962622284985163
778,232,0.0996259404344351
840,233,0.09962588885447152
840,364,0.09962060200896952
962,317,0.09961439265961394
692,641,0.09961019549825807
778,460,0.09960901560945146
1064,0,0.09959096461525635
712,1189,0.09958824429059107
356,305,0.09958823318879541
919,1149,0.09957894628424666
1064,708,0.09957418649586468
962,457,0.09957313863218234
919,906,0.0995716664413177
577,28,0.09956966775390491
146,334,0.09956818405554121
986,579,0.099561110184053
804,119,0.09956074738785582
1162,960,0.09955473021202198
840,935,0.09954685513409202
356,333,0.09954630415770863
1064,232,0.09954564758728605
251,580,0.09953635170976673
355,450,0.09953371478446735
840,937,0.09953110537420234
184,534,0.09952621351081299
146,886,0.0995257538391645
295,832,0.09952273434208037
100,632,0.09952193190962297
778,409,0.09952076276574749
840,571,0.0995188538729575
962,27,0.09951191969143554
100,1077,0.09950454462942974
295,91,0.09950417033986163
251,793,0.09950283312242234
251,560,0.099500598955602
356,71,0.09949996011265631
356,313,0.09949924876483852
986,799,0.09949540721442254
919,686,0.09949503410381581
692,803,0.09948402651440859
2,7,0.0994825513730604
251,776,0.09948066959561427
577,49,0.09947763128451927
2,665,0.09947396642434782
962,521,0.09946958891332529
843,432,0.09944826551844875
1064,26,0.09944596909001793
692,567,0.09944541998366113
251,689,0.09944375138208514
840,292,0.09944363096554479
184,74,0.09943734007427425
962,1149,0.09943215182201576
184,1167,0.09943076154662613
962,651,0.09943025952486091
840,277,0.09942963751084598
100,1154,0.0994263266378162
251,304,0.09942131014677971
840,786,0.09942059406934262
778,277,0.09941765643064301
840,413,0.09941567338662627
692,684,0.09941555986365416
295,510,0.09941055892454446
1064,149,0.09940425001125741
843,830,0.09940194634884326
9,494,0.09940096119410942
778,733,0.09939804492118302
577,1135,0.09939756753932451
577,445,0.09939682480868701
577,671,0.09939611366412998
356,428,0.09938890293289718
356,840,0.09938755854751491
1064,39,0.09938604861430149
577,527,0.09938601845107524
251,571,0.09938352838756082
577,451,0.0993805823281682
356,677,0.09937862772300088
356,321,0.09937484489085575
778,459,0.09937315573991805
251,354,0.09936782468438868
804,1028,0.09936758757664524
100,223,0.0993612609460255
962,1012,0.09935868746112478
840,320,0.09935547281339314
778,1039,0.09935088834459979
692,157,0.09934888975703965
577,357,0.09934797318735358
840,942,0.09934771806491147
184,459,0.09934757440129173
355,585,0.0993465037398714
1162,137,0.09934163378929914
356,231,0.09933582877919128
919,1029,0.09933260454715381
962,402,0.09933220391702882
251,168,0.0993307787337772
144,423,0.09932661385291502
251,1105,0.09932536993390115
577,132,0.09932137356662016
577,361,0.09931715165187696
295,175,0.09931664878114738
2,632,0.0993031948371402
64,494,0.09930315890802843
778,1166,0.09930250617122152
944,283,0.09930022782103312
986,1171,0.09930014447281459
251,503,0.09929661288075287
962,784,0.0992930594054915
184,1170,0.09928693306069375
184,655,0.09928643522372965
577,73,0.0992804090575301
144,394,0.09927954173021952
692,85,0.09927804240176999
962,739,0.09927537523327525
9,850,0.09927188158987486
146,572,0.09927100263562529
944,863,0.09926226651217537
146,1200,0.09926103138143798
843,870,0.09925857109501186
962,679,0.09925655576134929
962,721,0.09925237468901048
251,69,0.0992515944754047
962,759,0.09924953837700759
712,86,0.09924740025122797
843,941,0.0992469999468335
251,369,0.09924682476084074
1064,1057,0.09923436404860403
184,958,0.09923111682296155
919,152,0.09923059641039687
20,218,0.09922253389430326
962,54,0.09921906597591194
962,438,0.09921673703760749
778,555,0.09921363055783065
577,353,0.09921311473049903
840,242,0.0992081635198065
962,105,0.09920338338544377
986,175,0.09920016036557935
144,419,0.09919730857354868
986,1110,0.09919223891629217
804,739,0.09919210383191317
986,500,0.0991890244923664
692,1007,0.09918813420860075
962,849,0.09918434190584846
919,587,0.09918362859309524
144,844,0.09917695999750525
692,956,0.09917573686150219
251,829,0.09917558807835386
919,121,0.0991719225034982
184,364,0.0991703721691563
251,950,0.09916636548050822
962,619,0.09916566421150583
840,1140,0.09916372939633028
692,72,0.09916338503225244
962,359,0.09915717876512674
1162,173,0.09915694715342616
804,937,0.09915096401329165
840,895,0.09914510504037034
692,922,0.0991435736864795
251,193,0.099142994271235
184,449,0.09914053903835891
1162,151,0.09914045714573481
100,832,0.09913588778004692
1064,106,0.09913313098123044
962,307,0.09912967328886138
251,44,0.09912730056498502
577,598,0.09912622593237948
692,653,0.09912327227971386
840,72,0.09912121137475507
144,937,0.09912114323929491
804,463,0.099120933844415
962,115,0.09911929912638416
577,185,0.09911837352540093
962,626,0.09911765689209083
843,861,0.09911562549838615
295,324,0.099113465577608
692,129,0.09911333909179644
144,450,0.09910351198074983
840,392,0.09910064185119659
356,277,0.09910046587764304
577,851,0.0990941674007054
251,599,0.09909220953258009
962,448,0.0990884550602848
1064,1086,0.09908664095061703
577,267,0.09908482853349257
251,240,0.09907988606647719
577,2,0.09907687392589763
1162,888,0.09906850517254251
9,231,0.09906200202212757
712,617,0.09905804698588319
146,449,0.09905490464581677
9,592,0.09905141956454865
251,720,0.09905091047169653
251,826,0.09903933862018673
146,1149,0.09903911675983271
251,416,0.09903829545804671
919,325,0.09903820740843197
712,272,0.09903361955554903
692,172,0.09903293376659882
146,620,0.09903002823553303
2,1017,0.09902386193100736
146,275,0.09902171613749716
577,669,0.09902119824387169
840,1150,0.09902071004416206
295,754,0.09901785693094392
251,800,0.09901642693952611
715,642,0.09901355574781963
2,863,0.09901035849343683
692,901,0.09900836240656953
20,1161,0.09900604265652375
804,232,0.09900061641624355
843,716,0.09899938304762108
962,166,0.0989988244579252
840,981,0.09899507623898104
251,2,0.09899413902472173
962,79,0.09899129300107165
843,889,0.09898900216105215
144,558,0.09898056438378129
144,733,0.09897929697588385
840,225,0.09897621801053239
184,624,0.0989757614843474
692,685,0.09897526776312035
1064,215,0.09897234371089565
146,839,0.09897231402660409
251,289,0.09897204607658773
840,0,0.09896704258806979
840,825,0.09896203916741265
843,1054,0.09896146201681268
986,494,0.09896100014571882
919,1124,0.09895032161776528
962,1148,0.09894932692546705
355,1,0.09894767189369372
986,566,0.09894720617208708
577,423,0.09894411061394781
356,326,0.09893664906804729
986,351,0.0989345090310137
712,962,0.09893287750055738
919,586,0.09892747984558263
64,114,0.09892642301865681
843,370,0.098925634167549
184,681,0.09892071796345664
2,477,0.09891933839796951
692,716,0.09891842871466196
716,431,0.09890930283176798
843,1152,0.09890655558880868
962,1036,0.09890421266097844
184,960,0.09888925668169461
146,986,0.09888497714335279
962,128,0.09888130453658697
251,1064,0.09887396134424825
1143,793,0.09886708872989182
778,318,0.09886523636195517
577,773,0.09886196390107836
716,292,0.09885899995846298
251,51,0.09885751005865906
9,137,0.09885721289703385
804,1044,0.09885051666331274
944,841,0.09884648419147017
712,451,0.09884406790662091
251,148,0.09884256681490189
986,211,0.09884076729043369
251,1193,0.09883985030925178
577,653,0.09883735476068933
840,74,0.0988308776525146
144,739,0.09882268769970529
577,1092,0.09882194018190815
986,873,0.0988184996196143
840,508,0.0988182283742878
251,937,0.0988123707059265
986,478,0.09880860993516108
144,783,0.09880574198618387
843,874,0.09880395666048049
251,886,0.09880349808889607
962,296,0.0988014503534129
840,884,0.09878646997581025
184,627,0.09878481518883099
577,359,0.09877961457458902
356,156,0.09877950399194778
919,123,0.09877910790606778
804,1128,0.09877533607795519
577,770,0.09877501723216828
1162,249,0.09877148630444563
962,45,0.09876890408719974
577,184,0.09876729051391907
840,354,0.09876596688448837
986,787,0.09876464990887644
840,1160,0.09876414981987086
1064,936,0.09876129786381789
962,1165,0.09875202676234325
144,11,0.09874836956448901
2,902,0.09874623501367552
184,455,0.09874613277695012
184,678,0.09874536482407187
1006,707,0.09874480748904507
251,387,0.09874478943017721
251,847,0.09874400273271165
962,468,0.0987377036534847
962,808,0.09873316605735556
251,213,0.09872602656891963
251,386,0.0987137414528496
146,1075,0.09871325589818034
184,690,0.09871072094549727
778,564,0.09870169564317799
2,38,0.09870045930097725
840,1021,0.09869790897705355
100,421,0.09869677183810747
778,507,0.09869572864559774
251,749,0.09869449912767833
843,385,0.0986925854783161
100,113,0.09869231227077482
100,453,0.09868939970957971
295,342,0.09868789957667827
577,1077,0.09868691518398547
251,405,0.0986841636553104
146,749,0.09868375222461942
356,1044,0.09867809213852238
1143,402,0.09867608007708777
146,812,0.09867601847994906
843,803,0.0986760017553299
919,514,0.09867488327474659
962,210,0.09866843902998985
100,478,0.09866720396201624
1064,607,0.09866585567243928
100,1145,0.09866268406902706
778,889,0.09865622649513446
986,66,0.09865494572706883
840,1093,0.09865214087437581
2,684,0.0986477768618019
962,217,0.09864234643286514
577,492,0.09864147835193735
840,627,0.09864104055443429
692,918,0.09864021759836447
843,1142,0.09863483093747354
962,33,0.0986261408484471
804,297,0.09862529155761929
20,923,0.09862291314341269
919,653,0.09861996624576597
144,481,0.09861895853115989
251,201,0.09861692653674346
843,922,0.09861567028017772
184,40,0.09859612308637071
715,144,0.0985944502483087
962,278,0.0985921225046442
100,999,0.0985845989904084
146,642,0.09858051205270289
944,175,0.09857706859700165
356,143,0.09857586922026447
962,979,0.09857501170919042
919,973,0.098573554865925
692,702,0.09857266734387601
716,314,0.09857081861365867
144,1075,0.0985688576868455
1064,830,0.09856853625366632
919,769,0.09856622654789694
146,762,0.09856161484836076
962,36,0.09855927953728542
843,119,0.09855870789818538
146,820,0.09855829305428739
986,1055,0.09855278782884609
692,435,0.09855138403462098
100,1076,0.0985506719874171
840,563,0.09854718518002496
962,1155,0.09854589131834274
843,747,0.09854521096571368
962,737,0.09854381327188631
962,535,0.09854342385873549
356,223,0.09853649234571563
778,1128,0.0985324842852093
1064,1166,0.09853185955769626
144,439,0.0985317422395973
840,945,0.09852834183624526
715,1134,0.09852401047193622
986,1015,0.09851916671120167
962,226,0.09851326873482208
1064,314,0.09851316180705844
184,680,0.09851222128176172
100,1151,0.09849833959960286
144,823,0.09849588885959354
778,858,0.09849534355524442
715,265,0.09848831788975043
146,1099,0.09847733115611448
356,852,0.09847529237244364
843,911,0.09847264008616596
986,944,0.09846790024644568
692,946,0.09846502759415579
100,189,0.09846439798071695
919,497,0.09846403140859918
1064,123,0.09846397475427754
577,457,0.0984617829641647
251,941,0.09846007305917216
146,411,0.09845885924018816
184,1066,0.09845770044854167
804,489,0.09845760321306406
295,911,0.09845744492960683
840,151,0.09845695723100807
1064,1021,0.09845445863107714
840,473,0.09845266039032653
843,396,0.09844564337760481
577,1089,0.09844457287083044
1143,812,0.09844154914675816
712,741,0.09842955653560093
843,845,0.09842656810647957
986,141,0.09842560088670921
251,838,0.09842391882633804
804,23,0.09842388986072484
840,83,0.0984215250864778
804,257,0.09841817994940034
251,915,0.09841728029770341
577,142,0.09841488925565005
962,836,0.09841362235223915
1064,493,0.09841132838995233
1143,337,0.09840889249875283
146,909,0.09840664240099968
840,1133,0.09840146909370771
840,268,0.09839693564962597
184,220,0.09839574397289928
1064,555,0.09839538778439114
577,664,0.09839343479388771
919,840,0.09838877610808891
692,1018,0.09838584742250644
778,532,0.09838580347672689
251,997,0.09837948854255252
146,1064,0.09837925672554411
2,397,0.09837645899174012
356,129,0.09837606319676559
100,940,0.09837258909872636
2,1095,0.09836752089633148
295,793,0.09836748379455502
1064,824,0.09836706610315786
295,264,0.09836592563704132
1064,875,0.09836403531398484
692,981,0.0983577682471046
251,140,0.0983509883964191
962,764,0.0983441578365769
184,1106,0.09833981182344426
804,611,0.09833832139859204
843,1084,0.09833747653364791
692,555,0.09833703100238561
144,630,0.09833655602576959
184,944,0.09833443112878243
962,265,0.09833364392447107
295,1063,0.09832910071556644
962,454,0.09832758796087698
577,304,0.09832591470180378
20,453,0.09832561007065296
986,728,0.0983207235183157
804,593,0.09832053286415278
144,372,0.09831999293917297
919,213,0.0983140194606328
1143,72,0.09831377746362203
1064,152,0.09831320460411565
962,69,0.09831260536489081
1162,4,0.09830630776119319
804,328,0.0983061710456502
804,725,0.0983061691053849
251,1137,0.09830355951486913
712,1179,0.09830272271159571
144,393,0.09829838483063003
100,352,0.09829456533975434
184,65,0.09829245753505936
9,860,0.09828914551213233
144,996,0.09828446688857795
184,533,0.09828321311285391
100,408,0.09828007026042967
804,46,0.09827518828173597
146,436,0.09827221466702435
962,675,0.09827139507486297
778,462,0.09826489828726268
251,702,0.09826469099888144
778,247,0.09826159454130551
1162,129,0.09826019332596747
804,381,0.09826014152801738
2,1041,0.09826013129975794
1064,461,0.09825738253944083
962,996,0.09825216962127341
840,236,0.09824657572932409
1064,765,0.09824471205498302
100,1003,0.09824419742703489
295,176,0.09824410240702652
356,892,0.09823812324832162
355,1029,0.0982380978893097
295,219,0.09823294310043845
778,786,0.09823124185730796
919,55,0.09822794974525882
2,904,0.0982271167630224
843,919,0.09822305533238812
2,883,0.09821937930634309
184,174,0.09821759744525092
144,961,0.09821628677016765
840,369,0.09821518049105393
778,493,0.09820354821308169
1162,236,0.09819951582286553
804,0,0.09819864284671251
9,1161,0.09819662735489784
577,644,0.09819632513723713
577,381,0.09819332871803459
986,173,0.09819081389935456
712,1014,0.09818692296987463
251,672,0.09818662478359903
146,734,0.09818303904212954
840,1035,0.09818108846389288
100,1182,0.09816164232121294
146,79,0.09815498332861991
692,832,0.09815456137299913
146,647,0.09815427566215379
20,1175,0.09814734067204715
804,750,0.09814651799162048
577,604,0.0981463022066269
577,1155,0.09814440406308321
692,593,0.09814135632969574
184,158,0.09814038006131
843,912,0.09812555582269368
100,814,0.09812307424754722
9,264,0.0981227600567925
146,1080,0.09812139885682639
1162,483,0.09810744951865963
577,620,0.09810527492004632
295,562,0.0981002618531223
577,1143,0.09809404989526169
577,422,0.09809320279311001
251,88,0.09809294458607343
146,858,0.09809104712357562
962,746,0.09809044629889681
962,467,0.09809043823526423
778,830,0.09808931361107462
840,667,0.09808780187294107
919,374,0.09808674831269108
251,32,0.09808487994826981
2,1099,0.09808470795212759
843,438,0.09808356117052487
9,39,0.09807892363551302
840,596,0.0980746079812873
692,79,0.0980732824553163
251,482,0.09807146136289178
804,1154,0.09806800138684
1064,771,0.09806669822002433
577,559,0.09805978078098124
144,334,0.09805588352462011
778,964,0.09805489127607522
146,838,0.09805450284008231
840,1167,0.09802666494713844
919,103,0.09802112415407435
843,589,0.09800789499425101
577,501,0.09800623132704292
144,236,0.09800388011879896
1064,957,0.09800312864512158
840,1166,0.09800027207306287
184,753,0.09799371019999595
144,460,0.09798766539719658
1143,1092,0.09798459902904463
144,59,0.0979818661044464
840,432,0.09797905390692126
778,940,0.09797238954480769
146,843,0.09797220180331281
577,1076,0.09797062590305637
840,1182,0.09796684866573764
804,175,0.09796349575524439
944,1077,0.09795664520326905
843,957,0.09794862546236952
986,971,0.0979422302996447
692,505,0.09794136293382104
804,702,0.09793643796513117
295,5,0.09793571278015076
184,271,0.09793526926854022
144,356,0.09793391345060576
251,319,0.09792597513865946
1064,298,0.09792499880473966
962,1123,0.09792072888969275
184,3,0.09791641457249194
692,455,0.09791624940562481
184,25,0.09790581576778747
251,512,0.09790189684100073
2,146,0.0979006032224984
577,201,0.09789897539420714
2,517,0.09789773538808347
986,592,0.09789489958071192
146,527,0.09789357294748259
778,772,0.09788496524571431
356,930,0.09788442507029844
1064,1152,0.0978810743583683
778,505,0.09787267292781539
1162,419,0.09786716091706803
804,313,0.0978670765556833
962,613,0.0978660271015452
100,79,0.09785855606043396
919,999,0.09785487355991897
577,317,0.09785254969350889
184,59,0.09785247676728698
251,271,0.09784667419289592
692,1026,0.0978461615152181
804,507,0.09784519504247367
962,595,0.0978429466100938
962,82,0.09783163864045892
692,1050,0.09782422485385632
184,137,0.0978232175326548
9,606,0.09781778686782898
577,1123,0.09781144752824611
184,641,0.09780963517783918
146,944,0.09780344236861216
962,629,0.09780120100386971
692,335,0.09780027679536347
962,245,0.09778993928167327
804,307,0.09778966884137064
144,358,0.09778960666875282
100,959,0.09778959067959236
962,102,0.0977880460770246
692,282,0.0977864809596077
919,151,0.09778473616634921
251,953,0.09778375154118744
778,884,0.0977818979514842
251,836,0.09778170628409376
712,8,0.0977772748746868
184,1100,0.09777312795734304
804,105,0.09777274388244626
986,1091,0.09776621254147352
295,9,0.09776578344957396
843,1094,0.09776554190629307
146,476,0.09776347946821147
986,257,0.09776347424436323
146,825,0.0977597653986504
251,948,0.09775768945158059
144,146,0.09775694192261442
692,167,0.09775421678381917
804,435,0.0977530894420257
1064,672,0.09775241277121001
2,93,0.09774832325840242
184,837,0.09774785039323404
577,316,0.09774317858799943
2,491,0.0977418010140563
986,397,0.09774042751092672
251,876,0.09772991589500753
146,960,0.09772382337002418
2,308,0.09772369394519824
843,11,0.0977147980483756
184,887,0.09771209701663734
577,387,0.09771193015898284
1162,755,0.0977098469016312
962,897,0.09770977643875033
1064,83,0.09770854382415937
144,517,0.09770309069004451
962,714,0.09769925467715442
919,607,0.09769682448126331
944,987,0.0976961437764667
1064,339,0.09769503464471306
919,917,0.09769350091213075
100,1069,0.09769303180204458
1064,364,0.09768544122915104
251,389,0.0976822352285713
146,92,0.09767803187091861
962,792,0.09767315622519882
1162,1025,0.09766457002498839
1064,1094,0.0976641175295525
144,936,0.09766357159260591
962,956,0.09766306290844286
804,116,0.0976584305038938
919,169,0.09764987460882384
919,194,0.09764802144434985
692,1145,0.09764659645456909
144,913,0.09763704375055104
716,670,0.09763419837934566
251,197,0.09763117672438455
144,328,0.09762928126738299
1064,958,0.09762902409459315
1064,466,0.09762626740722079
356,124,0.09762612875142235
1143,1202,0.09762206761956813
944,97,0.09761900390869463
962,484,0.09761767632312297
962,815,0.09760637332005048
962,1105,0.09760629638678389
144,955,0.09759849966989699
778,666,0.09759479952007671
843,1107,0.09759154006434966
716,395,0.09759062606059024
251,684,0.09758924711095687
251,1019,0.0975832868174788
962,141,0.09758189959608003
251,975,0.09757278357810337
144,1168,0.09757248095723517
804,199,0.09756882624282158
577,853,0.0975686810180799
692,256,0.09756486620856095
577,1052,0.0975614955865447
962,1127,0.09755894616765196
1064,1100,0.09755630012710224
919,517,0.09755502000799372
20,254,0.09755237309193658
840,307,0.09754894034773422
843,1045,0.09754789926662605
577,993,0.09754762101090417
962,548,0.09753857181224639
577,954,0.09753846722543764
1064,1147,0.09753817578933188
692,638,0.09753748638975364
804,1136,0.09753736921851194
2,1090,0.09753712565435006
577,112,0.09753485678946328
184,889,0.09753379807451415
843,735,0.09752294980456432
577,913,0.09751469043261453
351,26,0.09751376485920163
251,575,0.09750880897987581
100,915,0.09750753457461776
251,81,0.09749954958738363
919,392,0.09749319603209605
2,719,0.0974880193296292
251,83,0.0974786910363055
100,1015,0.09747552919452436
356,495,0.09747305568836277
840,637,0.09747105203536731
2,709,0.0974707400609953
962,1051,0.09746614187188667
251,725,0.09746578277923845
1064,448,0.0974648436117611
251,910,0.09746475421384883
356,1098,0.09746457500243895
840,1013,0.09745099207735294
251,753,0.09744272482889238
2,697,0.09743965293424788
9,456,0.0974379036716631
251,989,0.097427370180112
840,999,0.09741935978073997
1064,256,0.09741851102547934
295,1057,0.0974174345021241
692,945,0.09740772170142196
962,394,0.0974072474208289
144,511,0.09740643965861676
712,673,0.0974016790108505
962,88,0.09739745038042368
692,874,0.09739511864835533
184,667,0.09739203380212877
804,106,0.09739125566695823
144,1150,0.09738396472121089
692,902,0.09738358322044134
356,509,0.09737952069676135
251,334,0.09736545794750813
251,1051,0.09736521236894531
778,828,0.0973635533342255
577,829,0.09736220884756346
251,1136,0.09736201823821
251,1184,0.09736141071120774
251,1022,0.09735458737290516
356,431,0.09735407750670724
778,826,0.09734950277586912
144,1136,0.09734591558338633
184,150,0.09734115474494842
251,825,0.09733269074297528
919,1097,0.09733242817652282
9,707,0.09733170748390085
577,86,0.09732403805155537
840,64,0.09731908588059741
778,818,0.09731669492218176
356,1065,0.0973158098196543
577,601,0.097305563358499
1162,72,0.09730477291376458
251,293,0.09730463752898695
577,1156,0.0973032923805792
804,354,0.09730232314077539
962,800,0.09729539284050094
919,225,0.09729271244056013
804,151,0.09729147463503882
1143,923,0.09729113067184807
144,247,0.09727617687483466
356,785,0.09726260499933327
144,30,0.09725721772305906
2,1063,0.09725549599349834
986,350,0.09725308178970042
692,423,0.09725278558480369
577,296,0.09724949893997163
1064,4,0.09724601473512734
1064,918,0.09724597229035438
840,12,0.09724166329886692
144,1007,0.0972416502486953
778,1020,0.09722912751487309
778,238,0.09722606147681344
9,1070,0.09722557153034225
144,753,0.09722488371572036
919,509,0.09722446190963117
1162,966,0.0972239952924473
9,796,0.09722178266769092
712,501,0.09722005523030561
146,969,0.09721981364944182
919,1167,0.09721909798480474
100,906,0.09721603607457595
577,816,0.09721498450442354
20,206,0.09721295505654381
1064,1077,0.09721292840113449
146,433,0.09721023262440358
295,904,0.09720373216430682
840,306,0.097202429317919
804,454,0.09719803704114488
64,236,0.0971958041300453
778,682,0.09719422481668875
2,298,0.09719407319844305
986,234,0.09719404281173928
778,333,0.09719182653864428
144,560,0.09719119088747917
184,1018,0.0971911838256804
840,760,0.09718345312457922
986,726,0.09718283630852713
712,906,0.09718215701475452
577,109,0.09717672178030802
2,840,0.09717322806855709
840,1064,0.09717221070108482
840,708,0.09716737341133172
944,238,0.09716591711643109
146,18,0.09716439613658347
716,1004,0.09716191456000767
962,67,0.09715257170691692
100,293,0.09714543071302001
962,664,0.09713991857436029
577,464,0.09713693649086759
840,310,0.09713488278187456
962,384,0.09712696660232267
1064,478,0.09712361051093671
146,368,0.09712345413319996
919,918,0.09712265470412433
184,714,0.09711097219286302
144,41,0.09709893718912825
1162,627,0.09709422612393744
692,438,0.09708929619636401
778,495,0.09708727424008351
843,197,0.09708586166608389
144,287,0.09708122022142271
840,517,0.09708100999892756
295,1029,0.09707752829318612
840,682,0.09707645858035419
778,750,0.09706481289769206
251,1073,0.09706377102223336
1064,687,0.09706221107032428
843,1161,0.0970599466415987
100,545,0.09705599184964049
986,1034,0.09705421377087169
351,660,0.09705349784446855
1064,15,0.09705244211799102
144,485,0.09705107493567691
100,104,0.09705039100386693
840,556,0.09704503603661309
146,1113,0.09704465787333692
146,901,0.09703513340752717
843,793,0.09703506218717778
184,674,0.09703329535645461
715,89,0.09702922525998338
184,1039,0.0970223561577802
804,189,0.0970208059632471
692,861,0.09701349772954376
919,824,0.09700793177785069
251,136,0.0970061708986618
919,164,0.0970058743359834
184,1036,0.09700478310806047
986,231,0.09700029889831098
986,1177,0.09699952274517619
962,896,0.0969878935483837
843,555,0.09698564372984551
962,1033,0.09697742335907956
840,289,0.0969772202497546
712,122,0.09697454920368581
351,856,0.09697293727641258
1064,203,0.0969703839730379
251,604,0.09696839443447075
778,299,0.09696703357630716
577,209,0.09696696971311404
144,1174,0.09696625909856336
840,919,0.09696437858751039
919,811,0.09696334951389898
840,409,0.09695880621135075
962,1073,0.09695547330318956
962,11,0.09695032554848015
778,191,0.09694937324563171
577,668,0.09694876253320607
919,1078,0.09694313467704803
1064,408,0.09694271372965897
778,845,0.09694137444252884
251,402,0.09693782195472711
1064,267,0.09693713621168781
986,9,0.09692556497847249
962,240,0.09692428109197465
692,1162,0.09692206369388984
146,414,0.0969162301496353
1064,873,0.096915212947431
295,974,0.09691324462494845
919,1145,0.09690550358714031
840,395,0.09689405080907204
840,504,0.09689394751117487
804,295,0.09688328136967722
962,349,0.09688166569081526
1064,884,0.09688095857405123
146,597,0.0968808042194258
962,1117,0.09687208928048295
778,844,0.0968701244715824
840,545,0.09686435392034129
804,536,0.09686394432301436
184,41,0.09685620624764431
804,352,0.09685431218788929
778,648,0.0968505735723248
100,244,0.09684874506426254
1162,122,0.09684708012021631
962,410,0.0968347257643018
692,269,0.09683453783858258
1162,415,0.09683023574119276
1143,1153,0.09682671708261485
100,504,0.09682475597427358
20,567,0.09682034427091632
20,1,0.09681628449393957
804,1151,0.09681467682594454
962,411,0.09681311554118643
251,331,0.09681146291031567
840,93,0.09681076203038017
144,874,0.09681049488214867
778,667,0.09681038521108426
577,220,0.09680994403799094
295,497,0.09680102881037563
1143,967,0.09679959623448972
778,518,0.09678870338813866
9,660,0.09678683209487958
840,1069,0.09677548604819257
840,801,0.096775149809921
184,507,0.09677471514636925
778,111,0.09677408077337371
1064,117,0.09676889249307656
295,621,0.0967662493589069
100,175,0.0967599664716173
251,87,0.09675493736274832
577,643,0.09673837103701431
962,822,0.09673748113889145
778,780,0.09673695789909943
100,1161,0.09673540195835159
9,994,0.09673347179140077
577,1014,0.09672533773714066
577,1068,0.09671797440060988
144,985,0.09671725834192038
251,894,0.09671635682704245
100,972,0.09671471228329653
9,333,0.09671245814068663
144,828,0.09671078474955669
251,442,0.09670997999427555
184,242,0.09670575384238325
100,1011,0.0967013454644119
804,40,0.09670008841684423
715,650,0.09669645686228719
962,373,0.09669255426677928
577,695,0.0966866078118691
295,1058,0.09668505322857134
840,851,0.09668095978845155
840,521,0.0966805857530717
146,390,0.09667417920219624
64,9,0.09666487632002142
804,335,0.09666485979277306
251,788,0.09666207431285571
577,298,0.09665840397782433
577,849,0.09665458097159196
577,898,0.09664758536517432
843,469,0.09664492480892102
577,682,0.09664458427984746
962,767,0.09663810209419249
20,1143,0.09663618741508274
146,703,0.09663609070273912
2,219,0.09663539669570893
778,914,0.09663378502043236
356,883,0.09663059196753165
251,885,0.09662807318171372
146,890,0.09662791985481645
962,576,0.09662661294602638
184,11,0.096623985465619
962,520,0.09662372113993303
251,812,0.09662218830990633
184,937,0.0966220409396414
840,374,0.09661968795003224
962,943,0.09661633240570701
577,1101,0.09661172482230344
577,405,0.09661008578944753
712,887,0.09660966952535913
100,53,0.09660826102148352
100,20,0.09660180844180764
804,854,0.0965946726755324
962,872,0.096594196296201
840,587,0.09659206454441925
184,896,0.09659176475043893
778,199,0.09658527609063833
919,1125,0.09657622971922408
804,459,0.09657591095504853
1064,1071,0.09657499383040079
840,509,0.09657054977840335
9,478,0.09656725426996272
843,873,0.09656642329680007
1064,348,0.09656388985636652
100,1006,0.09656376591292799
146,878,0.09656235540078999
355,1042,0.09656084522971481
986,811,0.0965594107277003
146,361,0.09655669526464446
295,397,0.0965564221526615
840,797,0.09655186855210646
919,971,0.09655124343238196
778,728,0.09654846224113461
944,60,0.09654067006191945
100,977,0.09653176523081858
577,319,0.09653144938939101
577,782,0.09652690985929967
962,656,0.09652466212394832
962,1024,0.09652227251752675
251,1156,0.09652154499820083
144,1182,0.09651385389518631
986,162,0.09651360135307976
962,858,0.09651238719018856
840,1156,0.09650937374745809
577,182,0.09650636143871047
251,732,0.09650086478209456
9,188,0.09649928412239948
1064,1090,0.09649462787697102
962,318,0.09649046369437904
100,297,0.09649022257593662
2,162,0.0964879462439642
100,326,0.09648495264602377
2,1185,0.09648320797948477
840,722,0.09648238312247674
144,330,0.0964808122985313
251,329,0.09647054974869443
577,1111,0.09646969138571729
1162,500,0.09646954087877585
804,632,0.09646685488036641
1162,729,0.09646644825041967
146,294,0.09646534868853929
840,1011,0.09645989630586844
100,41,0.09645751160741288
9,340,0.09645431431899373
577,258,0.09645292708592548
692,327,0.09644464556287938
184,385,0.09644314892734959
1064,344,0.09643877204164769
184,1030,0.09643401023721013
840,493,0.09643179497298388
2,475,0.09643153592498327
1162,789,0.09643131183154144
144,1076,0.0964306998083158
962,168,0.09642715124020652
840,312,0.09642375081715233
577,921,0.09642127534946704
944,71,0.09642046524349092
692,206,0.09641555145414477
1064,1078,0.09640772131007963
962,365,0.09640190748522123
962,167,0.09639962943611485
251,1191,0.09639719873760744
962,980,0.09639591871059162
840,873,0.09638870126950107
295,942,0.09638306082364566
778,781,0.0963798489511175
100,1118,0.09637930615054018
840,781,0.09637851485750945
144,384,0.09637350665903427
295,639,0.09637051702478697
962,46,0.09636532027708133
962,260,0.09636262905938495
577,314,0.09635020573633159
144,1039,0.09634738135439852
843,268,0.09634328016999222
986,1124,0.09634002223071092
146,614,0.09633975134574739
100,419,0.09633447002097448
100,338,0.09633379525882423
144,682,0.09633308018913699
144,55,0.09633023759265257
144,573,0.09632911294291331
712,619,0.09632560854805239
692,429,0.09632533959901875
840,974,0.09631897749387344
251,1043,0.09631778767575727
577,67,0.0963094621707786
577,330,0.09630675094988324
2,398,0.09630395645555295
9,236,0.09629539675168043
962,502,0.09629477993529681
840,1107,0.09629366091875152
20,585,0.09629304618470001
251,1045,0.09629153947317359
577,318,0.09629071185832545
1064,458,0.0962895763130059
843,430,0.09628816598439696
184,579,0.0962879031160325
804,915,0.09628746828875419
778,159,0.0962857635337446
804,113,0.0962831245065399
184,336,0.0962587699939747
919,53,0.09625845467943184
144,400,0.09625529856687394
9,372,0.09625295943121834
1064,326,0.09625101010443601
295,636,0.09624532703033124
577,932,0.09624474632776725
577,285,0.09624432880320226
144,653,0.0962440992481465
843,945,0.09623804985378084
804,493,0.09623693471557013
778,1071,0.09622940420092375
100,756,0.09622893426297813
144,471,0.09622564473678744
9,1025,0.0962195821407447
962,770,0.09621941921035573
715,914,0.09621624123953272
146,990,0.09621415018936962
843,79,0.09621099485269936
804,947,0.09620889770359525
712,644,0.09620803204420889
1162,946,0.09620519079595534
944,590,0.0962046634483296
778,790,0.09619805765549765
1162,606,0.0961953982157884
146,251,0.09619466692894063
577,580,0.0961863671875015
1064,1069,0.0961847520045386
804,385,0.09618317448745231
20,727,0.09618268447113873
184,234,0.0961815516826249
251,25,0.09618105585189951
1162,538,0.09617859201679112
1064,111,0.09617000604753723
577,512,0.09616828379240414
144,1005,0.09616735517402843
804,197,0.09616585299870363
144,725,0.0961654359720477
251,521,0.0961645545749906
962,320,0.09616359087967769
356,1120,0.09615919882965174
251,831,0.09615796790558002
692,117,0.09615694367570375
804,912,0.09615224868142286
962,142,0.0961479654040682
356,300,0.0961438668866833
184,1162,0.09614300479780541
20,377,0.09614258592042868
778,287,0.09614098805553666
100,974,0.09613917595201896
251,763,0.09613821641628732
778,1047,0.09613345883130767
986,606,0.0961317085023278
712,1023,0.0961302560895799
356,173,0.09613002795574895
184,454,0.09612776172226278
251,657,0.09612392499887251
146,753,0.0961152571251915
356,706,0.09611440920375565
778,957,0.09611435811072688
295,1025,0.09611278843510777
146,543,0.096106882776336
184,945,0.09610640543746697
804,58,0.09610542402694769
840,198,0.09610418942117509
843,533,0.09610226607427737
962,539,0.09609954593204954
778,955,0.09609382526979646
843,612,0.09609363030465337
712,586,0.0960915647491634
1064,476,0.09609092789858541
144,956,0.09608588188916464
144,941,0.09607481827451439
962,709,0.09607289833388605
804,1102,0.09607073229604306
843,122,0.09606660043546755
251,565,0.09606321227498162
251,1129,0.09605973835944928
962,1095,0.0960591964369712
840,593,0.09605688123390448
184,560,0.09605664217600476
184,141,0.09605497348109329
100,752,0.09604774393198179
962,1068,0.0960371933651099
843,462,0.09603625352935533
251,170,0.09603422584417294
692,1072,0.09602982654215303
184,264,0.09602906816497457
962,870,0.0960272567654053
144,105,0.09602481079047955
144,837,0.09602284788038946
421,977,0.09601875595419473
144,790,0.09601613629199389
804,476,0.09601259319664228
356,857,0.09600634695204562
843,928,0.09600617163041247
843,1021,0.09600585868573064
715,770,0.0960033628858788
251,678,0.09600235777190497
840,118,0.09599286448558696
1162,213,0.09599262696644499
986,889,0.09599241900899025
712,747,0.09599158560312136
251,830,0.09598565871192924
804,966,0.09598369685126724
778,807,0.09598323705371993
1064,282,0.09597935555724842
144,1018,0.09597462441020123
577,688,0.09597262465997962
146,70,0.0959679963214563
804,511,0.09596753831878327
1064,742,0.09595991600555208
184,1128,0.09595879672599368
1143,356,0.09595879503081516
962,161,0.09595769838743384
184,80,0.09594983620587241
962,160,0.09594710615359361
144,292,0.0959468254268277
251,177,0.09594357691624031
1162,865,0.09594214248173905
100,754,0.09593900717179125
146,646,0.09593753730873546
804,765,0.09593701700992624
962,239,0.09592984997981341
962,1030,0.09592149979019164
9,106,0.0959195162895894
712,146,0.0959087949206588
251,433,0.09590659891898537
715,165,0.09590625885197317
146,649,0.09590486111789953
962,662,0.09590439655488198
843,955,0.09590274275654778
100,840,0.09590188377983963
840,739,0.09589756808015544
577,1062,0.09589756224805217
146,692,0.09589662202683878
1064,945,0.09589600014442641
840,914,0.0958959197553831
843,685,0.09589348158166305
144,81,0.09589071845114225
692,709,0.09589051783231171
251,524,0.09588478075304416
834,543,0.0958845248964393
144,381,0.09588329836797181
146,54,0.09588294302022878
804,282,0.09588183397760755
251,808,0.0958792093913433
577,645,0.09587493857390728
843,258,0.09587356250975927
184,985,0.09586921447320995
146,674,0.09586634725310982
840,377,0.09586522148870325
184,1074,0.09586244317145412
144,896,0.09585693812213425
716,590,0.09585680782960265
251,312,0.0958512042405592
144,889,0.09584702194681906
9,1084,0.095838474225788
144,38,0.0958379737443866
184,1077,0.09583282422674826
251,112,0.09583231475937846
962,40,0.09583182853558651
146,43,0.09582954712569794
715,943,0.09582714536674883
778,403,0.09582690734550466
840,557,0.09582266104675441
355,1025,0.0958181913331937
1064,515,0.09581660896067667
1162,476,0.09581098374634385
100,1132,0.09580939824001034
962,775,0.09580291158805983
144,1122,0.09579970805651285
146,736,0.09579932041863304
251,583,0.0957974277024031
804,15,0.09579450797554752
2,587,0.09578650024799233
944,1174,0.09578569091621593
295,351,0.09577858041365851
100,1186,0.09577791708028992
1064,1107,0.09577244745726464
1064,1044,0.09577072806586313
986,844,0.0957705436822126
1064,570,0.09576838118026298
144,1038,0.09575985930480273
778,289,0.09575551526570009
144,803,0.0957536025323936
692,1170,0.09574645461626857
2,24,0.0957440567525414
986,1160,0.0957310147273693
692,724,0.09572293864960758
251,542,0.0957191942347866
919,370,0.09571734992229189
1064,563,0.09571062754709508
919,462,0.09571036141364786
251,635,0.09570960162352493
577,14,0.09570165193692533
1064,1182,0.09569775327282556
146,673,0.09569076303204839
146,613,0.09567873220951996
356,487,0.09567823375388972
100,1102,0.0956760658759914
834,114,0.09567588182415374
843,1047,0.09566267780089828
712,665,0.0956557665046323
356,901,0.09565419696586905
692,728,0.09565155779309631
184,1004,0.09564559065538515
144,63,0.09564456194834983
692,443,0.09564438593066024
778,352,0.0956412974549402
944,1198,0.09563665470367777
778,336,0.09563457758316116
843,949,0.0956296892196348
9,541,0.09562433578389695
843,220,0.09562430358494205
843,956,0.09562350916637653
295,126,0.09561664901211128
919,911,0.09561467206407534
919,26,0.09561400040345872
577,767,0.09561192531623518
843,1067,0.0956085209158972
577,793,0.09560602348592678
712,180,0.09559564188808481
144,363,0.09558400351308154
577,976,0.09558041600067964
778,996,0.09557725621128359
184,781,0.09557381085646362
715,906,0.09556840252718929
251,108,0.09556346501169412
146,759,0.0955552343647317
577,700,0.09555336867244707
716,1002,0.09555309222574303
251,245,0.09554159058867326
577,47,0.09553659107475727
986,514,0.09553654162782396
577,1087,0.09553173260592206
840,449,0.0955289003740152
804,281,0.09552762329206999
840,716,0.09552208110654681
692,600,0.09551679873029925
251,1183,0.09551667224467285
100,339,0.09551223950547234
144,1000,0.09550800164727435
100,693,0.09550571180068042
184,536,0.09550252511368723
577,836,0.09549773046190262
251,690,0.09549210687258357
144,85,0.09549190808079944
577,27,0.09549067043619361
100,236,0.09548557336284297
778,654,0.09548357147078597
251,1178,0.09547969334865795
251,816,0.09547676552835506
919,857,0.0954760301966057
715,1076,0.09547437646680867
962,47,0.09547030803212653
843,55,0.0954692538002116
577,433,0.09546707494361024
295,850,0.09545772186267382
2,769,0.09545582644359639
962,912,0.09545534938597885
843,413,0.09545523466433803
184,432,0.09545499616689865
184,78,0.0954545622133705
712,145,0.09545343082802481
100,1,0.09545003729904324
919,383,0.09544894527043193
986,840,0.09544822098247165
251,349,0.09544691113839465
251,1140,0.0954444457570239
840,947,0.09544316163771108
251,980,0.09544197594433117
692,995,0.09543635629449801
1064,413,0.09542253187908431
962,125,0.09541313681327254
251,977,0.09540996056957689
919,173,0.09540213747889287
1064,375,0.09540163841176297
962,132,0.09540131553170134
1143,853,0.09540105833187185
251,870,0.09539467520706539
251,159,0.09539106527801362
184,920,0.09539044725059008
356,9,0.0953874009413338
843,58,0.0953813642321216
962,650,0.09537837994761703
2,654,0.0953774039563621
715,182,0.09536674314366334
962,1074,0.09536590979528706
1064,648,0.09536289965015081
715,663,0.09535693891196478
986,680,0.09535475345910231
919,755,0.09535395660265863
577,44,0.09535278912046538
577,99,0.09534767454995248
295,1099,0.09534719062877041
184,375,0.09534682563595386
144,728,0.09534331895628832
577,331,0.0953403918441609
144,858,0.09533702013716876
146,536,0.0953348775264004
146,782,0.0953275213278246
9,883,0.0953255882021031
100,1026,0.09532350385439951
962,681,0.09531780324775777
692,370,0.09531743288588945
146,773,0.09531467956869047
1064,252,0.09531135121172862
778,1052,0.09530940644897552
2,992,0.09530835848533567
1064,901,0.095303012470194
692,538,0.09529826584582143
778,345,0.09529713516569908
356,863,0.09529708383933064
962,322,0.09528897932416462
251,233,0.09528662029135193
1064,999,0.09528461655704641
184,547,0.0952839510286147
1162,638,0.09528206269059968
577,591,0.09528191614142308
184,357,0.09527325964410095
146,956,0.09527311547027
100,118,0.09526646030464593
962,43,0.09525290482153159
146,426,0.09525231222391718
712,357,0.09524798786542231
251,655,0.09523805256454727
577,80,0.09523750298587806
840,363,0.09523631692118482
20,665,0.09523450809320365
251,643,0.09523425104504483
843,1050,0.09523300053974981
144,804,0.09523091158374644
144,327,0.09523022205735253
9,1112,0.09522388416091815
20,1033,0.09521724757778216
840,519,0.09521495365004551
840,1079,0.09521458228921897
843,653,0.09520954495020352
843,65,0.09520661647517008
804,733,0.09519286713642944
804,868,0.09518926068216203
843,567,0.09518498798861327
919,567,0.09518259885905274
577,760,0.09518240856789152
146,230,0.09518111636219058
962,1157,0.0951790201750583
840,57,0.09517759657073839
692,118,0.09517101052553557
100,403,0.09516583383914068
144,143,0.09516516560302916
840,923,0.09516413634277919
577,221,0.09516271741037508
144,768,0.09516102624922126
1162,238,0.09516080252473982
251,784,0.09515655514422014
184,327,0.09515544134483073
144,716,0.0951548839263582
919,809,0.09515104864822851
251,82,0.0951505425228748
356,886,0.09513238155175867
919,638,0.09513037281843222
1162,206,0.09512853143590783
146,1028,0.09512815536614952
840,174,0.09512688201418566
184,686,0.09512190578721935
295,104,0.0951192510939617
146,394,0.09511898708668749
840,264,0.09511353204856947
251,617,0.09511054552958863
840,396,0.09510834095282092
295,235,0.09510473857219089
715,550,0.09510402645962501
144,385,0.09509894084558167
843,1013,0.09509663320353502
184,750,0.09509480031057516
251,409,0.09509436010860374
251,449,0.09509357873392452
184,328,0.09508949470975223
100,957,0.09508766483074918
919,333,0.09508249373619927
1143,128,0.09507507706765753
962,782,0.09507311608272243
577,1176,0.09507277887428707
778,607,0.09507110552241707
1162,681,0.0950693465180326
251,217,0.0950692113065844
1064,818,0.09506912258561458
184,808,0.09506808774175973
251,833,0.09506785204740154
962,412,0.09506655010886761
356,72,0.09506461974782404
715,926,0.09506341043411118
20,487,0.09506215581401269
715,504,0.09505878164328849
1064,514,0.09505589334477609
778,368,0.09505172298302232
577,647,0.09505156840513176
20,9,0.0950497278276677
577,210,0.09504560862171091
692,1142,0.09503642767412179
804,884,0.09503106749608574
919,289,0.09502874567107818
962,379,0.09502842585015604
251,121,0.09502714184377616
986,754,0.09502492443703081
577,627,0.09502478575695805
712,854,0.09502067503436862
919,141,0.09501797144374069
577,839,0.09501630480815541
146,694,0.09500903363615025
577,1202,0.09499887804814124
251,821,0.09499877824851134
778,452,0.09499043104526764
64,707,0.09498840526824051
251,133,0.09498309052619061
804,1065,0.09498171260637564
355,24,0.09498112571456747
577,603,0.09497961988951492
144,861,0.09497947236766381
712,1059,0.09497357392899299
962,50,0.09496954669441587
146,1037,0.09496224397981555
146,595,0.09496121797613759
144,611,0.09495981336325342
962,1147,0.09495354451227944
804,945,0.0949400740516604
2,137,0.09493895606898271
919,670,0.09493719922595034
692,1107,0.09493299907532704
840,600,0.09493107974884361
20,281,0.09492625007678114
251,935,0.09492464849881499
843,507,0.09492257369018232
1064,988,0.09491003241170734
251,513,0.09490908201077738
184,434,0.09490787637124684
2,1013,0.09490332843613714
1064,396,0.09490243754871923
778,744,0.09490213919018384
843,725,0.09489586723927045
184,1022,0.09489405868719444
1162,610,0.09489264641340335
577,846,0.09489173376300711
804,268,0.09488771837796571
778,110,0.09488649968525574
962,441,0.0948843931045551
840,803,0.09487924533803162
295,638,0.09487822779712758
840,106,0.0948778853136327
146,965,0.09487299984610004
840,355,0.09487292488663299
919,395,0.09486396540643167
577,499,0.09486202034152968
843,1124,0.09486171003031535
577,170,0.09485937426302757
1064,1173,0.09485567428435855
2,567,0.09485238300918951
144,959,0.09485146207675554
100,206,0.09484782461075278
251,916,0.09484265703244119
184,511,0.09484148181679346
962,209,0.09483999568117321
184,611,0.09483686866099753
1064,355,0.09483329237291722
962,424,0.09483319254950569
962,584,0.09483163427117751
146,77,0.09483048211264661
778,429,0.09482804908550625
184,255,0.09482771298562506
251,1196,0.09482633891199889
144,508,0.09482558422138675
295,589,0.09482316658859878
919,116,0.09481979401669367
944,877,0.0948184719058686
962,18,0.09481676771646949
251,59,0.09481674720049268
712,1139,0.0948142462061579
146,1192,0.0948139783264728
184,1110,0.0948132964118373
840,1131,0.09481270589394593
146,1168,0.09481147936210994
100,1131,0.094809655771208
184,779,0.09480874941236152
919,536,0.09480846400140654
144,113,0.09480689771683727
919,949,0.09480354801354655
692,1034,0.09480155854741064
251,803,0.09479776572821962
840,1041,0.09479771787578511
356,1,0.09479172379258892
100,1187,0.09478984442368332
843,481,0.09478740953023437
804,685,0.09477655879847766
146,1081,0.09477524909429522
712,843,0.09476913316805687
778,400,0.09476518848183033
986,536,0.09476322019596835
919,1147,0.09476211474867596
715,1139,0.09475879205446491
356,1112,0.09475264247159063
184,295,0.09475200479566845
840,641,0.09474922390135647
251,450,0.09474757354702185
962,1126,0.09474639293933619
356,489,0.09474029991062423
962,1096,0.09473964562367736
144,427,0.09473411500674558
146,891,0.09472916890841854
778,39,0.09472416883951275
356,183,0.09472254118734945
577,193,0.09472101609545876
146,278,0.09470722556592952
840,512,0.09470500453122743
986,802,0.09470232610566584
251,363,0.09470045124472236
804,971,0.0946992951905208
962,1040,0.0946971209751475
1064,919,0.09468961545122767
251,526,0.09468904738413847
962,517,0.09467945840002386
692,258,0.09467890164897007
144,337,0.09467822698787463
840,423,0.09467792204387737
184,352,0.0946778938997256
840,360,0.0946773375847235
251,766,0.09467625190164637
146,788,0.09467510864169486
184,396,0.09467506333224003
100,1164,0.09467173643558655
144,197,0.09467054147632759
184,409,0.09466384942490491
804,780,0.0946610896834006
962,893,0.09465158769516685
251,602,0.094649837701466
843,536,0.09464969675454803
715,109,0.09464757250468278
184,986,0.09464690279753114
804,483,0.09464565811435073
778,1021,0.0946435333785347
144,922,0.09464295239143591
840,736,0.09464145559750323
295,159,0.094639139418638
778,328,0.09463573902885124
146,274,0.09463556664096813
804,865,0.09462881274633447
1064,892,0.09462160395997284
986,127,0.09462128867326833
251,676,0.09462021254304498
577,329,0.09461806670079664
1143,959,0.09461135547582507
986,761,0.09460591649357658
843,540,0.09460020901070129
146,656,0.0946000535650661
919,143,0.09459863199753739
919,375,0.09459717445530443
962,193,0.09459549169749369
840,507,0.09459519169664742
843,123,0.09459476683829013
1143,134,0.09458455200990383
778,90,0.09458063565569819
919,1021,0.09457318012037655
692,1104,0.09457139089071147
184,453,0.09457073853513341
692,1046,0.09456157078411544
692,791,0.09455678779133195
184,772,0.09455529977696388
144,612,0.09455248846421861
251,858,0.09455193598190569
919,72,0.09454611841020197
944,856,0.09454514960340504
251,78,0.09453884370169507
962,201,0.09453784050804595
9,863,0.09453755852590229
9,61,0.09453621835902293
2,195,0.09453458268219961
146,28,0.09452993968738607
715,448,0.09452830796723821
804,292,0.09452369716626498
840,1177,0.09452235627205584
1064,91,0.09451494910712467
692,697,0.09451382695270592
712,1134,0.0945100199141696
144,438,0.0945071533572406
251,1121,0.09450392932719863
692,345,0.09450158113322371
146,1126,0.09449450390805522
840,1044,0.0944906008561829
356,1174,0.09448528788110908
840,1026,0.09448186131563177
356,1017,0.09448113707799906
962,1193,0.0944770197072663
251,70,0.0944744620864187
962,950,0.09447439087575188
843,31,0.09447377175254587
692,750,0.09447091531563957
184,1050,0.09445867468798579
692,491,0.09445689642978432
712,538,0.09445503653434052
295,731,0.09445314911329433
295,137,0.09445168632171891
962,328,0.09444891719556316
778,949,0.09444392026409051
843,163,0.09444367225498013
251,612,0.09443864124803993
356,765,0.09443212627840622
962,523,0.09442952930755427
144,686,0.09442820998709893
840,117,0.09442657986414935
1143,932,0.09442282179328869
715,982,0.09442233120941375
692,189,0.09441821368197718
295,706,0.09441377152532004
356,279,0.09441029112062242
712,727,0.09440876157567248
712,1176,0.09440839354245209
692,277,0.09440746686471561
778,197,0.09440090822791686
577,496,0.0943892243300113
356,397,0.09438910752122727
692,66,0.0943881389363624
919,1180,0.0943852622233767
144,662,0.09438055422605793
577,595,0.0943792680300692
962,98,0.09437857636082847
251,893,0.09437330448689585
986,215,0.09437110518919321
146,206,0.09437075018423209
840,906,0.09437044697922094
146,1139,0.09436455437767936
804,1166,0.094363254494343
251,523,0.09435955222803527
804,774,0.09435917558576638
184,263,0.09435539927721166
692,509,0.09435000204272981
2,301,0.09434955978963985
843,1025,0.09434786744956976
356,234,0.0943455880193905
146,399,0.09433616911498056
843,1,0.09433615940664437
919,1166,0.09433494115411091
144,801,0.09432928693033178
843,958,0.09432666557754743
577,584,0.0943258237657628
986,600,0.0943251645290614
144,821,0.09432426181200948
184,716,0.09432031475670699
577,1181,0.0943169691930993
840,16,0.09431532361256095
1143,697,0.09431302187644347
146,387,0.09431297474392776
146,486,0.09430990700138936
986,1029,0.09430903726932083
577,347,0.09430452631515751
295,806,0.09430146693642184
944,901,0.09429410627159582
184,106,0.09429006896857386
2,1198,0.09428561100459877
1162,116,0.09428531776544938
100,26,0.09428159507109828
778,946,0.09427648311254345
184,826,0.09427493734674366
778,350,0.09426784431413258
962,131,0.09426432471748941
1064,806,0.0942569906497746
778,172,0.0942556065059484
692,175,0.09424705656100958
840,1005,0.09424677221360322
356,169,0.09424611510470593
144,750,0.09424483848126462
843,506,0.09423888851559832
144,136,0.09423590502004167
692,375,0.09423230162767408
804,600,0.09423153743404919
100,981,0.09423028728843141
840,123,0.09422871183842814
146,765,0.09422717400405352
295,463,0.09422643562907197
577,157,0.09422572195039777
356,456,0.09421323106696448
986,1154,0.09421129810744241
986,563,0.09420323950198058
840,697,0.09420277271036172
840,120,0.09420202986598503
986,461,0.09419680320326111
577,1119,0.09419555081152092
295,1160,0.09419533754363582
962,1108,0.09418498517256932
1064,71,0.09417507929185286
692,93,0.0941721201514341
1006,138,0.09417115115217228
843,111,0.09416871043437232
840,728,0.09416700472163324
843,399,0.0941650231571955
962,426,0.09416462395778441
356,218,0.0941576730565753
986,706,0.09415712814948289
962,935,0.09415674180979237
251,1039,0.09415047556182518
944,281,0.09414964899687628
9,648,0.09414854318482258
184,152,0.09414500081068043
1064,538,0.09413824453836833
962,845,0.09413121956418351
251,220,0.09413043090058108
184,326,0.0941199478079663
146,272,0.09411639301812035
692,958,0.09410841867702312
184,485,0.09410819566819249
577,1148,0.09410579823191627
919,436,0.0940992959905802
962,583,0.09409788331924379
251,155,0.09409385757643889
184,162,0.09408821035904502
251,828,0.09408630674128413
715,501,0.09408380868047678
962,794,0.09408178292048577
840,495,0.09407484775095871
962,941,0.09407145781348283
840,1104,0.09406792084283372
146,109,0.09406650115224661
804,167,0.09406257372042014
295,504,0.09406092705212694
692,480,0.0940564579486171
843,771,0.09404730417113337
100,796,0.0940463760037695
577,390,0.09404618535923492
184,682,0.09404290149520414
146,406,0.09403980297436558
962,363,0.09403503405844607
944,1188,0.09403455557491301
184,64,0.09403406044007184
577,980,0.09402883013047535
146,679,0.09402661717381652
840,469,0.09402317529639914
843,232,0.09402222539223025
100,811,0.09401790587113429
778,71,0.09401564693960075
778,64,0.09400261393648837
715,1127,0.09400131825257836
1064,631,0.09400044414692593
146,877,0.09399866459720702
184,828,0.09399539300342351
843,624,0.09399073473523048
146,484,0.09398483797847425
919,1094,0.09397821018129839
840,959,0.0939717604024848
144,120,0.093967678797511
9,126,0.09396753403600726
919,844,0.09396486133430139
146,663,0.09396263552163507
843,1147,0.09395706943506314
843,1077,0.09395512497995444
778,301,0.09394952147205075
146,721,0.09394793194720354
778,7,0.09394728027849174
919,667,0.09393932396664521
843,1046,0.093937147281725
355,419,0.09391258633011465
1064,158,0.0939116712139127
184,358,0.09390759428848629
962,133,0.09390412662169881
184,1029,0.09389908579794481
919,396,0.09389434730558571
144,672,0.09389431988046394
251,1119,0.09389063283624899
804,735,0.09389054617816348
295,1172,0.09388876105590048
146,926,0.09387508099807171
100,681,0.09387412996617747
692,1006,0.09387139140719683
144,157,0.09386645468866821
1064,299,0.09386439163298606
962,148,0.09386341888449753
986,408,0.09386304969709187
986,189,0.09386228758748663
355,424,0.09385963562377533
778,79,0.09385026680435958
2,194,0.09384868719095653
843,1173,0.09384617411012595
843,563,0.09384017555429751
251,260,0.09383080547786801
144,555,0.09382766006788411
962,93,0.09382591419574728
577,366,0.09382046222028335
251,229,0.09381367140763557
692,141,0.09381200647705226
919,204,0.09380877043114608
9,1074,0.09379524470322391
144,1167,0.09379472434875788
843,12,0.0937917645205796
778,292,0.09379048949702795
804,1005,0.09379039610661573
986,23,0.09379030202297065
804,169,0.09378972851704874
843,225,0.09378958582840781
100,1146,0.09378717636125278
577,168,0.09378150026327864
100,660,0.09377407181309358
962,236,0.09377226528080712
712,1094,0.0937716047616169
144,1142,0.09375365716457067
919,928,0.09375254119418835
184,845,0.09375235543461052
712,367,0.09375061172293479
9,551,0.09374653414606929
251,307,0.09374578258933897
577,728,0.09374522657094496
712,894,0.09374455721514625
919,570,0.09374187423040455
251,673,0.0937327660319207
577,1008,0.09373271287096868
715,701,0.09373223081489195
944,188,0.09372912150201815
295,407,0.09372850198522933
184,10,0.09372822458568042
919,377,0.09372773837161404
295,1167,0.09372242893652086
146,601,0.0937215741699796
944,967,0.09370458207533296
919,944,0.09369909903064455
944,306,0.09369103992601356
986,607,0.09369020481068728
962,1048,0.0936900756813546
577,794,0.09368950146046214
144,350,0.09368809922794243
577,153,0.09368532800916246
9,1174,0.09367877193999317
251,205,0.09367759591681589
840,328,0.09367748641948798
144,925,0.09367594481073001
251,1068,0.09367542953426318
9,919,0.09366847943605626
184,509,0.09366504933823797
9,500,0.09365920555578895
712,140,0.09365912173752743
100,323,0.09365741739403516
919,709,0.09364698042199944
715,255,0.09364612942809386
778,113,0.09363897577014864
840,167,0.09362864183232823
919,1047,0.09362443518403352
778,526,0.09361718609108931
804,422,0.09361304764547226
944,183,0.09360042093970967
1143,665,0.09360018574238918
355,500,0.0935995657122706
840,771,0.09359816030235946
251,1086,0.09359705025663531
712,544,0.09358645971777631
692,585,0.09358125039815769
962,306,0.09357361027064645
9,639,0.0935684772394698
804,429,0.09356573666862486
778,1116,0.09355977229745237
712,104,0.09355426739654824
692,1020,0.09354950593690567
9,1192,0.09354438074287154
146,367,0.09354430210191292
251,166,0.0935409645697177
251,275,0.09353287419944262
144,667,0.09352994743080868
577,1000,0.09352577750547636
778,787,0.09352324831873303
144,736,0.09352217498089029
351,314,0.09352175456383093
144,914,0.09352152935070347
840,1025,0.09352044773795122
843,0,0.09351817791315002
692,1173,0.0935163807438751
715,21,0.09351329535314228
251,960,0.093511000510771
295,587,0.09351063585887277
184,120,0.09350246224310642
146,447,0.0934997903412928
295,606,0.09349933090622804
712,36,0.09349919298813524
962,1158,0.0934979183564531
144,851,0.09349642978219842
9,1195,0.09349635548883402
251,57,0.09349234284894317
100,129,0.09348782185639193
840,175,0.09348584725268358
962,925,0.0934850861765166
146,622,0.09348328003252268
692,771,0.09348247842536417
577,1067,0.09348085215219526
295,1083,0.09347869607625814
577,121,0.09347503650941355
146,402,0.0934740837711432
251,376,0.09346256676041932
778,1146,0.09344958187667372
840,113,0.09344302949248774
1064,780,0.09343752876158513
100,169,0.09342652697099214
804,289,0.09342001646282097
9,17,0.09341619160200848
146,101,0.09341470095489289
146,550,0.09341369237086387
840,1077,0.09341027045535036
20,227,0.09340971246010842
144,758,0.09339261442849614
919,56,0.09338925684867853
804,509,0.09338782140069679
184,232,0.09337343412395774
843,493,0.09337133577404631
840,282,0.09337099299395685
1143,575,0.09336735853445095
715,704,0.09336708710880884
100,631,0.09336517284221871
9,453,0.09336008962897135
1064,802,0.09335480914068782
843,256,0.09334471608745537
577,704,0.09334441486060292
692,596,0.09334310194052538
778,326,0.09334243703708738
577,260,0.09333632397855461
840,711,0.09333506181694275
716,969,0.09333187348968967
986,1057,0.09332673293306135
843,519,0.09332638681055522
843,920,0.09332552313660356
144,435,0.09331585288301432
251,701,0.09331526839760527
356,574,0.09331476385651007
184,351,0.09331428124787425
144,727,0.0933136464593171
577,212,0.09331224992870128
146,373,0.0933066266651874
919,697,0.09330449869952183
986,854,0.09330436881345353
251,1035,0.0932991336351359
577,560,0.09328896860547431
986,420,0.09328806338680583
919,526,0.09328500436786458
184,429,0.09328386331596901
2,1025,0.09328295814554237
778,1065,0.0932748125705191
1064,58,0.09327386505832083
355,293,0.09326991468854867
962,134,0.09326982098221892
577,272,0.09326819938344943
2,585,0.09326313743974386
144,370,0.0932594503363925
778,116,0.0932590449173453
146,1096,0.093258711180924
144,173,0.09325663061850957
962,620,0.09325601483526984
804,758,0.09325282526452465
251,682,0.09324923928989132
1143,394,0.09324888648311744
919,1015,0.09324878430959575
692,352,0.09324443366950888
840,611,0.09324220031681733
577,356,0.09324123113720566
692,1063,0.09324014988740553
919,581,0.09323828506443003
146,1151,0.09323501156230102
577,1027,0.09323439816114634
840,293,0.09322606271665089
962,885,0.09322487730375338
962,80,0.09322068742563945
804,224,0.09322013285455927
962,948,0.09321796985203745
146,691,0.09321630472460353
962,21,0.0932114456099583
356,532,0.09320801071961678
804,83,0.09320440319719282
251,423,0.09320389751479953
962,42,0.0931975083384435
843,20,0.09319708378671188
577,522,0.09319113997775058
843,1033,0.09318789387262724
840,814,0.09318758811948004
692,557,0.09318758673127125
184,76,0.09318532850952076
251,646,0.09318416889808441
144,117,0.09318314730093862
146,1165,0.09317548745065117
778,53,0.09316319786431251
843,534,0.09316206930904443
804,487,0.0931582614906458
843,127,0.09315519440470836
944,222,0.09315177952273829
251,954,0.09314529806935386
184,157,0.09314370715366965
2,714,0.09314293163180286
356,610,0.09313942517125727
1143,1127,0.09313148891265086
144,1036,0.0931284565493201
1143,1114,0.0931282458266714
251,241,0.09312549240536792
144,781,0.0931227813642745
144,771,0.0931108435200699
962,360,0.093107746401893
2,291,0.09310228149609537
577,367,0.09310042072345848
184,56,0.09309880715201994
1162,859,0.09309784476782659
692,735,0.09309724262299225
986,538,0.09309081983617631
769,41,0.09309052796064925
2,848,0.09308896230548316
804,988,0.09308672639772085
184,1151,0.09307730432004373
146,874,0.09307404613897567
577,1096,0.09307347318071899
692,413,0.09307345981435874
840,1029,0.09307171405834924
144,434,0.09306752935342567
962,958,0.09306329680779123
843,152,0.0930620069366339
962,96,0.09306195107982349
577,364,0.0930559571957739
712,583,0.09305337819550888
804,423,0.09305083570658838
251,358,0.09304483261551955
146,501,0.09304355113141298
251,1005,0.09304002896990189
577,821,0.09303847727902004
692,9,0.09303831637150192
1162,1144,0.09302592682152819
184,830,0.09302250734856596
715,894,0.09302154791454305
146,317,0.09301916779946649
962,612,0.09301914375688425
919,1025,0.09300939797672511
804,891,0.09300937765123171
692,110,0.09300717804659146
843,699,0.09300202979860311
100,917,0.09299990906108355
919,729,0.09299708880666166
919,61,0.09299679726392375
804,586,0.09299422735060457
1162,298,0.09299239875241673
295,723,0.09299208833773694
144,597,0.0929915434295141
20,968,0.09298960047797969
716,398,0.09298721802543541
2,4,0.0929862014577386
9,1131,0.09297541475864635
1064,118,0.09297530412258496
1064,309,0.09297345078178991
146,192,0.09296833419656522
184,374,0.09296747843630873
184,481,0.09296351722375495
962,724,0.09296110610877371
295,1091,0.0929596089375973
356,91,0.09295838958477085
692,844,0.09295394866549947
251,1065,0.09295184469260338
692,624,0.09294956728299533
843,279,0.09294876504913963
712,882,0.0929457026941043
804,607,0.09293046953893416
144,778,0.09292030410289823
962,152,0.09292025428440345
1064,305,0.09291772147374167
184,801,0.09291566751959503
295,141,0.09291480888628646
144,32,0.09291179050387816
1162,592,0.09291122652534427
184,803,0.09290953431862256
146,239,0.09290948209895786
919,523,0.0929071437453149
692,1120,0.09290340538392255
840,232,0.0929024101085239
919,528,0.09290130763780602
692,610,0.09290100341374882
146,78,0.09289881780444875
692,103,0.09289791058575012
840,858,0.0928972404660326
577,1093,0.09289679468052818
840,666,0.09289274398914972
1162,699,0.09289050546092922
962,354,0.09288635037455237
712,1041,0.09288539066613344
146,144,0.09287723666984338
840,430,0.09287588975897702
712,425,0.09287365351536733
712,580,0.09287353714646147
986,949,0.09287231797336742
692,1166,0.09287189435730236
146,931,0.092868318373241
843,143,0.09285975611771295
840,1147,0.0928543882621146
577,350,0.09285355887776219
843,608,0.09285061373558078
144,947,0.09284875406021824
1143,617,0.09284527311158858
100,515,0.09284422220599589
2,1098,0.09284343901369896
778,1022,0.09284255084500367
712,293,0.09283450029871228
919,104,0.09283159611416701
843,299,0.09282759692408916
20,1042,0.0928268053463887
577,465,0.09282670706418872
144,225,0.09282644273986615
919,321,0.09282147954233305
962,75,0.09282022341666366
1064,172,0.0928200023862516
2,1094,0.09281885299376469
184,519,0.09281548962148269
577,950,0.09281092227562417
715,712,0.092801730105107
295,476,0.09279738290181438
100,487,0.09279514656797813
577,36,0.09279499972207841
146,763,0.09278702067789876
712,228,0.09278559663292461
919,563,0.09278507560651637
919,79,0.0927819757574626
692,1147,0.09277965688190146
184,189,0.09277729684814673
919,699,0.09277127457937474
251,738,0.09276874818175186
2,156,0.0927678087317232
1143,1203,0.09276478938535938
577,51,0.09276417442871117
843,1128,0.09275957644620987
251,357,0.0927556628102635
840,135,0.09275200479866966
1143,1023,0.0927504141365875
251,717,0.09274261586822935
986,984,0.09273960246222716
843,381,0.09273491856751784
712,627,0.0927297546303144
712,489,0.09272871011350675
184,491,0.09272710274991854
20,515,0.09272522636478886
251,118,0.09272087856758171
251,109,0.09272050487771308
962,485,0.09271807905167027
251,230,0.09271615377954964
251,212,0.09270954076854768
944,1131,0.09270412010346687
144,307,0.09268985622295775
144,1173,0.09268742926737672
9,1,0.09268064517378162
962,1045,0.09267161888966231
577,614,0.09266479023279862
355,267,0.09265969610468448
986,487,0.09265549664793245
986,340,0.09265548550001743
804,469,0.092653143543121
843,352,0.09265196197359232
1064,143,0.09265163086914513
778,279,0.09264524214230942
144,121,0.09263763186818809
804,299,0.0926304719125783
144,256,0.09262945519610394
577,825,0.09262389465912826
577,411,0.09262276399819185
1064,966,0.09262210488333184
778,407,0.09262005883262756
1143,260,0.09261901459378434
840,111,0.09261870753801452
778,413,0.09261284505011994
804,1072,0.09261042237900335
1143,366,0.09260955833604446
919,305,0.09260762697286368
919,420,0.0926056127080017
577,13,0.09259880311838134
1064,306,0.09259671114606864
144,749,0.09259403761285027
840,845,0.09259271729070198
804,930,0.092592440203627
251,298,0.09259180302520967
577,519,0.09259037640952673
986,892,0.09259020685553052
962,638,0.09258390352560257
840,757,0.09257167226345374
1064,757,0.09256494410890247
144,46,0.09256354054598148
843,804,0.0925604174684069
146,329,0.09255770566537962
146,870,0.09255661362607946
986,588,0.0925547863134551
1143,298,0.09255456999273619
1064,509,0.09255420463984287
692,814,0.09254528663652742
1064,971,0.09254479378515058
715,897,0.09254464857107271
843,277,0.09254286529257742
144,93,0.09252268946595732
251,264,0.09252087212264166
986,118,0.09252073489193575
804,942,0.09251973801166342
1064,592,0.09251885801358825
1064,940,0.09251702114195678
843,850,0.09251394675259567
577,845,0.09251283041805997
146,714,0.09250891351466932
146,914,0.09250486139436115
715,368,0.0925044632381807
962,1039,0.0925032567024541
577,412,0.09249795785992089
146,880,0.09249627547437149
356,687,0.09249249154275499
184,119,0.09248414544846136
962,367,0.09248304714873569
840,489,0.09248173842690025
986,789,0.09247880331599569
962,511,0.09247460806135216
100,198,0.09247426941269181
840,686,0.09247378311262826
251,961,0.09246570447071087
919,137,0.092464863248298
295,566,0.09246454441260825
919,1079,0.09246431920977281
100,687,0.09246311329437575
715,1086,0.09246081276602734
577,529,0.0924584889054619
356,556,0.09245300730301945
1064,877,0.09245156576100766
295,1090,0.09245105699641722
962,377,0.09244926013534253
251,1071,0.09244464547421313
712,390,0.0924408078934719
843,779,0.09243561227938164
712,652,0.09243466376741218
146,1106,0.09243382072478214
144,258,0.0924318861523333
251,410,0.0924246856302318
100,268,0.09242162736061829
962,1013,0.09241409104482566
692,127,0.0924082302649209
144,1110,0.09240745103096405
1064,610,0.09240183386023788
577,525,0.09239844971764001
100,436,0.09238064079821517
9,26,0.09237723934843826
919,752,0.09237717306520636
577,880,0.09237331020361725
962,423,0.09236624939102331
100,1120,0.09236579445666795
100,1099,0.0923625804983999
1064,711,0.09234873904923663
692,396,0.09234597153099318
2,342,0.0923446492358579
146,847,0.09233149342809997
146,276,0.09233053796425544
251,384,0.0923282767809245
100,407,0.0923167414523351
778,4,0.0923157429170463
712,554,0.09231438199923714
100,172,0.09231316341330394
146,480,0.09231239359932931
295,709,0.09231161084746721
184,1121,0.09230794753314286
1143,28,0.09230751761847195
577,400,0.09230593233128391
20,566,0.09230446609784433
184,861,0.09230316307014302
1064,946,0.09230273441504933
356,58,0.09230205420232693
184,740,0.09230115501007641
804,1021,0.09229316594712597
251,263,0.09229186007380857
840,219,0.09229063047908445
804,117,0.09228862310123769
144,596,0.09227707067444164
100,267,0.09226557259071747
295,254,0.09226232360693375
577,131,0.09225541401684399
577,166,0.09224925435140405
840,287,0.09224820155446345
184,912,0.09224767129324661
100,218,0.0922459704048027
577,741,0.09224320661427333
146,521,0.09223982392555613
843,339,0.09223981224131929
840,1047,0.09223755342466693
962,254,0.09223131775444539
962,957,0.09222930319063069
251,703,0.09222453665769717
840,528,0.09222374287473346
843,670,0.09221994951892468
804,752,0.09221947669195313
840,958,0.09221656646989448
1064,791,0.09220744743961383
577,46,0.09220633725893367
355,1086,0.09220497485831644
692,188,0.0921976293883929
251,454,0.09219758196889387
716,164,0.09219429976484479
184,858,0.09219368530594207
692,137,0.09218875473016311
804,1046,0.09218083777791762
251,394,0.09215593312428948
843,1071,0.09215394417816111
9,234,0.09215326655145994
2,1187,0.09214195342665793
840,137,0.09213986169451538
1064,167,0.09213971393656999
146,1129,0.09213812091749407
804,867,0.09212396473901985
100,214,0.09211952208503271
712,832,0.09211664575196084
804,845,0.09210202961854332
804,191,0.09210103421709114
1064,981,0.09209548957640261
184,1150,0.09208873774849569
804,981,0.092087630431334
356,638,0.09208659617861878
840,338,0.09208642833573269
778,776,0.09208463718949544
804,1054,0.0920841939319195
692,574,0.09207765550241832
840,865,0.09207424619413863
146,1111,0.09207196967406951
962,678,0.0920683956839556
715,753,0.09206756264438398
577,294,0.09206244237667593
251,462,0.09205998487505299
962,22,0.09205843386569904
1064,726,0.09205472981049515
944,378,0.09204934635205317
146,651,0.09204786407316613
692,469,0.09204344232052648
962,920,0.09204105499112869
146,75,0.09204038060865864
144,269,0.09203837095938464
840,20,0.092037937940494
20,159,0.09203449902765598
962,715,0.09203135907948118
778,523,0.09203052062160202
184,1194,0.09202995120294202
843,711,0.09202978399762658
962,564,0.09202378681176042
295,4,0.09202366188520193
919,1054,0.09201646515869054
577,96,0.09201645931475584
919,196,0.09201512612705269
840,514,0.09200697029283127
1064,883,0.09199904539665825
577,19,0.09199898000912152
1143,887,0.09198582358161148
919,731,0.091983079725142
1064,382,0.09197539745716313
962,1102,0.09196910585610135
144,626,0.09196882204421
144,509,0.09195779461623664
692,1054,0.09195355407633654
577,108,0.09194972850439079
962,1183,0.09194637035717904
715,705,0.09194522242395968
962,951,0.09194288790848215
577,941,0.09194109656156597
146,160,0.09192972302647962
577,513,0.09192726603629033
1162,362,0.09192687491470153
840,1074,0.0919201384332738
146,220,0.09191655281825487
146,808,0.0919114820515746
100,348,0.09190453801298866
962,828,0.09190383527933856
2,553,0.09190306283423968
356,1171,0.091899063748174
962,78,0.09189770103781701
2,966,0.09189157318218745
778,15,0.09188985802450839
840,966,0.09188980208671411
2,973,0.09188915439393654
962,744,0.0918884293976931
804,1152,0.09188758724201168
804,514,0.09188643697778809
146,678,0.09187977487135128
919,534,0.09187737418536696
716,609,0.09187591731848076
843,375,0.09187357820921292
295,582,0.09186727717888707
251,471,0.09186326072068116
778,491,0.09185949674866298
144,1071,0.09185880029015712
986,968,0.09185748828398635
295,60,0.09185479492959664
1143,762,0.09185159132165491
144,960,0.09185152067412496
251,1024,0.09184295076480813
778,427,0.09184264301840736
251,535,0.09184139993742026
144,263,0.09183789376614718
1064,903,0.09183550963188296
100,789,0.09183412524563901
146,25,0.0918284849475268
184,955,0.09182628502158799
843,1120,0.0918228266268053
715,134,0.09181402839247156
962,369,0.09181386467244765
295,470,0.09181339311914809
251,511,0.09181086294563649
778,809,0.09180855242899912
146,1190,0.09179753912909776
577,599,0.09179222414781854
2,969,0.09178639014129057
1064,268,0.09178314962668592
20,500,0.09178231265303793
692,279,0.09177718762328306
715,131,0.09177135283626119
146,746,0.09176850379747864
251,360,0.09176597321318722
144,72,0.09176470442489734
843,453,0.09175347181978653
356,1097,0.09174704360381625
184,1154,0.09174608237352011
962,1200,0.09174430293303816
840,1038,0.09174389335603791
146,1085,0.09174389017306536
144,42,0.09174153473977946
1162,901,0.09174121382157324
986,632,0.09173591496331224
962,106,0.0917320730115004
716,188,0.09172847050087928
2,9,0.09172485043368951
251,1067,0.09171495512589244
843,403,0.0917147479642763
9,987,0.09171242211623508
962,704,0.09171103504139509
1162,41,0.09171033138101901
778,152,0.09170919528104135
1064,188,0.09170250335136916
577,678,0.09170203681003906
843,1004,0.09169872679531665
843,1182,0.09169438221762387
962,641,0.09169390311223932
944,1115,0.09169294137883424
962,368,0.09168700470533603
251,247,0.09168530619987718
843,1018,0.0916850590621428
146,34,0.09167706019334206
843,568,0.09166389793620922
962,57,0.0916638565362601
804,557,0.09165811504122331
919,856,0.09164351815593731
840,189,0.09164108872607474
251,74,0.09163983742993262
1064,428,0.09163888762327728
146,197,0.09163219397875941
834,913,0.09163022477671032
144,479,0.09162773349839563
962,695,0.09162507863958151
840,435,0.09162503327267135
804,336,0.09162188567588686
1064,56,0.09161849200552737
840,427,0.09161628323973503
804,579,0.09161218668376796
251,437,0.09160421115368972
778,206,0.0915997065530822
716,796,0.09159789620394453
692,974,0.09158485597651361
184,922,0.09158299335186847
355,159,0.09158242505263113
1143,770,0.09157830581751593
577,520,0.09157718076790446
919,1044,0.09157635140565927
778,12,0.09157416326876322
251,375,0.09157375507050781
251,819,0.09157215893185358
1064,1047,0.09156968768795358
146,1033,0.0915661256993184
962,895,0.0915647674732447
356,634,0.09156250340475329
804,234,0.09156156168923925
1064,743,0.0915591321911914
715,972,0.09155423683465971
1006,1042,0.09154025644591955
251,434,0.09153704313680183
986,79,0.09153332697648602
146,585,0.09152276271165277
919,724,0.09150995595829481
577,833,0.09150983487674492
778,1015,0.09150934802646699
944,706,0.09150607275250958
1064,1091,0.09150532050566543
962,55,0.09150146353920988
184,111,0.09149171168179393
840,624,0.09149114969303825
184,392,0.0914900420502971
2,495,0.09148925964906979
919,435,0.0914833673087534
962,304,0.0914789341072265
919,722,0.09147746498633637
20,163,0.09147727224896703
962,269,0.09147681790350312
251,922,0.09147495329825846
251,10,0.09147392343744423
146,951,0.09146585782586757
577,861,0.09146106413095828
2,1082,0.09145933498583693
146,549,0.09144905170149996
962,503,0.09144252700509156
20,860,0.09144201234033507
184,435,0.09144102002371378
146,578,0.09143345266739861
356,877,0.09142901194314605
146,635,0.0914206620992521
1162,494,0.09142045784292822
146,374,0.0914158898904499
919,1041,0.0914136052318848
100,231,0.09140837480272809
962,405,0.09140554938439203
251,320,0.09140165416310919
919,309,0.09139812015583122
577,701,0.09139248797592125
251,318,0.09139180258570677
840,40,0.09138661120681114
804,638,0.09138514277774236
577,835,0.09138394463826592
962,833,0.0913793310604824
251,772,0.09137623225763249
577,229,0.09137021181784576
577,136,0.09136484019720952
251,310,0.0913615879208234
716,866,0.09136045935429642
1064,110,0.09135983462186838
146,630,0.09135952871756105
1162,567,0.09135741545056827
962,44,0.09135733374676862
840,428,0.09135656847171811
100,730,0.09135310278822463
962,831,0.09135113731339842
804,56,0.09134506599865096
251,874,0.09134049479395195
692,889,0.0913402867440177
843,194,0.09133690560438396
146,1014,0.09133638795987875
251,189,0.09132744364464822
962,51,0.0913245891315852
144,986,0.09132217829988507
1064,1059,0.09132049345110027
843,292,0.09131894200364149
251,184,0.09131838598973278
184,1054,0.09131712331466887
144,310,0.09131692216481586
962,740,0.09131454101080104
1064,600,0.09131051883867734
577,292,0.09130350541620395
1143,365,0.0913026743425759
356,795,0.09129975192796602
778,757,0.0912984905942692
843,999,0.09129734867812316
146,246,0.09129418373233701
843,884,0.09129096656205904
840,632,0.09128706074881389
184,480,0.09128484268562097
251,325,0.09128230466309772
840,835,0.09128035454308538
715,361,0.09128020048085907
146,98,0.0912728507239737
804,279,0.0912661015710183
962,48,0.0912652559763058
919,632,0.09125716844111267
184,748,0.09125537860395608
692,459,0.09125351552177628
962,206,0.09124836263292198
146,1052,0.0912468410865229
804,1171,0.09124682288375062
1064,127,0.09124613785310133
100,992,0.09124377421032255
1064,854,0.0912436848929049
919,429,0.09123986334086658
840,837,0.09123499275001482
146,80,0.09123396781816243
251,79,0.09123127636520863
840,1154,0.09122801132144238
840,400,0.09122292242504776
715,406,0.091222421151245
843,436,0.09122019323355882
295,719,0.09121728226429411
251,716,0.09121545222469446
962,589,0.09120897212477656
146,804,0.09120750780272353
778,824,0.09120503343137397
251,686,0.09120451125990282
962,1125,0.09120109200359981
804,388,0.09120094396196331
144,462,0.09119376366623173
840,269,0.09118889263872972
919,440,0.09118629415758087
9,841,0.09118624803138635
986,218,0.09118317747679397
144,834,0.09118131865750408
919,1177,0.09117700950616801
962,310,0.09117677566408697
146,1197,0.0911661900580642
1064,809,0.09116552340331528
146,145,0.09115775953124679
144,1054,0.09115561017658835
712,51,0.09115354313268062
295,680,0.09115235614561441
962,732,0.09114903958352832
146,36,0.09114344335777491
843,1166,0.0911427392579916
712,833,0.09113084405559581
356,407,0.09112637086972937
1143,649,0.09112399546712908
840,476,0.09112335424678278
251,663,0.09112255474544
840,336,0.09111981644937316
577,320,0.09111283706011256
100,489,0.09111196406590853
146,315,0.09110997040157176
962,611,0.09110831708172619
100,859,0.09110130248704089
146,713,0.09110012500356116
1162,194,0.09109930521744283
295,1115,0.09109752754363454
144,325,0.09109626978322924
919,235,0.09108844722909264
577,655,0.0910857618293694
692,867,0.09108511088408505
692,458,0.09108466439793345
944,711,0.0910813635472884
295,79,0.09108072699837556
804,711,0.0910778248665959
692,339,0.09107521171013551
184,167,0.09107321633806188
577,622,0.09107027901411008
962,653,0.09106976854431306
962,330,0.09106016758092764
184,517,0.09105982803554594
804,995,0.09104897540728864
778,579,0.09104219581218163
355,1143,0.09104092511161702
840,709,0.09104087144874932
843,490,0.09103923277002308
251,295,0.09103909800035659
692,309,0.09103387059235511
146,628,0.0910176623116548
919,555,0.09101593557737436
146,853,0.09101354476773575
962,997,0.09100965399913376
577,271,0.09100641621628251
146,835,0.09100594538641474
356,172,0.09100132760200758
100,291,0.09100035236111972
100,300,0.09099215662443719
146,943,0.09099180714519939
146,1023,0.09098445955201595
962,1128,0.09097883214453742
144,375,0.09097848359907164
144,293,0.09097222146876174
986,1133,0.09096783413181704
184,72,0.09096659712867677
1064,429,0.09096070086209129
1143,972,0.09095873815466643
146,270,0.09095711126495788
840,443,0.09095696500287499
804,339,0.09095550832131288
577,230,0.09095080690568558
843,162,0.09094615855498354
712,810,0.09094500859891518
778,519,0.09094450590543281
1064,505,0.09094214611329964
146,161,0.0909397155264129
146,775,0.09093932901632619
251,490,0.0909392225613409
577,439,0.0909300331125405
2,463,0.09092871785115587
356,841,0.09092855380590173
144,396,0.09092785187823563
962,229,0.09092441397139968
184,462,0.09092242224102784
715,872,0.09091877785815453
1064,404,0.09091651414489106
146,1013,0.09091599700371322
184,1079,0.09090238199967587
692,1021,0.09090021089035079
712,1181,0.09089758571026617
295,204,0.09089580386223937
100,995,0.09088432135484727
146,1088,0.09088394677729453
1143,692,0.09088099781658107
778,945,0.09088002521292707
962,481,0.09087320477477018
251,199,0.0908730826792222
1143,573,0.09087296196492534
919,254,0.09086894430929446
778,1077,0.09085736774086697
1064,582,0.09085394197678733
962,1156,0.09084819555209148
144,1107,0.09084756857502999
1064,596,0.09084396771125489
251,931,0.09083767486072383
692,400,0.09083597867781987
144,83,0.09083591320163806
144,418,0.09083273532011056
804,892,0.0908302521507923
804,1071,0.09082812474612512
919,742,0.09082797913481182
919,16,0.09082416951439082
804,1145,0.09081649661463531
712,322,0.0908145171597859
146,855,0.0908135445536682
356,654,0.09081252662094817
692,0,0.09081059114172992
962,294,0.09080464851546959
804,826,0.09080184257114637
804,460,0.09079758179149466
144,1026,0.09079736221130923
184,587,0.09079519314422313
1162,1055,0.09079139911882486
840,141,0.09078587715632103
144,641,0.09077765381124925
778,1034,0.09077625869650474
577,1050,0.09077275390004257
778,1104,0.0907704624395132
804,1086,0.09076971497835158
184,191,0.09076848280205746
295,538,0.09076781615602607
778,385,0.09076529118977686
146,176,0.09075783679215872
295,1098,0.09075524097971487
577,989,0.09075414039498461
712,879,0.09075213935270966
778,123,0.09075108516033588
840,848,0.09074829911534378
919,892,0.09074521379970066
184,589,0.0907404559635526
778,687,0.0907399370167272
184,1166,0.09073484019124925
146,575,0.09073078386274183
146,910,0.09072815838939094
715,33,0.09072772814601865
144,66,0.09072681903882553
778,225,0.09072396246896498
100,215,0.09072126431801408
1143,999,0.0907205903873653
692,556,0.09071819398845837
100,556,0.0907138870292816
577,630,0.09071025574657259
295,262,0.0907097336026184
715,900,0.09069885094635828
356,1006,0.09069866934203528
144,755,0.09069714493047058
251,962,0.09068822781731273
146,846,0.0906879025585745
577,1024,0.0906878775842998
251,567,0.09068475115986399
715,417,0.09067999746468261
712,1106,0.09067212814579707
840,372,0.09067005351851899
1064,850,0.09066851780754734
146,676,0.09066798399194921
251,1001,0.09066573241931945
184,55,0.09066442544530702
577,608,0.0906612202998362
146,1203,0.09065537950456691
577,733,0.09065535316079584
295,848,0.09064664293338381
577,1049,0.09064335005001573
962,803,0.09064271235479839
100,727,0.0906419962032633
919,757,0.09063600860749867
144,345,0.09063226034896778
712,251,0.09063038931937059
804,526,0.09062346038909208
840,670,0.09061938034405087
962,1008,0.09061898059138458
144,540,0.09061845249039553
962,1168,0.09061666443256308
251,381,0.0906157275548652
843,473,0.09061491399348386
986,777,0.09060902538823301
577,70,0.09060850830691171
692,427,0.09060292387144064
962,143,0.09059931243450504
577,539,0.09059780697121556
962,370,0.0905897914579116
100,936,0.09058912029790789
295,186,0.09058845643206774
840,844,0.09058449690885882
712,496,0.09058361646584254
840,475,0.09056916262343677
184,702,0.0905669470225232
251,724,0.09056665167208114
577,663,0.09056143905388764
843,523,0.0905587886820109
144,919,0.09055427947058833
962,445,0.09054574783527208
100,978,0.09054545179712929
962,1138,0.09054452919230149
778,20,0.09054430003300827
962,880,0.09053922925474478
184,724,0.09053560768505246
146,19,0.0905346859545694
1143,281,0.09053064166605658
577,812,0.09051663017574445
843,46,0.0905121106874622
251,55,0.09050915092542926
1064,1187,0.09050550777982064
840,55,0.09050365408401559
577,1005,0.09050346020972755
146,1103,0.09050078778716561
100,235,0.09049655942148123
9,164,0.0904962772813404
144,119,0.09048709893863212
1162,677,0.09048629146737351
962,313,0.090486008845434
944,802,0.09048229378478657
840,920,0.09047519988946996
577,150,0.09047495996361117
778,167,0.0904746355873822
804,1047,0.09045997102242734
251,516,0.09045916510946919
944,528,0.0904572546759667
843,758,0.09045333240682986
962,565,0.09043831967660258
251,905,0.09043721541808447
251,685,0.09042678585816956
144,665,0.09042527502152332
251,912,0.09042157004959439
1064,917,0.09041995636605898
144,655,0.09041323263893386
251,807,0.09041067793454717
577,933,0.09040822125255217
712,632,0.09040308647500774
295,149,0.0903974327138825
100,1060,0.09038707705010625
1064,995,0.09038612156800387
804,291,0.09038388420666575
184,370,0.0903795763644527
712,662,0.09037521958963045
251,249,0.09037315190416222
251,432,0.09036043881541825
840,665,0.09035772127523911
100,587,0.09035634796491031
804,495,0.09035388302280974
577,42,0.09035184682737651
144,774,0.09035159994528393
146,513,0.09034594441190216
356,306,0.09034564609917364
1143,496,0.09034560075729625
2,972,0.09034418697026862
577,1073,0.09034318071505566
692,350,0.0903272012602248
712,426,0.09032639879393373
692,1041,0.09032522939655942
692,1029,0.09032419226399124
962,1122,0.09032288799966495
715,249,0.09031697858963883
712,1203,0.0903075160892436
577,255,0.09030556002673426
577,386,0.09030417451123234
146,312,0.09029993528121054
577,18,0.09029435130587062
356,719,0.09029236806956402
712,761,0.0902920250881217
9,634,0.09028938347585408
944,670,0.09028195053802626
962,13,0.09027925760206398
778,891,0.09027910320490157
577,120,0.0902778107339406
692,506,0.09027433750929044
146,983,0.09027315849400833
295,436,0.09027094784339025
840,15,0.09026239980894142
778,183,0.0902567365977188
146,938,0.09025657345162448
251,40,0.0902547816319823
716,1188,0.09024668686211407
804,120,0.09024584653543859
2,592,0.09024480663955635
843,755,0.09024104669987955
295,421,0.09023925414473892
251,80,0.09023862785442925
251,1004,0.09023195583899413
146,800,0.09022541351698732
146,462,0.0902217799365207
840,949,0.09021419096197536
184,443,0.09021260791907558
804,1146,0.09021249144922118
1143,371,0.0902068602862001
251,392,0.09020614419801108
100,528,0.09020518663985706
778,861,0.09020426157598736
919,135,0.09020011644269663
100,621,0.0901967983924601
64,163,0.09019671585458094
100,234,0.09019559111013843
962,74,0.09018771269920597
804,505,0.09018260833309177
962,376,0.09018150024695262
146,179,0.0901813015816097
251,1175,0.09017951860747088
184,439,0.09017764876979718
804,152,0.09017138471076379
919,1099,0.09016117077932614
962,25,0.09015686165934769
144,1151,0.09015627270961321
715,437,0.09015409273074318
146,529,0.09015405322899014
144,1041,0.09015224106348832
146,1048,0.0901497632781053
986,71,0.09014252254841991
9,1120,0.09014139267095213
919,946,0.09014108702656239
9,243,0.09013167522107894
146,815,0.09012397081861899
840,1,0.09012344201525942
2,842,0.09011296741009264
184,1065,0.09010848814180104
251,42,0.09010496432534142
146,319,0.09010435094755603
962,768,0.09010388045716665
712,1113,0.09009519207285464
146,688,0.09009378291773655
184,1104,0.09009149507760188
356,627,0.09008907467416492
840,370,0.09008696587730908
962,231,0.09008622009991324
1162,811,0.09007199997266374
577,455,0.09006352100720448
184,66,0.09006164053504298
804,728,0.09005629127401422
144,593,0.09005513258081892
804,309,0.09004712255652912
962,889,0.09004195013218945
962,728,0.09003847620119698
1143,642,0.09003756282839065
962,953,0.09003052663011439
100,427,0.09002274810381491
251,1020,0.09001626494064088
577,128,0.09001094960246675
778,143,0.09000635195707662
146,1012,0.09000407807439767
577,462,0.08997363692989938
804,41,0.08996739598347434
834,221,0.08996610236378322
577,1045,0.08996139086215289
251,923,0.08995928447741992
778,375,0.08995925237176544
919,609,0.08995859656903499
251,113,0.08995129487432695
251,958,0.08995082001396486
251,146,0.08994295058359057
577,909,0.08993668520735858
577,1137,0.0899342543993099
962,107,0.089929867050622
356,806,0.08992958509491145
144,64,0.08992914058182425
962,432,0.08992539532024013
919,1104,0.08992422228300523
944,639,0.08991354073003169
251,480,0.08991138201804584
1064,1177,0.08990919113504496
295,987,0.08990821750120065
804,1147,0.08990701200114344
804,143,0.08990595072273148
715,37,0.08990110292000614
251,760,0.08990012389291577
692,232,0.08989296548997806
577,65,0.08989186387241924
146,1191,0.08989000752553956
251,550,0.08988955901193556
146,170,0.08988839801299081
1162,227,0.08988744604041977
146,280,0.08988722565957695
692,225,0.08987896592200477
144,189,0.08987490580890548
1064,1070,0.08987422222819082
251,1059,0.08987120879426265
184,523,0.08986587703573941
577,160,0.08985210501457234
692,942,0.08985188863746033
146,99,0.08984938787233769
100,488,0.08984155731630632
919,541,0.08983567015000661
962,602,0.08983202884756643
840,375,0.08982775808589534
251,41,0.08982633662613314
144,944,0.08982101513688337
712,1123,0.08981597617925743
251,947,0.08981393002791949
184,423,0.0898137178982121
184,420,0.08980646508507158
146,187,0.08980570965657665
146,49,0.08980002193463785
577,503,0.08979564540026493
840,314,0.08978252322114497
692,930,0.08977418182314856
715,503,0.08976819918448378
251,783,0.08976614241313771
251,288,0.08976597569280904
355,879,0.08976263488286487
944,562,0.08976251968920014
962,1196,0.08976017799720959
986,17,0.0897594302657755
100,1029,0.0897527421763759
251,455,0.08975100983909194
144,220,0.08975091370450038
715,853,0.08974893544941102
146,1105,0.08974395610443733
962,801,0.08974395214023924
251,1054,0.08973615478782274
1064,61,0.08973534005396118
356,1109,0.08973508596588468
184,493,0.08973275739080831
962,242,0.08973230188617237
144,1079,0.08973184505430425
843,96,0.08972876520032293
577,10,0.08972417459316723
100,91,0.08972101266379207
577,1151,0.08972041507312012
2,351,0.08971820697154183
840,53,0.08971554382606807
577,745,0.08971451681722804
804,277,0.08971402830636181
840,1128,0.08971360037474019
251,739,0.08970935061604057
577,879,0.08969999605271316
1064,1133,0.08969628703903285
100,699,0.08969328779577196
804,1090,0.0896929350481444
144,519,0.08968488501762091
184,424,0.0896810748840261
146,629,0.08967808103080072
778,789,0.08967602148206529
295,300,0.08967170945257147
144,685,0.08967071367683871
778,1060,0.08966768891153598
692,473,0.08966304189596826
146,440,0.08965830415066914
843,1072,0.08965433662390844
692,1133,0.08964787756223803
577,152,0.08964710662453089
778,214,0.08964410238724987
577,200,0.08964140831577662
804,111,0.08963631408659574
184,653,0.08963617773058433
804,53,0.08963563306945398
100,397,0.0896337831737339
356,291,0.08963291585433378
962,70,0.08963242557409312
962,716,0.08962828036143868
962,389,0.08962510056043897
1162,660,0.08962459871335174
1064,787,0.08961499350319359
100,474,0.08961178963005333
962,999,0.08960757350969296
2,313,0.0896047267036512
251,1203,0.08960392592180322
1162,424,0.08960200460293434
184,1160,0.08959796804298298
577,899,0.0895974282488764
804,596,0.08959226252219091
100,324,0.0895905007873129
715,1036,0.08958993761471953
9,403,0.08958236964098093
843,172,0.08958103738535708
843,526,0.08957767573431491
692,388,0.08957009921759204
577,657,0.08956785154262531
295,567,0.08956674869833399
962,94,0.08956556022583582
356,842,0.08955381878786138
577,449,0.08954849302084107
146,667,0.0895483959231949
1143,1148,0.08954328707067759
184,257,0.08954053416893981
962,674,0.08953891742107051
712,109,0.08953366209018015
712,1037,0.0895315866891063
184,790,0.08952894023712783
962,422,0.08952769614732935
962,174,0.08952621124369524
577,681,0.08952323797832863
100,284,0.089519461589558
1064,621,0.08951672893602605
144,216,0.08950557356800723
692,1013,0.08950547273090015
843,206,0.08950342879370464
577,1061,0.08949985372744802
712,674,0.0894986610626815
840,339,0.08949693424762853
577,619,0.08949577043542101
184,1007,0.08949349713887296
356,860,0.08949115561669559
843,415,0.0894909143062089
712,281,0.08949020776127263
843,137,0.0894879417263434
184,79,0.08948430280062204
577,1001,0.08948282112761986
577,34,0.08948244446783322
146,583,0.08947437607821682
100,636,0.08947194937397948
843,377,0.0894689470491248
986,731,0.08946531443650294
1064,17,0.0894580794382244
146,599,0.08945799371972492
986,300,0.08945788699126866
962,717,0.0894562481245287
962,259,0.08945448830312866
1143,99,0.0894502390517785
251,370,0.0894496411576234
577,372,0.089448801609016
577,1200,0.08944726430321681
100,856,0.0894424646474143
251,568,0.0894419836501924
144,56,0.08943980031560209
2,723,0.08943627304034456
712,205,0.08943260149379292
712,664,0.08942901284611822
962,1035,0.08942599152430643
184,335,0.08942161828396332
692,408,0.0894130897302131
144,1029,0.08940832190406695
986,286,0.08940469357801188
146,185,0.08940273528391907
715,322,0.08939247775593986
146,487,0.08939177459269074
100,400,0.0893876321603174
715,865,0.08938229029982589
144,213,0.08937439909463381
577,953,0.08937036475017358
692,570,0.08936850811895805
712,373,0.08936826416294281
778,198,0.08935799387255974
843,1131,0.08935369023149752
577,878,0.08935163990311912
962,729,0.08934730082606024
962,753,0.08934496484437597
146,1089,0.08933744845794206
1064,257,0.08933576569604995
712,628,0.08933285863663505
712,266,0.08933221644859969
804,400,0.08933095167806436
804,225,0.08933069373845595
962,955,0.08932267021256417
919,1185,0.08931686255469674
146,584,0.08931526663502355
840,1003,0.08931418266043502
840,459,0.08930900382647623
9,159,0.08930261357440678
962,1066,0.08929632822306546
1064,553,0.0892890003549061
778,867,0.08928898600596366
251,191,0.08928682175933768
146,1072,0.08928678755366222
919,219,0.08928621610324385
715,6,0.08928219822982805
577,125,0.08928152582613103
840,1034,0.08927982661649894
146,929,0.08927363940287328
577,766,0.08927071472635496
692,268,0.08927008439032848
144,194,0.08926724324066514
692,162,0.08926445798588238
962,1020,0.08926158426730753
100,273,0.08925461122710297
144,174,0.08925353991644239
919,637,0.08925323021520454
778,1180,0.08925251186894487
834,306,0.08924965202792644
144,724,0.08924328125219812
2,23,0.08922936673074106
577,672,0.089228998806749
144,25,0.08922786748381828
20,680,0.0892274046257993
144,1025,0.08922489413141008
577,1066,0.08921143719133715
962,975,0.0892034034995295
144,364,0.08920148669833652
804,949,0.08919964646959942
251,952,0.0891963220741603
962,173,0.08919240360796123
715,1012,0.08919162195094205
184,1005,0.08918410526056088
144,988,0.08917689555885842
804,928,0.08917682786952302
2,311,0.08916840252777858
944,852,0.08916457227093104
962,399,0.08916185827176822
840,351,0.08915976010636734
184,918,0.08915899394124283
251,964,0.08915791707826619
1064,715,0.08915566179761356
184,85,0.08915541537103429
840,279,0.08915358699631887
20,840,0.08915319344755974
295,494,0.08914852695773923
146,615,0.08914590814884402
840,81,0.08914314886794619
146,882,0.08913819289374979
1064,284,0.08913747265025773
804,420,0.08913598314890801
843,844,0.08913294936738063
146,175,0.08912918044732607
2,202,0.08912779269805199
843,545,0.08912550740962842
712,645,0.08912021950978921
843,824,0.08911719759123354
144,1125,0.08911528686251458
146,322,0.089115191642431
1064,852,0.08911388766080561
251,879,0.08910342668733268
1064,523,0.08909200687284187
840,901,0.08909081197832473
715,145,0.08909011156130263
962,357,0.08908596705306794
840,936,0.0890836618845711
577,468,0.08908278152391345
146,1092,0.08908155545658304
251,864,0.08907760158197237
146,87,0.089074146777654
577,322,0.08907202542444988
919,867,0.08906056530392312
1064,53,0.08905981503762775
146,954,0.0890528054103349
692,1025,0.08905169278446494
919,1063,0.0890503658980367
716,1042,0.08905012067814028
1162,138,0.08904890862129493
184,258,0.08904077055916217
144,129,0.08903833746167415
577,259,0.08903604944205742
804,453,0.08903121895007853
715,782,0.08902907265029901
356,494,0.08902203523022349
1064,456,0.08901983435902996
843,139,0.08901829388907499
146,153,0.08901432927604568
692,969,0.0890084994217163
251,944,0.08900234089795726
184,1011,0.08899874308891727
712,923,0.08899688791786436
100,911,0.08898790846012664
577,360,0.08898596109632324
184,121,0.0889848817556253
184,1147,0.08898449868695177
100,494,0.08898329464830183
1064,9,0.08898200554026119
692,545,0.08897772217927735
692,769,0.08897273750888002
2,811,0.08897113883155722
184,1013,0.0889683150859375
715,838,0.08895834761722866
577,705,0.08895782542237116
804,648,0.08895389858329424
144,638,0.08894546221870152
778,860,0.0889433746878184
577,547,0.08893968756562422
715,1019,0.08893941598721102
251,781,0.08893632837267954
20,606,0.08893403186528612
2,440,0.08893146995247164
146,539,0.08892102245507937
716,859,0.08891165834605377
962,877,0.08891147192094626
1162,440,0.08890674592352768
9,633,0.088906670934549
840,1091,0.0889055200377421
716,719,0.08890220340751574
100,998,0.08889210554544416
1064,557,0.0888919945301514
843,83,0.08888876019918295
1064,397,0.08888792416772524
577,191,0.0888870567654549
692,566,0.08888609324294762
146,822,0.08888317855340572
146,1016,0.08888151798647245
144,845,0.08887748348585481
144,1146,0.08887257936839948
146,849,0.08887183321938204
251,1052,0.08887122835309735
840,724,0.08887096278426723
715,679,0.08886887528070234
577,290,0.08886774847843121
919,582,0.08886621055622408
146,876,0.08886462131911463
1143,303,0.08885473867920367
712,34,0.0888503690003807
184,81,0.08884790744711468
356,681,0.0888477241596605
1064,609,0.08884709013559
577,493,0.08884511452909918
2,881,0.08884284099676042
715,820,0.08884174734039384
804,901,0.08883391560470004
577,890,0.08883269464577556
251,540,0.0888321046962377
712,280,0.08882976458039826
712,790,0.08882804152739061
778,840,0.08882503788781189
692,1182,0.0888201643894354
804,824,0.08881600593654544
251,106,0.08881530855373054
251,143,0.08881451849163519
100,333,0.08881151211149069
577,1075,0.08880667860411977
840,1022,0.08880628703704402
144,646,0.08880507028256053
715,1203,0.08880404516637183
840,566,0.08880110466601825
251,665,0.08879459476719918
986,848,0.08879029763578986
840,727,0.08878658951248551
804,158,0.08878491069590681
1143,715,0.08878317818559629
1064,124,0.08877093944873281
295,1154,0.08876591896231387
577,554,0.08876582477046761
251,422,0.0887650821492663
100,1201,0.08876182410313718
962,455,0.08876001214601226
146,199,0.08875646431806675
295,634,0.08874629392366744
843,335,0.08874431047829384
146,546,0.08874378368122214
1064,581,0.08873823061884689
251,0,0.08873645530652063
100,472,0.08873449099863373
356,708,0.0887279698698833
144,206,0.08872549698612694
251,157,0.08872271789521566
100,24,0.08871241981423636
146,52,0.0887104112496115
804,206,0.08871040300723644
843,167,0.08870771591724007
251,413,0.0887054177377391
144,249,0.08870513071522416
146,1108,0.08869751069587745
778,162,0.08868875634058253
146,948,0.08868844925781229
843,429,0.0886866053991441
295,785,0.08868650731611555
778,430,0.08868477142879605
919,923,0.08867527599284301
919,658,0.08867382041823077
577,983,0.08866464773412552
1064,633,0.08866046207679892
251,891,0.08864461820995662
100,1057,0.08864157659778617
692,211,0.08862176544256498
146,970,0.08862100722753592
1064,204,0.0886138474045676
715,626,0.08861236885700494
843,158,0.08860469734379298
778,1057,0.08860456659767837
577,792,0.08860008940122556
1162,139,0.08859698979988999
251,14,0.08859043405586521
986,421,0.08858753674512082
2,489,0.08858473659470786
712,1170,0.08857978665926833
840,235,0.08857479527002693
712,951,0.08857189350585708
843,1003,0.08857112970126196
251,296,0.08856438338469712
251,662,0.08856077720241605
577,207,0.08855529372946379
577,295,0.08855522103145344
577,717,0.08853127251611817
251,368,0.0885254495103804
251,801,0.08852493535124233
944,660,0.08851833903117397
577,134,0.08851257046535299
843,1179,0.08850148460505894
251,1007,0.08849903254346253
919,206,0.08849322114806506
355,206,0.08847937701507357
1064,1097,0.08847304149300815
962,624,0.08847280852678217
251,985,0.088470518137589
919,474,0.08846981521816932
577,31,0.08846560517428372
295,923,0.0884637318217042
712,671,0.08846194126963158
146,580,0.08846046586638812
840,868,0.08845909243394157
778,282,0.08845864640141425
146,279,0.08845589667536155
840,78,0.08845081040811506
843,159,0.08844932866862552
1143,951,0.08844314528733592
692,297,0.08844195069045549
144,974,0.08843860259836477
184,964,0.08843823056821029
804,430,0.08843317771108175
712,970,0.08843126172383642
712,965,0.08841726212723802
144,200,0.08841243968613192
692,680,0.08841207873640823
843,570,0.08840386218494695
251,1095,0.08840108275173171
843,1104,0.08839312745676245
843,113,0.0883902059761986
144,306,0.08838117914285343
577,955,0.0883765586391704
692,1185,0.08837587728252135
692,1102,0.08836989889979517
804,198,0.0883679613357054
577,249,0.08836773089858166
146,464,0.08836561799957503
251,764,0.08836181079530854
804,474,0.08835860700711246
1064,556,0.08835141903270088
1143,778,0.08835082127222016
840,159,0.08835079468932999
715,266,0.08834952240410152
778,474,0.08834705710423488
919,341,0.08834039763779342
146,1148,0.08833971142659247
1064,797,0.08833920528878973
843,427,0.0883372448885699
1064,748,0.08833481318709427
692,254,0.08833408214872678
986,936,0.08833146852832491
295,863,0.088329480905431
962,672,0.08832646482799857
146,768,0.088316707279741
251,955,0.08831457625300582
251,1122,0.08830735366811505
146,228,0.08830443932083007
146,1159,0.08830363814174691
712,465,0.08829336062028575
146,871,0.08829322680469998
843,969,0.08829005853391982
716,840,0.0882882517924802
577,334,0.08828497212414348
356,660,0.08828324089515913
692,472,0.08827689144024323
20,231,0.08827066876769404
1064,1145,0.08826774839326325
251,419,0.08826627002152784
577,1051,0.0882661900388463
146,893,0.08826359246864905
577,886,0.08826262247130522
251,255,0.08825662355752835
577,59,0.0882515911850035
778,435,0.08824427008383212
1162,743,0.08824340310492815
295,195,0.08823737270118374
804,326,0.08823285659375761
804,581,0.08823222733945528
144,282,0.08823093251880143
712,573,0.08823076084173642
251,1066,0.08822387008558492
712,1026,0.0882228907660385
577,629,0.08822266580434905
962,90,0.08822208618181754
146,457,0.08820500939134499
295,869,0.08820463235101401
577,702,0.08820037037486615
840,309,0.08819868040889789
184,996,0.08819495165926759
295,391,0.08819361574542149
356,346,0.08819217292825055
712,898,0.08818614465749341
184,1047,0.08818221276182021
577,454,0.08818182082565956
944,17,0.08817796981285059
712,839,0.0881731744975286
251,232,0.08817272968559822
1143,843,0.08817096488954211
251,1026,0.0881636040285587
144,429,0.08815172969888896
804,123,0.0881497962617838
1143,977,0.08814239441880835
715,618,0.08813922011125333
184,1125,0.08813309355650577
577,635,0.08813278276541531
251,1168,0.08812830916808218
251,835,0.0881265908507423
146,248,0.08811956753155689
184,947,0.08811252571974845
804,1174,0.08810408988730455
144,151,0.08810338260577409
251,1011,0.0881008898080507
577,1140,0.08810069851882796
184,12,0.08810002784378272
715,62,0.08809622224443917
251,194,0.08808802488407082
356,395,0.08808701828997527
184,83,0.08808666165922853
295,1187,0.08808043646993263
712,788,0.08807991890571189
184,891,0.08807847567296692
778,658,0.08807227353700861
144,757,0.08807145195709867
577,162,0.08805315760551548
1162,923,0.08805009431206805
1143,216,0.08804601184578666
184,1025,0.08804477582058794
712,679,0.08802924962865744
146,265,0.0880277281309528
251,547,0.0880243636698111
962,851,0.08801934506258056
146,100,0.08801924896171615
843,1145,0.08801833991026081
843,234,0.08801672059712862
144,1050,0.08801545047327516
944,806,0.08800706909250916
715,1037,0.08800515896036719
146,899,0.08799545680073644
1064,196,0.0879902029315977
146,827,0.08798903599191238
146,1153,0.08798789367717907
146,369,0.08798745223160756
144,735,0.08798250780917581
962,483,0.08797837080839022
144,1102,0.08797596462817164
577,161,0.08797515091502595
577,1162,0.0879671178375979
146,50,0.0879667137420914
715,862,0.08796430348538241
1064,928,0.08795664599096341
251,851,0.08795434842973344
712,1141,0.08795063715006007
2,190,0.08794790175323335
712,838,0.08794604375569864
962,871,0.08794265286022773
715,246,0.08794225419101268
577,1031,0.08794218421091746
146,792,0.08793696109828594
146,427,0.08793229593477081
251,790,0.08792929002619229
715,1067,0.0879292257685497
778,1185,0.08792909091171452
577,57,0.08792238847143198
251,31,0.08791223583833013
355,567,0.08791168825216232
1064,495,0.08791062197925124
184,219,0.08790707903225821
715,1087,0.08790255559216385
804,545,0.08789399824773188
577,922,0.08789174631196399
962,31,0.08789092686006038
1143,1089,0.08788817681391069
919,873,0.08788502888879296
843,400,0.08788390116461646
251,1135,0.08788370696110005
692,500,0.0878813975423277
692,444,0.08787482811545064
356,888,0.08787470165085197
251,755,0.08787419166391523
804,1022,0.08787251217416686
692,729,0.08786760863190363
778,103,0.08786646450432285
146,94,0.0878637402668009
184,555,0.08786363412425281
9,562,0.0878618720786278
146,115,0.08785716011024429
840,488,0.08785660568889522
962,507,0.08785480259271705
778,56,0.08785167578414743
144,167,0.08785078535309172
962,434,0.0878387218480927
144,152,0.0878286382456829
692,722,0.08781913782006741
146,33,0.08781881341005693
146,941,0.08780959447364678
251,1142,0.08780871646138574
840,648,0.08780595344103383
692,607,0.08780355925596246
577,354,0.08779880587498175
251,1050,0.08779593582886804
251,832,0.08778931796726726
100,257,0.0877888446225869
9,163,0.08778630523698829
962,325,0.08778522679450483
184,550,0.08778478257660861
962,114,0.08778430571638582
577,937,0.08778035649780645
692,563,0.08777982121924391
146,47,0.08777955055380478
843,174,0.08777880796701176
577,312,0.08777873565699239
843,714,0.08777835862707578
1064,904,0.08775228444783564
712,773,0.08774918165780388
804,9,0.08774253195152978
962,150,0.08774220698923721
9,348,0.0877415477404513
804,582,0.08773283340532131
184,254,0.08773272113008043
712,316,0.08772656960304026
962,194,0.08772491684478594
146,133,0.08772279639122185
840,404,0.08772116751768019
692,761,0.08771347668605478
1064,1003,0.08771332321825381
778,404,0.08770955931670109
1064,856,0.08770910173559589
692,143,0.0877054986625719
184,279,0.08770106049714521
804,1091,0.08770038180650351
919,636,0.08769667301562334
251,1182,0.0876862109821216
184,725,0.08768474800283742
778,0,0.08767627612196617
184,225,0.08767556286864643
251,330,0.08767468828159918
843,610,0.08767434351708442
692,587,0.08767407793206221
712,967,0.08767244506707797
146,69,0.08766837017818256
1143,839,0.08765067839105986
804,1006,0.08764691104498525
692,24,0.08764343395002558
184,268,0.08763945571535839
692,940,0.08763917857431791
146,1135,0.08763059605595827
919,430,0.08762987381544812
962,439,0.08762891441858936
577,910,0.08762727118923322
778,971,0.08762638869964387
251,350,0.08762190531665205
715,433,0.08761525607133455
1143,331,0.08761466889009539
692,1146,0.08759700908113274
577,1196,0.08759676887904518
692,287,0.08759633302311239
692,20,0.08759545319495741
146,1119,0.08759412717370599
962,823,0.08759199228016554
577,370,0.08758739906457988
251,335,0.08758644798511618
146,779,0.08757772427390045
986,452,0.08757291329884843
692,873,0.08757233308987729
577,482,0.08756809274551475
962,449,0.08756670170177372
962,922,0.08755546355191063
2,500,0.08755249338178372
146,511,0.08754975432567039
843,56,0.08754320882517572
840,327,0.08754239814768369
715,810,0.08754057962902291
251,996,0.08753893147487869
715,153,0.08753587537126266
919,714,0.08753237796225732
144,331,0.08752568453576755
100,923,0.08751983018695819
986,904,0.08751785681596189
944,919,0.0875172133127438
144,923,0.08750696892490534
184,697,0.0874953010743206
712,701,0.08749394587300757
184,256,0.0874908543029472
146,1122,0.08748018239690482
146,1121,0.08748003404028792
919,995,0.08747720113329456
804,1069,0.08747139515395702
962,855,0.08746494493710646
251,666,0.08746478415485714
100,4,0.08746309115647656
834,712,0.0874630222449285
577,1040,0.0874609984547496
577,1121,0.0874584154558223
251,889,0.08745557362130266
356,26,0.08745424316231194
986,126,0.08745254840897501
146,132,0.08744689468580362
144,399,0.0874452606705157
251,460,0.08744378275391708
251,589,0.08743946307656318
144,865,0.08743279683636232
843,789,0.08743196432513067
712,419,0.08743134041957037
100,697,0.08742084032898419
100,742,0.08741738660583367
146,732,0.08741570515862794
692,748,0.08741539042513467
144,392,0.08741353597770385
778,9,0.08740792398354515
184,733,0.08740696532162369
712,1111,0.08739613460140164
144,443,0.08739428430593281
251,1125,0.0873850611213935
144,684,0.0873789930837124
715,1110,0.08737871192623448
577,819,0.08736975083095068
692,780,0.08735885713742803
1162,1,0.0873580049863933
712,1062,0.08734037599198635
716,639,0.08734009197402036
146,700,0.08733698984509942
715,813,0.08733106053823105
712,929,0.0873291588287718
100,305,0.0873285455107014
251,1157,0.0873218477865005
840,61,0.0873158723000274
146,468,0.08731188629313241
962,536,0.08730929112468062
251,242,0.087300092922689
251,533,0.0872952765113278
146,148,0.08729259694434656
804,917,0.08728902371511417
184,9,0.08728275899754853
144,536,0.08728062514539647
577,307,0.08727933852431523
1064,211,0.08727932287696175
184,999,0.08727457597359502
840,769,0.08727389058597401
692,1058,0.08727306957917277
1143,419,0.0872697483173048
144,326,0.08726833194035151
840,750,0.08726153661930877
184,835,0.08726151335733084
184,874,0.08725676041024352
2,515,0.08724961246977933
64,1042,0.08724115636923731
962,936,0.08723676719065976
778,149,0.08722609945818358
146,705,0.08722210932182564
144,493,0.08721679578085312
1143,1155,0.08721638530569906
184,902,0.08721237185248616
146,958,0.08721128158780123
840,291,0.0872086126844545
715,589,0.08720803728064425
251,733,0.08720072297907126
577,575,0.08719680956447025
712,343,0.08719589064963344
962,811,0.08719583261807047
577,831,0.08719058875808282
251,768,0.08719020717104792
577,970,0.08718773376846826
251,522,0.0871876721737796
146,266,0.08718744734650326
184,282,0.0871842978396429
2,606,0.08718342760379934
2,494,0.08717928319162707
1162,968,0.08717376228489705
962,725,0.08716604896445981
146,997,0.087164029512067
804,1179,0.0871628442853244
1064,754,0.08716230454225285
251,895,0.0871596715607102
962,1054,0.08715644630748659
1162,159,0.08715208571245568
843,891,0.08714750985934396
146,217,0.08714671169291431
146,653,0.08714607723287861
1143,349,0.08714166358303337
840,742,0.08713874149756186
146,864,0.08713769311304226
100,793,0.08713689854505799
962,519,0.0871342538373215
146,668,0.08712992620510962
146,933,0.08712546387025011
715,1113,0.08711849174877166
2,383,0.08711614704800871
919,707,0.08711102242701929
295,283,0.08710392079291993
2,594,0.0870986857666215
962,177,0.08708731104344959
144,722,0.08708717154104212
295,714,0.08708231317510239
715,598,0.08707991275458647
144,172,0.0870717981661476
712,938,0.08706629192144655
840,1186,0.08705699847278513
144,458,0.08705565432221496
146,62,0.08705480573086126
144,111,0.08705436914599762
184,173,0.08705303057346184
715,595,0.08705222493636938
146,618,0.0870481576489952
692,351,0.08704788946795848
1064,444,0.08704501953680993
146,872,0.08703852331586741
144,1004,0.08703692196285918
146,233,0.0870344490884774
184,1102,0.08702323030645716
577,896,0.08700553693320279
251,1036,0.08700178032496403
712,249,0.08699639713248954
919,404,0.08699208435408755
840,326,0.08698487047420014
804,1097,0.08698202169662357
919,865,0.08697810326761779
9,854,0.08697705931076301
843,680,0.08696827035807565
184,735,0.08696468374214118
184,728,0.08696366818301692
146,828,0.08694922250289065
692,787,0.08694884581203201
146,1007,0.08694724845812829
840,162,0.08694639413541824
251,865,0.08694018975033617
919,610,0.08693190242951716
577,205,0.086931077038239
919,566,0.08692456964189124
146,130,0.08691958658336223
712,82,0.08691796091144605
834,1053,0.08691750566271442
577,1039,0.08690005873084282
251,579,0.08689862513967017
251,1034,0.08689783293283859
712,1089,0.08689561731256094
986,440,0.08689326530006147
146,683,0.08689139183477988
577,781,0.08688779354166751
251,918,0.08688620807052493
144,413,0.08688429470131641
184,418,0.08688238164982771
1143,236,0.08687967244424108
919,930,0.08687559366508285
184,444,0.08687488545941406
100,313,0.08687010482911779
986,204,0.08686842752298503
919,338,0.08686466235476753
712,675,0.0868632456157401
712,411,0.08686137682745562
577,460,0.0868575179947554
577,425,0.0868508558430546
1143,558,0.08684960442339877
843,791,0.08684121668528041
146,389,0.08683315538753082
962,1151,0.08682544149442711
1064,277,0.08681424998326806
804,1077,0.08680981002906998
843,326,0.08680735917958901
2,761,0.08680499622299002
715,1011,0.08680318805528604
712,1153,0.08680080376293972
840,534,0.08679572269116528
1064,139,0.0867948932303503
146,491,0.08678649187517169
840,756,0.08678498266614411
715,451,0.08678405946434846
184,848,0.08677347965008717
715,747,0.08677112028084145
986,881,0.0867535319643579
804,1034,0.086752367954042
919,351,0.08675103720601358
715,1202,0.08675042936241599
251,150,0.08674873233358121
715,762,0.086747341179574
804,421,0.08674522352148287
715,50,0.08674293165449126
712,442,0.08674222437184234
1064,841,0.08673880991950521
778,1054,0.08673454136274952
692,1078,0.0867313776946465
840,188,0.0867281182242047
146,1059,0.08672758191924497
843,708,0.08672594295669593
146,908,0.0867234223282657
100,967,0.08671979334916169
840,1057,0.08671952707043623
712,270,0.08671518774750489
919,1161,0.08670274710221683
577,1138,0.08669808024464151
146,82,0.08668978595183184
577,764,0.08668902284673918
692,235,0.08668453738358567
146,207,0.0866842345707074
962,735,0.08668130248053346
184,928,0.08668021445678618
144,600,0.08667959660202822
962,35,0.08667701723556427
144,1194,0.08667636516885824
295,761,0.08667331223373594
146,1142,0.0866725309603487
962,655,0.0866689726351804
919,756,0.08666425045428074
778,881,0.08666411453393248
144,1104,0.08666272457526367
778,420,0.08665868846672739
843,505,0.08665858116839317
692,752,0.0866585291021843
804,306,0.08665819493597977
692,1022,0.08664954965246398
146,718,0.08663746570731003
712,6,0.08663631349407229
251,105,0.08662645050851203
251,1018,0.08662497407805582
184,1057,0.08661721941273365
715,114,0.08661661067793405
804,211,0.0866151068559354
1143,525,0.08660912276530107
715,833,0.0866088289806947
251,299,0.08660862181777078
100,1097,0.08660802441997004
840,526,0.08659397561737753
804,681,0.08659392330632357
146,376,0.08659325595037057
146,935,0.08659278270880554
843,444,0.08658992711228486
251,913,0.08658349182819593
692,214,0.0865788089086574
146,1199,0.08657574655274702
919,868,0.08657400095713566
962,2,0.08656493348991821
577,662,0.08656145054022601
843,807,0.08656132445139493
919,1154,0.08655882472402329
919,269,0.08655718493758642
144,123,0.08655154023938752
692,757,0.08655140423926656
804,756,0.08654407840793524
962,1150,0.0865429288930338
144,1046,0.08653854963926612
804,478,0.0865366146369023
577,119,0.08653080424163992
692,198,0.08653015264775968
1143,1029,0.08652736847644771
715,1175,0.0865249668243425
843,942,0.08652219589118587
715,1149,0.08652053788779589
692,824,0.08651661048541132
712,365,0.0865093583571102
1143,564,0.08650884643995692
840,588,0.08650880421983322
843,458,0.08650695825752915
577,30,0.08650158713294519
356,661,0.0864989158436253
146,465,0.0864978669930881
251,439,0.08648987089380797
804,1161,0.08648345987243787
804,1185,0.08648103912236871
1143,200,0.08648017566044609
962,345,0.08648005967573552
356,1002,0.08647954273494411
919,159,0.08647292105457707
577,536,0.08647278371815484
962,247,0.08647076960674219
251,152,0.08646696545881702
712,614,0.08646614786651073
1064,677,0.08646273907819145
146,381,0.08646158938789614
1162,313,0.08645937400249545
2,1164,0.08645695446357969
1143,144,0.08645610648137975
962,471,0.08645161628674404
692,923,0.08644669358241719
1064,250,0.08644337259175724
1162,537,0.0864261553823913
144,579,0.08642525629751725
146,1095,0.08642403612836545
1143,628,0.08642310577609871
251,914,0.08642021852487104
9,362,0.08641914279888063
146,819,0.08641707365470791
146,900,0.08640958120763835
712,1125,0.08640394390313692
251,119,0.08639817895896479
146,524,0.08638729512116972
146,991,0.08638074656974024
804,918,0.08638033785892768
919,708,0.0863795609604767
146,353,0.08637719198708445
843,814,0.08636405016948902
577,1048,0.0863615151156783
577,873,0.08635941567757954
144,232,0.08635837477901274
840,444,0.08635299632709488
356,314,0.08634331658298297
577,771,0.08634304152381463
962,758,0.08633239651811395
2,250,0.08632947278027427
146,73,0.0863270079579599
1143,952,0.0863220390601143
1064,814,0.0863199077262076
251,491,0.08631912722732096
146,598,0.08631557525267126
919,1116,0.08631520069601667
962,1084,0.08631434349527685
295,291,0.08630752806704256
146,745,0.08630353308642846
804,156,0.08630339299405967
778,752,0.08630289094277854
144,16,0.08630174208738288
577,289,0.08630164555547193
577,616,0.08630017672949625
184,865,0.08629477620390234
577,948,0.08629417542949853
577,100,0.0862660838078044
2,566,0.08625747758577693
144,1021,0.08625702265620908
715,974,0.08625373090445905
146,423,0.08624955382174028
144,972,0.08624680212570779
840,811,0.08624498323640471
944,609,0.08624207340333903
251,429,0.08623289027803878
712,642,0.08623166797738253
146,446,0.08622913344217936
577,101,0.08622087305620137
919,751,0.08622059234968671
778,904,0.0862197210547929
144,648,0.08621827074959978
692,56,0.08621144539767442
986,377,0.08620807674637743
100,892,0.0862070246758838
986,1078,0.08619985747339211
962,120,0.08619000168361914
146,429,0.08618848435038501
144,534,0.08618641765058094
986,61,0.08618509737264586
962,1057,0.08618427060314265
962,608,0.0861798090698171
919,606,0.08617148759634546
146,240,0.0861698596471188
692,436,0.08616504833862626
251,137,0.08615833601675829
184,277,0.08615291781974106
715,274,0.08614784641001431
778,1171,0.08614604975047252
184,1071,0.08614485821304388
251,750,0.08614300689365413
919,1098,0.08614146446612195
986,1179,0.08613912290715042
840,408,0.08613714394484605
251,1107,0.08613291874873816
919,211,0.08612662311688876
944,1060,0.08612462151082473
986,541,0.08611983641658127
692,104,0.08611960137101271
843,53,0.08611800261692318
962,113,0.08611445256182908
356,594,0.08610622334004164
351,670,0.08610481946050337
146,535,0.08609951521349812
1143,894,0.08609882520617218
840,780,0.08609841335356977
1143,915,0.08609682660725775
251,76,0.08608766333468527
778,17,0.08608523943999932
146,1155,0.08607896691789853
577,435,0.08607700807017843
184,923,0.08607683378591333
577,887,0.08607591194208052
843,1177,0.08607506702423182
715,1063,0.08606870326558268
962,392,0.08606865774562039
962,1043,0.08606759168608694
144,15,0.08606433564644758
692,1131,0.08606214850583595
295,39,0.08606073367644332
146,39,0.08605888836983756
295,380,0.08605775515407721
840,297,0.08605568145802266
251,736,0.08605457386878752
778,903,0.08605211114417549
715,353,0.08604832708638836
356,224,0.08604754052627843
146,296,0.08604139151609598
962,533,0.08604011166298443
184,460,0.08603197981724163
962,685,0.0860289781397996
577,1010,0.08602498623506116
144,1013,0.08602242221305861
692,1152,0.0860168582636626
251,884,0.08601433267401293
778,875,0.08600628447967096
715,798,0.08599679439551451
986,791,0.08599001124214288
1064,969,0.08598774062300295
184,607,0.08598402731589369
144,20,0.08598263208861279
577,1122,0.08598000477194516
146,67,0.0859722587089144
100,567,0.08597127950186582
577,828,0.08596982006430758
251,695,0.08596578329649625
577,358,0.08596155213589829
146,193,0.0859601859557132
843,309,0.08595606089511063
1143,490,0.08593772031593945
843,480,0.08593277390774222
356,116,0.08592753727268972
1064,97,0.08592638885970154
1162,281,0.08592121209178771
251,46,0.08590760136009697
919,186,0.08590213743156402
251,411,0.08590104259649042
146,128,0.08589774888410476
146,1156,0.08589372440171081
251,1100,0.08589126804654267
962,593,0.08588537490877003
778,1201,0.08588337864297221
1064,530,0.08588065326384876
184,15,0.08587633006155124
144,624,0.08587329672584694
251,372,0.08587282748099105
577,820,0.08586683607614774
804,214,0.08586452994894936
146,1196,0.08586270998808457
146,44,0.08586120718386714
986,714,0.08586021971132111
692,123,0.08585773186692992
843,289,0.0858564563690484
715,662,0.08584610249767126
146,1049,0.08584174695171448
146,905,0.08583224957877421
251,1,0.08583035845629196
184,24,0.08581423924717205
840,490,0.08581304762728217
1143,965,0.08581259038627366
804,1192,0.08580621218822213
1143,265,0.08580234594276538
843,1194,0.08579279248620736
1143,88,0.08578436135065273
184,1063,0.08578319137409472
804,431,0.08578297459494318
715,1095,0.08578147155777514
1162,967,0.0857807018584732
184,526,0.08577621034587948
962,984,0.08577585057675477
146,205,0.08577257672776721
692,12,0.08577081232251028
146,142,0.0857693017112899
919,1182,0.08576840140906736
843,466,0.08576780041551592
962,586,0.08576656097889943
986,994,0.08576644546936825
577,242,0.08576065347427497
184,117,0.08575694471745014
804,791,0.08575030820027574
184,199,0.08575027680515487
962,579,0.08574875029604645
715,280,0.0857482816071242
962,1011,0.08573977348908172
356,341,0.08573875358485672
715,572,0.08572963161671883
146,947,0.08572593998376696
144,617,0.08571748703741015
251,517,0.08571540349063334
712,3,0.08571513328900181
715,713,0.08571158254882612
356,1192,0.08570490408227889
778,1145,0.08570458493403539
715,194,0.08568713834913717
184,666,0.08568516109346398
712,559,0.08568333461718439
804,1057,0.08566583668041061
2,1161,0.08565995627665608
251,778,0.08565613659432801
843,848,0.0856476478113838
986,537,0.0856457196025358
840,158,0.0856423682825181
146,766,0.08563887605100952
962,281,0.08563568737146061
295,902,0.08563451017354078
146,603,0.08563434519933391
144,681,0.08563241618052339
184,1046,0.08562167765047238
251,258,0.08562087730519263
146,689,0.08561169270628126
577,174,0.08561140136090399
577,858,0.08561127470640725
692,670,0.08561007768514094
843,666,0.08560170184182248
1064,398,0.08559807868030195
944,634,0.08559507411244544
712,369,0.08559361767469179
2,1,0.0855931879721126
712,54,0.08558911213531059
840,1006,0.08558784469292793
840,1110,0.08558703208750046
692,428,0.0855791785400847
840,994,0.08557733367750242
715,1141,0.08556959156432038
843,351,0.08556424122623425
146,1182,0.08555916594943581
184,966,0.08555705340385589
100,903,0.0855550534965729
712,939,0.08555204924378415
146,911,0.08555090419290258
146,1020,0.08554952306870969
146,460,0.0855492835486641
184,53,0.08554376382515157
577,140,0.08551981053209315
146,76,0.08551909982258185
184,981,0.08551857342140455
251,780,0.08551819844443499
146,1194,0.08551634954319777
144,906,0.08551461678045351
146,86,0.08550716021264176
962,59,0.08550244918515483
1143,1014,0.08550149869049108
804,534,0.08550095669633487
184,427,0.08548834949684579
715,520,0.08547688452867044
986,1185,0.0854760122496396
146,1162,0.0854696623786537
692,430,0.0854620555521646
840,729,0.0854609042867245
804,1182,0.0854572031112158
146,48,0.08545273826104677
184,971,0.08543449677473215
2,490,0.08543221406810539
577,41,0.08543019771118149
1064,407,0.08542722683953835
577,1157,0.08542586336188682
715,703,0.08542282200714282
840,169,0.08542015550416628
1064,68,0.08541652263993336
144,818,0.08541350675844667
962,961,0.08540129623907194
778,1187,0.08539987182463832
577,718,0.08539673401060087
144,336,0.0853869581960449
577,25,0.08538603619048353
100,1109,0.08538591711246825
804,1003,0.08538319999772949
1064,395,0.085383052239727
712,891,0.08538264511085301
919,666,0.08538230869357838
355,138,0.08538039279969091
2,453,0.08537656502810415
692,111,0.08537318779799859
184,1107,0.08537236217811481
715,1089,0.08536324156116264
843,287,0.08536207004773279
804,413,0.08536076311004706
146,652,0.08535753701698373
100,761,0.0853530702289423
986,135,0.08535094055990856
146,209,0.08534729311455262
840,24,0.08534442177854897
295,658,0.08534331986032709
577,961,0.08534066526452821
962,491,0.08533382156347205
712,99,0.08533331759974418
712,417,0.08533256012403975
778,173,0.08532074606963319
715,402,0.08531971583915435
251,822,0.0853178456171456
146,895,0.08531604749500636
1143,865,0.08531438308852886
251,564,0.08531242654997642
146,347,0.08531145618050925
986,654,0.0853112255767835
840,1146,0.08530759220202774
986,515,0.0853068153843112
1143,825,0.08530351673091377
100,286,0.08530268385959283
146,360,0.08530171151972031
146,1110,0.08530142430507645
962,937,0.08530034836704102
184,430,0.08529668407237212
144,53,0.08529016147734952
778,83,0.08528591862324045
712,974,0.08527895588094944
184,345,0.0852686632737386
840,127,0.08526680089618645
715,601,0.08526110312962935
986,1192,0.08525687643416525
251,327,0.08525268826414915
100,1091,0.08525205239502276
778,126,0.08525147084541335
962,986,0.08523718660003216
840,214,0.0852306323107761
712,825,0.08522813530206656
715,337,0.08522197510403724
712,1148,0.08521856638382976
146,45,0.08521618220135128
577,217,0.08521260235589562
712,144,0.08521188813916979
146,57,0.0852008457318984
146,1163,0.08519807819389894
962,1162,0.08519622962528081
715,775,0.08519611120182746
9,1042,0.08519489042631215
715,176,0.08519326739016311
692,534,0.08519154504157507
146,921,0.08519133928439508
251,837,0.08518970217620667
144,0,0.08518128349951232
962,136,0.0851755382551706
1143,101,0.08516485414996287
146,980,0.08516263393795924
962,1136,0.0851543035125016
778,135,0.08514711145388507
577,778,0.08514565600913154
843,211,0.0851447954611986
962,396,0.0851445134224318
919,1198,0.08514293480253421
184,463,0.085140589209845
843,1187,0.0851402148637084
251,919,0.08513925798291541
184,172,0.08513920038790519
715,827,0.08513603150772532
144,114,0.08513502225930228
778,805,0.085131179273878
146,290,0.08512781016830026
778,189,0.08512406240777778
146,12,0.08512330141666082
843,1065,0.08512266629994653
577,15,0.08512248055537035
144,1,0.08512012449007321
715,10,0.08511889361940306
146,125,0.0851160627253824
577,1189,0.08510711584349478
295,344,0.08510514286781894
251,949,0.08510503455583687
9,726,0.08510215333315325
919,518,0.08509833761537174
919,942,0.08509524063983387
840,918,0.0850951208639784
778,563,0.08509287678060912
577,194,0.08508974797417072
962,981,0.08508561008187371
840,582,0.08508110235672453
144,335,0.08506991915095467
1064,171,0.08506650595714786
146,1170,0.0850641523120883
144,141,0.08505842192947219
692,289,0.08505372015036959
962,947,0.08505156057727194
692,949,0.0850514868931168
146,516,0.08505012743203558
144,557,0.08504508461196725
144,12,0.08504378504762888
715,843,0.08504324325997552
184,292,0.085040872912135
712,240,0.08503788552726226
146,817,0.08503765274085315
986,252,0.08503655370381812
251,758,0.08503556859363014
840,1063,0.08503503241724782
843,607,0.08503462813956152
577,508,0.08503450557288372
577,1191,0.08503263717970465
715,993,0.0850293812933258
692,1069,0.08502774390875746
843,992,0.0850267320616434
146,210,0.08502600106306744
251,1173,0.08502395008664285
577,471,0.08502290534614768
184,940,0.08501592813941734
144,137,0.08501565686907399
840,345,0.08501459924967344
9,138,0.08501266936425296
144,928,0.08501220073930274
100,588,0.08501061225668986
712,1053,0.08499960586810974
712,402,0.08499836143963829
804,968,0.08499230839627067
295,661,0.08498474055999454
712,229,0.0849783214389471
840,891,0.08497567893740111
144,811,0.08496812833937283
986,722,0.08496346546287385
1064,994,0.08496137395595782
843,557,0.08495416287407494
843,15,0.08495262103200647
986,582,0.08495249132699502
840,963,0.08495085103558335
184,413,0.08493821421299659
184,771,0.0849377465846172
986,636,0.08492729100731716
919,494,0.08492452469899632
1064,497,0.0849234410125048
715,669,0.08492210489584878
295,17,0.08491990600826951
962,14,0.08491476858261443
715,745,0.08491087855086019
295,707,0.08489862085373477
146,1030,0.08489847660983386
146,604,0.08489651868342336
146,157,0.08489556704941288
144,507,0.08489534737639128
840,429,0.08489526688012247
692,158,0.08489358879076687
778,588,0.08489270914121509
778,393,0.08487077905085999
577,176,0.08487063982787142
146,989,0.08486625593563225
715,1106,0.08485318753800185
577,74,0.08485191792952049
692,362,0.08485154902540275
919,68,0.08484976039538718
712,401,0.08484966715459094
843,1006,0.08484377970849749
692,526,0.08484246422268908
843,420,0.08483555078470029
715,1155,0.08483442265891875
840,607,0.0848340824376638
715,92,0.08483291044508304
1143,1134,0.0848268040287034
712,724,0.0848155972704985
146,919,0.08481310748616834
356,1144,0.08481303535740431
146,412,0.08480895198297897
295,966,0.0848053972117491
577,148,0.08479939111423802
146,934,0.08479794168770588
144,506,0.08479378208407166
251,507,0.0847879002381136
577,37,0.08478582591185409
295,1116,0.08478416255493713
100,857,0.08478229951442036
843,840,0.0847800417303458
577,694,0.08477913561326714
804,844,0.08477859990674193
251,206,0.08477266706642145
944,362,0.08476690483079305
712,649,0.08475873496332065
804,103,0.08475473153215453
1162,995,0.0847532409920598
146,277,0.0847512521736041
577,1004,0.08475011891245789
184,844,0.08474910258947112
144,279,0.0847377293765222
716,252,0.08473754918652535
843,117,0.08473728383329007
100,124,0.08473343702812788
146,35,0.08472870048667323
184,123,0.08472831875777365
712,1197,0.08472758221550553
184,1091,0.08472646885025724
962,191,0.0847260308202915
715,950,0.08472377284352915
778,730,0.08471629938372677
146,485,0.08471120544274968
251,1046,0.08470808540676096
146,271,0.08469964250346719
1064,338,0.08469602586885484
712,1075,0.08469333571844175
184,545,0.08468751029301803
577,432,0.084686819788334
100,500,0.08468571388216248
712,972,0.0846820806697144
146,254,0.08467868421429285
962,560,0.08467825299047566
692,523,0.08467794176483633
144,480,0.08467735496531822
1064,488,0.0846737680322314
144,545,0.08467122503067018
577,32,0.0846649046232703
944,1120,0.08466374750277487
840,723,0.08466355563979058
715,151,0.08466110365981956
184,400,0.08465868684920667
962,780,0.08464020045646725
778,117,0.08463377953944642
715,886,0.08463103515265986
146,1183,0.08462899878508472
843,918,0.0846151574949419
577,565,0.08461336608158149
577,826,0.08461291509647662
715,836,0.08460731128419903
778,305,0.08460699878098156
778,344,0.08459851906379598
919,24,0.08459832921253431
919,244,0.08459686638607368
962,258,0.08459249232968019
295,841,0.08459245044571885
962,233,0.08458915096059949
144,158,0.08458489535147284
804,443,0.08457991913040679
1064,490,0.08457416441332885
834,10,0.08457257150106501
712,616,0.0845722249509109
2,39,0.08457188136523933
1143,1106,0.08457119739677844
251,96,0.08456300325176697
715,210,0.08456152510532527
692,971,0.0845538954323811
251,1166,0.0845518468228517
146,201,0.08454652460032708
1064,844,0.0845451826939382
778,928,0.0845448315110391
692,707,0.08454049728374466
251,269,0.08452969967242656
944,7,0.08452487322448832
577,137,0.08452219165487572
251,959,0.08451735931443972
715,468,0.08450938790561119
1143,1088,0.08450813620519085
692,528,0.08450529344267745
100,518,0.08450311696065516
577,677,0.08449774560008347
295,1056,0.08448671022515844
692,551,0.0844866363276255
295,1130,0.08448630590212644
1143,1012,0.08448476809406574
184,440,0.0844793744664257
146,1141,0.08447773648618383
1064,866,0.08447004727110315
146,1008,0.08446840224157377
144,607,0.08446502803922402
692,1177,0.08446390153188138
804,1015,0.08446039139965447
356,238,0.0844544616697728
1143,567,0.08445261187102161
1143,1137,0.0844479806290362
919,789,0.08444667297959238
184,175,0.08444485478388804
146,968,0.08444365448562631
715,216,0.08444076165983326
144,505,0.08443588249643771
577,947,0.08443566553700656
778,722,0.0844300095723709
100,355,0.084423173208424
295,1161,0.08442310598551046
804,777,0.08441725452100868
843,500,0.08441170811169918
100,395,0.08439833273173718
9,122,0.084398020081565
712,837,0.08439794816116333
577,90,0.0843967362859325
843,1102,0.08439617208566437
1064,891,0.08438531734306617
146,559,0.08438244512154816
251,309,0.08438171788550078
184,949,0.08437274842448288
712,691,0.08436862960708419
692,1154,0.08436741849795303
692,238,0.08436498571072593
804,654,0.0843565263910542
715,954,0.084349167212077
692,541,0.08434557741159755
715,829,0.08434155199271458
184,494,0.08433906107894457
577,83,0.08433281868545751
962,1104,0.08433049936666491
144,945,0.08433048135829078
712,115,0.0843294950207595
919,408,0.08432588639201531
692,966,0.08432102135905054
840,995,0.08431967170096477
778,873,0.08431771192779501
712,37,0.08430977040606978
146,1138,0.08430576276986587
692,494,0.08430379415651203
251,12,0.0843003345452655
778,391,0.08430019663178732
692,848,0.0842929511856362
100,393,0.0842906253248823
715,645,0.08428153503667497
184,570,0.08427469907123968
184,350,0.08426834643573645
778,1131,0.0842614414753012
251,563,0.08426089196181612
100,440,0.08425891545348584
1143,270,0.08424674076935545
840,875,0.08424540620365939
834,331,0.08423801042468769
1143,1010,0.08423763226318928
577,1142,0.08423204040698112
146,259,0.08422932838022425
715,575,0.08422680089209841
804,348,0.08421718887284407
251,735,0.0842160612030352
146,316,0.08421601184091326
962,385,0.08421594867801102
144,958,0.08421573685021727
251,459,0.08421482999893742
144,104,0.08421367662663694
692,463,0.08421060307415798
251,727,0.08420018965415636
251,493,0.08419772936222691
692,714,0.08419746018245473
712,980,0.08419575236764297
144,339,0.0841956406144323
712,763,0.08419338060059879
577,964,0.0841931944716572
715,371,0.084189346315252
2,470,0.08418111715960402
919,1058,0.08417530980921141
577,1170,0.08417315896204701
712,948,0.08416225697538618
146,593,0.08416160345306155
184,884,0.08415565755113882
843,729,0.08415287878076891
146,166,0.08413900502686991
840,254,0.08413697467017367
778,528,0.08413448575158057
184,582,0.08413336207446885
184,58,0.08413328789800026
146,263,0.08412463709642302
577,916,0.08412276066856249
986,341,0.08412116769659403
251,1063,0.08411819154145879
804,936,0.0841166623898446
778,61,0.08411509547699275
146,208,0.08411395483537817
251,385,0.0841118017976828
840,791,0.084108843534707
251,930,0.08410564040160967
715,19,0.08410312835296865
577,659,0.08410250921795569
715,521,0.08409955713444714
804,570,0.08409820059577608
1143,741,0.08409770586452577
715,576,0.08409032212838065
843,478,0.08408978666958233
146,226,0.08408879947871152
1064,670,0.08408736250433291
834,879,0.08408613699030078
804,757,0.08407473442029116
843,188,0.0840711439005263
577,776,0.08406536912675015
577,45,0.0840559637942828
577,332,0.08405500795041261
962,790,0.08405432564222047
712,33,0.08405192514165569
577,558,0.08405024663349724
355,114,0.08404621139928033
146,150,0.0840308308545284
356,973,0.0840283594049303
778,748,0.08402796143173863
778,204,0.08402225451968856
843,218,0.08402186565492482
778,1091,0.08401945432728444
2,680,0.08401511720929729
184,632,0.08401382307618134
840,940,0.08401187518214438
715,1088,0.08401078350688804
146,690,0.08400429633554975
20,707,0.08400038193831398
778,545,0.08399918845066552
715,1079,0.08398921898036563
840,809,0.08398501649286762
184,1021,0.08397333187864615
986,305,0.08396370533183721
146,531,0.08395193781079371
251,641,0.08394726673685161
712,993,0.08394370608874842
804,404,0.08394249060645587
1064,639,0.08393851019021689
144,277,0.08392933570707165
804,490,0.08392511318817472
1143,272,0.08391951810669519
692,1198,0.08391203374858243
715,1048,0.08390316338624217
712,1155,0.0839012781016746
144,589,0.08389257875916072
986,1028,0.0838901708801129
144,1022,0.08388010215759581
1064,1169,0.08387036106273354
251,120,0.0838696311329218
712,416,0.08385657774045016
577,299,0.08385445160731604
577,225,0.08385391146497499
184,458,0.08385064270169199
100,1192,0.08384396415880048
146,641,0.08384294782178735
840,421,0.08383910052550979
2,286,0.0838352287404073
144,1145,0.08383477487437829
295,500,0.08382871572513079
146,81,0.08381470421882756
577,690,0.08380263561880553
577,936,0.0838018028188153
144,404,0.08379972855712592
146,897,0.08379820932761775
840,754,0.08379669916345334
144,352,0.08379090407155403
715,1026,0.08378989167640453
100,706,0.08378948526528592
251,1038,0.08378569503616294
577,716,0.08378011834390163
146,21,0.08377979493618358
986,742,0.08377805550161269
712,1010,0.08377723906661363
692,811,0.08377420278520752
962,480,0.0837667438057315
804,61,0.08376576925058611
715,272,0.0837610869105738
251,1104,0.08375498087906012
712,47,0.08374868166295477
804,39,0.08373893339175452
144,756,0.08373867167416331
251,674,0.08373799928147209
715,1031,0.08373265532404889
834,106,0.08372545363092661
962,420,0.08371286756079131
146,417,0.08371087579044838
251,653,0.0837084862371684
146,467,0.08370526688620895
144,752,0.08370288602918335
146,720,0.08370133073209608
146,862,0.08368947825508395
778,530,0.08368150983088742
712,239,0.08368060198539111
100,495,0.0836703132711221
986,393,0.08366917262166304
146,898,0.08366536195322245
146,363,0.08366211264772294
251,256,0.08366082304611998
577,738,0.08365566684604382
184,339,0.08365278569229992
840,342,0.08365218621540652
1143,909,0.08365031288705858
962,256,0.08365009213457382
251,928,0.08364776782398133
251,1041,0.08364434065437053
840,71,0.08364151554562235
840,969,0.08363266251636804
146,612,0.08363080836108905
144,79,0.08363045628244939
692,440,0.08362730714722956
577,11,0.08362415110242356
251,174,0.08362040932877902
146,770,0.08361553151420567
146,349,0.08361007165027654
715,694,0.08360916851500029
100,238,0.08360454146463048
962,1170,0.08359284694377211
146,107,0.08358975272543344
962,111,0.08358881020662008
712,1009,0.08358419459488732
962,178,0.0835831767729327
100,924,0.08358276986600896
804,754,0.08358127761426792
144,264,0.08357513828785093
840,751,0.08357211689091461
144,830,0.08356460566480947
843,917,0.08356432318636563
577,143,0.08354607109262616
712,274,0.08353397344131944
1064,1179,0.08353031380217389
356,97,0.08352579417650671
144,1147,0.08352054767695237
715,76,0.08351929964863564
843,1015,0.08351192873027737
144,219,0.08351008078014865
919,9,0.08350342869813304
843,648,0.08349053502948424
577,339,0.08348536307503061
184,1173,0.08348223201165529
2,281,0.08347976674492759
144,1124,0.08347810621329113
184,198,0.08346459175477262
251,1013,0.08345628816807137
251,667,0.0834542754727836
712,1018,0.08344935641024505
919,639,0.08344020188399084
962,1189,0.08343640379797712
778,661,0.08343181017451255
804,807,0.08342174821519982
1064,135,0.08341661630150886
715,948,0.08341063161158974
577,568,0.08340877162075452
295,995,0.08340585450577294
577,960,0.08340340867575603
962,435,0.0833959603125525
146,725,0.08339578438173302
295,1084,0.08339505335361345
712,876,0.08339243395594867
146,1114,0.08339232887832956
251,1079,0.08338562516702454
919,806,0.08338395102161834
251,873,0.08338215310662392
962,733,0.08338023635047553
184,824,0.0833800056370586
712,446,0.08337948964912796
146,602,0.08337892922855805
715,133,0.08337309719774015
692,173,0.08336663661011577
577,426,0.08336484053378658
834,738,0.08336394710037746
577,106,0.08336130511944956
1143,664,0.08334859369802464
251,974,0.08334812584202762
144,779,0.08334664790174519
184,1044,0.08333942696075301
184,867,0.08333757242613028
184,476,0.08333613505836733
100,1070,0.08332955823438136
843,282,0.08332494047449561
577,803,0.08332157445128684
962,199,0.0833101422497398
1064,857,0.08330712596072952
962,563,0.0833034765574072
715,332,0.08329786798530954
778,490,0.08329298276496915
146,168,0.0832850106328811
251,1150,0.08327943877492396
778,1133,0.08327592116170153
2,456,0.08326937610991941
1064,968,0.08326358852376264
184,287,0.08326233775129484
840,570,0.08326204978777536
986,1174,0.08326161794984345
577,928,0.08326157023769379
146,1061,0.08325777619651922
715,180,0.08325756898080501
251,158,0.08325347889772926
144,420,0.08325209689513752
962,255,0.08323708196623256
146,686,0.08323507638579071
712,73,0.08322989366017003
962,750,0.08322130164188675
144,807,0.08321993029473677
577,952,0.08321848406719887
100,661,0.0832153971567397
962,781,0.08320252976129629
840,60,0.08319835117316834
712,31,0.083192803624582
577,646,0.08319267306704495
577,546,0.08318755399196072
146,111,0.08317206440831419
251,93,0.08315881257366972
962,757,0.08315668893444915
146,318,0.0831514676774861
919,802,0.08315116061149215
100,574,0.0831505473789708
962,874,0.08314994741599992
100,1022,0.08314993744963951
986,342,0.08314936258784977
146,566,0.08314884206005717
919,1195,0.08314199630931983
146,522,0.08313844047979753
804,523,0.08313382860762943
146,928,0.08313054491555091
146,816,0.08312926605167868
251,351,0.08312734138765546
146,496,0.08312160605302983
692,1003,0.08311820380056387
251,219,0.08311252071653256
962,4,0.08311247567096523
919,461,0.083111137212298
1064,103,0.0831093318572538
184,930,0.08310519958331766
251,254,0.08309516133680749
1064,840,0.08309317254047324
712,182,0.08308813143584645
251,337,0.08308735539199659
715,1092,0.08308543578492061
577,1095,0.08308057023766825
146,560,0.08307696476841914
962,945,0.08306805467504007
251,85,0.08306461081748372
712,990,0.08306016116238774
577,394,0.08305909205456351
715,571,0.08305595149095196
986,809,0.08304902095150299
146,608,0.08304391001567453
715,623,0.08304204833307768
251,1152,0.08303996229061511
184,388,0.08302411994892227
251,906,0.08302359838128444
100,311,0.08302301156292287
251,458,0.0830215725475059
715,1153,0.083020719376527
843,940,0.08301411710370107
778,582,0.0830140499011653
840,917,0.08301244075706586
919,1,0.08301141821069744
295,637,0.08301055543597734
712,618,0.08300828631873397
1064,551,0.08300556463274884
577,986,0.0830045862835666
804,333,0.08299696522635114
146,401,0.0829846542155813
962,335,0.08298243583776543
712,487,0.08297813560617243
715,1009,0.08296937023034072
962,1173,0.08296374447056032
184,104,0.08296144921035116
100,126,0.0829609108042694
356,338,0.08295000311956452
144,999,0.0829449009214728
146,112,0.08293844186496638
843,397,0.08293788003418533
962,295,0.08293547188267508
146,716,0.08293421423621833
1143,132,0.08292874636041317
962,976,0.08292662937361862
712,908,0.08291815322531114
577,740,0.0829117697384471
1064,987,0.08290795317349677
146,295,0.08290226897828154
692,204,0.08290116897477824
840,305,0.08289497392240193
1143,242,0.08288908257541829
1143,926,0.08288612388011538
919,621,0.08288548213999766
184,1182,0.08288127572436842
1143,616,0.08287414073463763
715,1085,0.0828631299427857
577,1035,0.08285724320758502
100,787,0.08284919241286702
919,397,0.08283777838981671
1064,660,0.08282678954803528
962,830,0.08282312268589366
146,1136,0.08282198335054534
778,497,0.08281232985047526
919,500,0.08281177008967222
962,526,0.08280516967129804
715,580,0.08279622487973358
144,523,0.08279178638633883
962,985,0.08278993354173143
144,911,0.08278861526701908
712,162,0.08278228936866211
184,1099,0.08277914204031601
962,505,0.08277512776043415
715,619,0.0827690059990298
712,577,0.08276751911329751
962,566,0.08276093332844471
295,581,0.08275404063377974
843,257,0.08275049587732783
356,483,0.08275015313993517
146,1101,0.08274454613703419
577,570,0.08274255427181118
9,610,0.08274062305245378
146,722,0.0827305959780049
295,84,0.08273014366557248
1064,341,0.08271968773833817
712,700,0.08271335038257405
962,1050,0.08271301267709344
712,647,0.08271263114477807
712,989,0.0827105461009805
295,231,0.08271042747596534
715,326,0.0826991872435708
577,585,0.08269892558199043
100,551,0.08269636866150192
712,246,0.08269483274337557
919,1186,0.08269326841005024
715,546,0.08268978206559444
692,1174,0.08268704567969916
986,1069,0.08267827596242236
1064,222,0.08264891234083346
251,1151,0.08264565559803344
986,154,0.08263532028884059
295,252,0.08263136546181572
919,1060,0.08263103604008139
962,1022,0.08261993983858532
843,393,0.08261769478785781
356,403,0.08260624016743483
146,51,0.08260206593551635
146,403,0.08260068394093441
1064,224,0.08259850718285826
712,878,0.0825897026654911
712,540,0.0825859527131633
184,143,0.08257573099462676
715,52,0.08256982474014717
986,244,0.08256145133132037
843,227,0.08255937467400054
962,1046,0.08255602282015737
692,58,0.08255374499452175
962,1021,0.08255147947517345
251,345,0.08254816087444065
184,297,0.08254583724587859
919,215,0.0825262804188521
184,23,0.08252079993892852
962,282,0.08251955862589497
144,606,0.08250260496733715
1064,769,0.08250193573420497
715,200,0.08249492886880047
962,776,0.08249392025585374
712,819,0.08248079490765207
577,233,0.08247934282953406
840,458,0.08247870116807027
1064,723,0.08247819656651738
144,1099,0.08247687602880487
577,264,0.0824749928970784
184,505,0.08246612323823042
804,461,0.08245800926185172
356,95,0.08245750690934077
692,850,0.08245522114383809
184,348,0.0824510768856991
962,419,0.08245021995307017
962,632,0.08244891791558061
251,282,0.08244751214807598
144,1078,0.08243511637409993
712,1156,0.08243453357265622
146,1158,0.0824333083211972
146,102,0.08243303997593227
843,443,0.08242830341597171
804,253,0.08242383815267192
712,767,0.0824227105762794
577,758,0.08241227142337482
715,446,0.08241125330795356
692,478,0.08240628363170742
715,1040,0.08240316096612994
577,774,0.08240200271351035
144,444,0.08239157813631261
778,158,0.08238882349577756
100,222,0.0823826762460941
962,489,0.08238111128368941
100,7,0.08238104441045652
146,482,0.08237654033675522
251,596,0.08237257076547713
146,1050,0.0823680306644094
144,175,0.08236363046208658
1143,1043,0.08236350822332494
804,881,0.08235950513240373
778,610,0.08235607851006464
356,188,0.08235324258557158
778,901,0.08235098751203809
577,871,0.08234860491962451
251,314,0.08234768644978725
146,786,0.08234697523232447
715,128,0.08234558553310373
712,901,0.08234374597940583
919,787,0.08233701476842255
712,737,0.08233599225005539
804,395,0.08233464334171466
144,1034,0.08233297119416455
184,309,0.0823269115402732
577,1194,0.0823263389562411
184,0,0.08232446075362308
146,159,0.08232168474058192
840,244,0.0823200986268237
840,538,0.08231591478475966
840,23,0.08231482738002428
577,434,0.08230746833282228
100,122,0.0823072112751298
295,487,0.08230571200264618
577,325,0.08230178794277748
715,710,0.08230107791719032
144,832,0.08229809015547557
1143,644,0.08229685764272068
2,1032,0.08229211688003177
804,748,0.08228441217938823
2,346,0.08228014771272786
715,457,0.0822791152128026
251,418,0.08227429547303716
577,117,0.08227129095234101
962,336,0.08226974012559478
919,969,0.08226906517218266
840,777,0.08226691525629751
1162,466,0.08225454873843058
712,206,0.08224701138657586
146,131,0.08224673026696887
715,1114,0.08224397493313051
295,687,0.08224326141888895
715,389,0.08223157438710445
144,563,0.08222993954360575
577,1100,0.08222805413391637
146,268,0.08222196282851502
712,412,0.08222001448495837
712,853,0.08221406729013325
184,752,0.08221231227209763
251,463,0.08220663468928022
804,636,0.08220658479483588
251,268,0.0822009047539105
919,994,0.08219646980082337
840,103,0.08219045796469228
715,816,0.08217980203424444
840,313,0.08217721014678778
962,1065,0.08217595927232821
692,377,0.08217021278413314
100,670,0.08216195697296233
184,557,0.08215562301400647
146,32,0.08215462116190318
712,221,0.08213650171169012
715,800,0.08213339158923935
100,164,0.08212722609241414
144,1185,0.08212004867574796
1143,727,0.08210686480189819
184,1146,0.08210682167821484
712,786,0.08210184415548254
840,234,0.08209101014874674
184,807,0.08208608046435266
1143,302,0.0820819412793294
1064,214,0.0820811189957813
712,19,0.08208027639589903
146,260,0.08206295934809603
715,1108,0.08205418304125546
146,1117,0.08204519052973397
962,891,0.08204095656405001
146,359,0.08204005092721862
715,447,0.08203779496039394
146,1189,0.08203504037290817
144,268,0.0820312071638951
712,1190,0.08202674313037121
577,612,0.082024601524509
1143,577,0.08202171336591985
962,574,0.08202110958714628
1064,518,0.08201950687796557
146,229,0.0820176055997024
715,855,0.0820146415050288
715,832,0.08201276862245112
251,64,0.08201186723658165
184,969,0.08200754060496761
146,940,0.0819976760564375
692,590,0.0819974021620567
100,637,0.08199469680896795
843,1078,0.08198738328515559
251,519,0.08198609555808664
1143,966,0.08198251524237707
1064,244,0.08198110521667402
146,1001,0.08197660806346384
577,1025,0.0819747208647793
251,336,0.08196938999774167
577,485,0.081964284971015
843,189,0.08196388960870461
184,103,0.08194183140235467
962,327,0.0819392749404256
778,1177,0.08193782775589128
804,203,0.08193732633536059
692,856,0.08193589310721924
715,613,0.08192732706830821
715,1163,0.08191923023854235
577,507,0.0819190435080389
692,234,0.08191716173120638
712,829,0.08191121245575937
692,514,0.0819024793865685
146,1066,0.08190088111947325
715,99,0.08189888384475467
1064,625,0.08189382866162172
692,431,0.08188796728120919
146,255,0.0818852936684377
804,314,0.08188432326936693
577,611,0.0818834545467693
577,593,0.08188289813738686
715,425,0.08188267361593593
144,1015,0.0818818272627534
146,1073,0.08188032497421655
184,1015,0.08187619705081398
146,803,0.08187235539515775
144,699,0.08185973503828556
295,218,0.08185818136629579
144,351,0.08185762250602308
712,946,0.08185167145429822
1143,704,0.08185073885199583
251,771,0.08185036459485578
577,790,0.08185025349126852
986,198,0.08184870830613451
962,220,0.08184858887893559
986,852,0.08184374520598908
1064,283,0.08183908500488817
1064,403,0.08183811638882818
144,297,0.0818200354975402
577,925,0.08181961917864433
778,557,0.08181873900800052
577,1193,0.08181259609548727
295,1144,0.08181185104900512
712,525,0.08181004372007523
1143,538,0.08180930287854149
577,103,0.08180457474344546
843,971,0.08180332956978925
144,891,0.08179724500032859
919,273,0.08179388474437872
251,774,0.08179265632584645
778,742,0.08179252156159038
962,826,0.08179232515297358
843,348,0.0817894058421384
840,1180,0.08178683108370467
962,1028,0.08178048051404423
1064,528,0.08177934404951774
840,431,0.08177545698220852
840,1174,0.08177080683213069
1143,1008,0.08176886760842987
919,478,0.08176371673217649
251,845,0.08176296385360392
577,1064,0.08176277752393
843,435,0.08175795821473407
919,472,0.08175008333402727
144,971,0.08174833699205729
251,606,0.08174339531382728
919,218,0.08174111260235908
919,453,0.08173889258618794
919,253,0.08173355698643746
577,206,0.08173192067238307
919,60,0.08172524624182882
251,1167,0.08172506563850652
577,763,0.08172239792810819
712,1103,0.08172173762831937
356,592,0.08171887516827976
1064,634,0.08171734686125835
251,377,0.08171657858577006
251,861,0.08171506650157638
184,490,0.08171161221406824
715,387,0.08171159160356938
778,791,0.08170994330764719
778,756,0.08170920629647695
715,934,0.08170312486963574
144,490,0.08170185027438658
146,758,0.0816807350691183
962,117,0.08167628939898681
146,950,0.08167064922967061
778,234,0.0816678364305155
251,995,0.08166480065860672
715,36,0.0816589697251395
919,313,0.08164644873181585
577,1183,0.08164191496572021
962,534,0.08163420475188109
919,875,0.0816265470378137
146,902,0.08162650816568535
577,684,0.08162219914851597
1143,788,0.08161492168092235
712,334,0.08161391977972647
919,398,0.08161116472098585
843,809,0.0816104930340924
944,139,0.08160714651802707
577,985,0.08159685054854969
577,884,0.08159639005681966
184,538,0.08159236715259194
962,1142,0.08159016157832506
715,43,0.0815848947536554
962,493,0.08156952551395295
577,8,0.0815693590768735
715,414,0.08155503895257953
919,29,0.08154867298414374
146,241,0.08154009343967517
962,218,0.08153611463293377
251,597,0.08153394148516652
146,66,0.08153237163668835
577,555,0.08151792562409273
778,211,0.08151757975655162
692,273,0.08151396242971048
184,489,0.0815125635645848
577,328,0.08150328764913377
577,60,0.08150005684434387
144,1131,0.08149046268763577
146,772,0.08148602230904503
146,548,0.08148502345551245
712,1088,0.08146862598751999
355,681,0.08146383039112878
712,1008,0.08145851567216893
251,697,0.08145233716199836
715,965,0.08144702160297408
577,326,0.08144621467910401
295,730,0.08144487029763814
577,945,0.08144420818240959
715,94,0.08144238076122157
1143,509,0.08144196947033588
715,524,0.08143646358256809
146,784,0.08143403919606576
919,348,0.08143338092609805
712,278,0.08142989094762133
577,459,0.08142737504908126
146,818,0.08142589519635826
840,714,0.08142257088389875
251,715,0.08141362458374098
840,407,0.0814094980698956
843,487,0.08140853984173499
919,902,0.08140723835984891
144,254,0.08140685717472275
577,641,0.08140407058066743
712,1080,0.08140209847615498
843,797,0.08139676179131475
1064,291,0.08139511584885707
251,648,0.08139463605303784
1143,306,0.08139460193456093
778,625,0.08138836434986035
778,670,0.0813821106992311
919,761,0.08138075098325392
919,680,0.08137816493033266
962,1194,0.08137462081739404
692,114,0.08137232909827179
986,196,0.08137094026230342
1143,684,0.08136890610966674
712,49,0.08136868107496208
100,9,0.08135651999560393
986,730,0.08135304732557648
251,1147,0.08135085677446709
356,968,0.08135006635579452
1143,450,0.08134808745983103
146,848,0.08134486798377162
840,388,0.0813392463270973
778,444,0.08133547218620765
184,1124,0.08132897371766434
840,403,0.08131447463377639
843,963,0.08130350380805612
715,1125,0.08129996946612486
712,997,0.0812947114863597
712,575,0.08129180174689872
184,563,0.08128940988642651
986,661,0.08128249698509091
1162,163,0.08127796491721367
184,1133,0.08127238771241589
986,866,0.0812720235708942
100,463,0.08127168412928117
1143,919,0.0812708306187728
1143,271,0.08126709627622608
1143,974,0.08126695765501081
144,1154,0.08126529532184673
692,1070,0.08125897400915111
840,257,0.08125355485231088
356,284,0.08124951293072648
712,899,0.08124920005171139
843,388,0.08124703575304393
577,1011,0.08124293836413533
804,706,0.08124246866773774
843,901,0.0812409438130212
919,231,0.08124032982621333
843,514,0.08123818092858115
146,767,0.08123266490315668
1143,1081,0.08122994652786253
184,873,0.08122600603635281
144,567,0.0812228707615661
146,14,0.08122051608970186
986,1090,0.08121919649282024
712,384,0.08121415035827309
986,988,0.08120924302663507
577,895,0.08120735851207364
2,1188,0.08120361617553504
251,1110,0.0812018919625295
295,978,0.08120057297902437
251,16,0.08119849266652292
962,157,0.08119838724327094
778,556,0.08119795967069875
712,230,0.08119653631917334
778,1032,0.08119619197602035
1064,452,0.08119405380213847
577,1149,0.08119078604062827
144,526,0.0811852210557092
692,1,0.0811804942187815
356,222,0.08117995658413917
146,896,0.081179829533366
295,398,0.08117265418444523
144,377,0.0811724987829315
20,677,0.08116234253971041
146,1019,0.0811496706245091
146,471,0.08114588817938317
1064,1017,0.08114258145450771
2,869,0.08113555826386998
251,328,0.08112918890542226
146,490,0.08112151503745212
692,1097,0.08111897687316139
184,556,0.08111887110135015
843,428,0.08111840744090455
577,709,0.08111156758445635
577,241,0.0811103701670502
778,397,0.08110946531800792
1143,1139,0.08110757180935141
144,714,0.08110611590869074
577,1059,0.08110364321261908
986,633,0.08110195363406196
962,292,0.0811008997300825
712,414,0.08110069314675786
919,562,0.08109920893367753
715,721,0.08109734361333963
715,315,0.08109372778376972
146,350,0.08108626002714721
1064,751,0.08107837982860698
184,403,0.08107633920856294
251,1006,0.08107514428294166
251,627,0.0810744848082153
986,621,0.0810709118506041
146,790,0.08106696844477321
962,350,0.08106491412851873
2,377,0.08106332163415841
184,506,0.08106212764852291
1143,145,0.08106038608587153
1143,580,0.08105891061523648
715,803,0.08105727886996553
146,410,0.0810557629186701
715,22,0.08105477164845712
715,603,0.08105370341579647
712,1199,0.0810431723512665
715,939,0.08103846469507572
144,1195,0.08103090169170292
1064,799,0.08102234759216102
962,1166,0.08102174326856056
962,1140,0.0810206110426661
778,461,0.08101478220830796
840,461,0.08101290267596309
1064,1146,0.08100991388759532
577,429,0.08100894993455462
804,162,0.08100874251371623
843,551,0.0810060119030546
356,452,0.08100430613423894
778,1090,0.08100164716824977
9,719,0.08100032136681887
715,544,0.08099961002672701
804,1120,0.08099562299229399
919,538,0.0809932077684862
712,165,0.08099240784272647
146,1022,0.0809905813021102
840,237,0.08098960871925061
251,443,0.08098556026127474
251,1194,0.08098500820064747
146,469,0.0809810232421455
577,517,0.08097517665214173
962,568,0.08097361072083487
778,235,0.08097315742005298
295,743,0.08097201823534196
1143,87,0.08097198633510083
577,699,0.0809711709962509
840,204,0.08096947839230197
712,926,0.08096895399916802
804,456,0.08096124395764008
986,355,0.08094845770755736
986,29,0.08094621198924196
184,936,0.08094187090100051
146,1068,0.08093732755831079
962,299,0.0809135032736255
1143,989,0.08091251163510915
986,785,0.08091012770700708
712,155,0.08090971154561424
715,646,0.08090581433641111
144,430,0.08090385799428684
692,231,0.08090362968945539
715,1126,0.08090346828088414
919,84,0.08089895801156882
715,699,0.08089567879732769
778,309,0.08089118124781297
712,52,0.080888062751981
100,5,0.08086838512531933
184,600,0.08086729473854182
146,1040,0.0808668254055484
577,1168,0.08086542526322141
712,389,0.08086493979119881
144,904,0.08086336667027587
715,401,0.08086181295004605
712,80,0.08086117152232344
184,127,0.0808552129914213
100,590,0.08085291251797795
712,909,0.08085237609810006
356,551,0.08084838155354844
144,469,0.08084760090099263
251,506,0.08084245171288805
144,289,0.08084218402451558
843,1042,0.08084173775502305
712,717,0.08083657695245704
840,104,0.08083534292986216
146,821,0.08083402348301998
100,17,0.08082303913336904
577,617,0.08081132309606731
1143,205,0.08080395069923431
251,71,0.08080281085340324
146,365,0.08079786656590503
840,420,0.08079393275663903
712,895,0.08078217102687288
962,197,0.08078054520828426
712,954,0.08078041453060561
356,528,0.08077738705292255
144,981,0.08076630818298261
1143,898,0.08076598891105809
715,878,0.08075842006365647
692,333,0.08075527346115162
146,1178,0.08075404723218457
184,1094,0.08074284525100055
843,556,0.08074139017779007
251,920,0.08073984071676357
778,488,0.08073834302123649
144,1011,0.0807372556857477
778,621,0.0807324410938251
100,711,0.08072766096084151
715,923,0.08072740655599121
804,91,0.08072556712433346
577,127,0.08072450637084308
986,472,0.0807229817475692
251,478,0.08071702678011375
577,867,0.08071275967870903
1143,364,0.08070729805709152
715,106,0.08069972882175398
840,178,0.08068979465378454
146,1094,0.0806888969084976
577,363,0.08067829339671967
715,1074,0.0806756114180207
962,702,0.08067394098928475
804,588,0.080670783608816
146,589,0.08066796689915479
1064,785,0.08066788263855532
843,722,0.08066616425824473
144,1006,0.08066481672572806
715,130,0.08066467438922877
146,520,0.0806639144841463
295,415,0.08066178458572248
712,502,0.08065913651913087
184,314,0.08064823307425359
692,487,0.08064793851191804
840,638,0.08064206255896161
840,606,0.08063985286600207
712,689,0.08063801328545629
1143,1087,0.08063745287619346
1143,939,0.0806342963457603
692,1044,0.0806257397395128
100,1180,0.0806221725479753
1143,943,0.08062205315556623
146,1193,0.08061970964742694
251,1102,0.08061955810725989
715,45,0.08061787148937817
712,379,0.08061741024824905
1064,178,0.08061736236126901
712,233,0.08061229549376239
2,91,0.08061127028289486
1143,504,0.08060908882949248
962,81,0.0805997079557452
778,284,0.08059013259667376
962,162,0.08057904939429532
577,78,0.08056673566467613
715,185,0.08056544693474375
715,684,0.08056324358373183
712,768,0.08055397786031807
146,836,0.08055065260020944
184,566,0.08054979169075795
712,498,0.08054557836799482
692,868,0.08054431775984426
1064,154,0.08053395541594649
356,281,0.08052856518773105
2,711,0.08052582195524996
712,160,0.08052392544407855
692,461,0.08051956157816174
840,523,0.0805171416780915
144,127,0.08051646576459347
144,697,0.08049937291563725
962,459,0.08049461161894607
692,1180,0.08049004031181792
840,500,0.08048558874303643
962,930,0.08048095983353752
712,302,0.08047925970666464
804,305,0.08047641826980136
1064,863,0.0804733165003637
251,608,0.08047088165375232
962,232,0.08046932955098372
251,364,0.08046897858137521
778,1174,0.08046637759307251
184,1185,0.0804663615604934
962,421,0.08046413694592297
712,98,0.08046050965158283
919,992,0.0804533150783005
146,358,0.08044789305425268
146,256,0.08044587674360323
577,759,0.08044576796496675
184,942,0.08044219213354872
184,487,0.08044051314743239
715,602,0.08043546009243839
577,1054,0.08043095258022108
715,482,0.08042891671290037
144,198,0.08042229082353806
295,489,0.08041766163582739
843,596,0.08041587629373127
1064,169,0.0804139123433195
962,388,0.08041061629455663
692,338,0.08040595340769698
944,973,0.08040268613493108
692,164,0.08040135152140246
1143,52,0.08039563681280172
577,724,0.08039392154353577
146,499,0.08039314959960153
715,732,0.08039246152643646
251,58,0.08038863213436345
577,975,0.08038155152683442
2,138,0.08037646065490968
986,639,0.0803762972879314
715,629,0.08037434536465743
715,479,0.08037346922027765
1064,532,0.08037200402654442
712,845,0.08036845629697152
962,1100,0.08036684592869486
1143,1037,0.08036673812399929
919,634,0.080364365639616
146,801,0.0803639855600756
577,685,0.08036022791293401
2,147,0.08035736212411282
577,830,0.08035166993381586
715,614,0.08034221711483952
712,13,0.08033836074589916
715,543,0.08033493202385625
251,20,0.08033292542027387
712,1081,0.08033106031499568
2,1192,0.0803302202358799
712,125,0.08031644183612369
804,223,0.08031362678257235
715,486,0.08031063522014067
715,2,0.08030727487327825
100,1042,0.08030492325901807
919,91,0.08029760061076596
919,904,0.08029239777307848
692,911,0.0802915831793182
843,404,0.0802867090417503
919,178,0.08028626760707824
712,565,0.08028202752286048
712,1127,0.08028163686619556
843,1034,0.08028067754279027
986,163,0.0802707481506183
577,245,0.08026473351220849
146,158,0.08025732738340444
295,654,0.0802542387285492
251,374,0.08025388025576943
356,7,0.08024864669495457
2,530,0.08024632465797356
944,796,0.08024556226099579
715,42,0.08024546952287527
712,455,0.08024507498316832
986,453,0.08024261342843163
986,1161,0.08024229804159977
834,774,0.0802402668405368
962,818,0.08023804583235727
712,529,0.08023654930849987
986,963,0.08023379381580194
715,88,0.08023089673055224
146,544,0.08022931671380361
962,660,0.08022488053159717
962,686,0.08022218831230961
100,883,0.08022064856499797
804,574,0.08022010277266159
2,661,0.08021924231697286
1143,855,0.080218772451667
184,20,0.08021785973496436
251,585,0.08021729876474228
840,988,0.08020248316458281
692,562,0.08020147291244477
804,403,0.08019552997094723
1143,500,0.08019452722977544
577,355,0.08018795430804142
715,1080,0.08018328590766406
577,822,0.08018251068107325
144,514,0.08016398710569574
919,475,0.08016296572842507
843,757,0.08016043171696012
840,562,0.08015111186218586
692,660,0.0801499391458197
692,1195,0.08014667384801744
251,1128,0.08014270777793182
146,1005,0.08012913841606656
100,1172,0.08012460748325552
251,476,0.08012074000558558
100,654,0.08011351265757234
146,434,0.08010963208910939
843,981,0.08010140404291928
1064,537,0.08009897037836218
251,593,0.08009885034978548
146,1134,0.08009090323678957
146,955,0.08008246832269005
962,427,0.08008226254925108
778,842,0.08007881218964266
577,0,0.080077152468113
251,709,0.08007512481874421
712,516,0.08006420425639565
251,167,0.08005258853679584
692,489,0.08004821080486549
715,34,0.08002181774280677
843,314,0.08002092740589246
962,1112,0.08001265600397343
1064,588,0.07999837367636911
962,119,0.07999512575896447
1143,662,0.0799814324509701
715,817,0.07997903274237184
843,431,0.07997838162346442
712,504,0.07997720464550925
1064,541,0.07996519915473546
919,222,0.07996332208810374
712,549,0.07996186061144818
1064,300,0.07996025561165719
251,72,0.079945018916079
295,24,0.07993680134156782
146,167,0.07993641986351432
144,135,0.07993505679563688
692,588,0.07993489063100088
712,922,0.07992946504469858
144,587,0.07992636276171393
692,992,0.07992159107854009
919,489,0.07991399292106571
778,1152,0.07990256956431246
146,20,0.07990020525220384
778,124,0.07989925345798277
1143,492,0.07989922441146614
146,445,0.07989005569824381
692,7,0.07988836689907869
804,809,0.07987506892855689
712,181,0.07987391520705514
577,823,0.0798731193619364
715,644,0.07987126666047689
692,395,0.07986673137733909
577,1091,0.07985846918971608
712,848,0.07985735533248603
712,18,0.07985429893339213
712,1085,0.07985291995593922
712,827,0.07984839912776787
962,1025,0.07984117765995306
184,188,0.0798370151633169
146,823,0.07983198465775636
715,181,0.0798311175524109
712,1159,0.07982560425904517
144,1047,0.0798222976224388
251,1077,0.07981624909082745
1143,705,0.07981457517963267
2,1118,0.07981384597656149
251,699,0.07981106742340369
1143,851,0.07979952396390032
715,725,0.07979296519202839
144,1072,0.07979283221649884
962,121,0.07979112436154374
843,135,0.07978741984522536
184,1072,0.0797847654519642
184,818,0.07977617165597294
715,683,0.07977307466882429
1064,777,0.07976844763117846
100,188,0.07976581694302294
184,946,0.07976127440454862
715,303,0.07976027070658268
692,1015,0.07975838430346294
577,430,0.07975622807051826
840,1042,0.07975621534664512
251,945,0.07975551971101885
834,316,0.07975445579697471
843,71,0.07975248232831862
251,396,0.07974962259768369
692,706,0.07974812948192872
146,740,0.07974289218359608
144,680,0.0797402866941734
840,660,0.0797287350335297
778,1195,0.07972764593991774
146,143,0.07972295564092495
715,786,0.0797206456085639
715,668,0.07971670823723027
146,152,0.07970933750169643
986,149,0.07970889713058874
962,460,0.07969871933322782
778,698,0.07969324857319197
962,1107,0.07968544020063593
715,432,0.07968426370553229
577,257,0.07968124287946132
715,696,0.07967244812356708
144,388,0.07966541612808158
1143,890,0.07966394752094241
251,151,0.0796633125792386
804,71,0.07965999047138378
146,512,0.07965641154765042
986,859,0.0796531448613851
804,1186,0.07965067850572996
715,205,0.07964993423414889
2,532,0.07964576943476216
146,565,0.07963994496585798
1064,1112,0.07963087360486634
715,343,0.07962863780464315
1143,681,0.07962839889038774
1143,1135,0.0796234907052946
251,352,0.07962083745733371
577,1174,0.07961483671367554
1143,849,0.07960957628199473
804,178,0.07960691796250972
577,837,0.07959654589576833
944,995,0.07959136428961894
804,243,0.0795881524587176
146,655,0.07958774190494892
715,217,0.07958548203482745
1143,374,0.07958155609669641
1143,3,0.07957927064623845
146,330,0.07957669089200273
251,981,0.07957513228519464
715,282,0.0795674047368183
577,754,0.07956545954280013
843,754,0.07954115987742445
1143,264,0.07954076562441838
986,987,0.07953956981931386
692,404,0.07953603731712736
712,818,0.07953500753505718
843,1174,0.07953160179377623
778,968,0.0795238351375844
962,946,0.07952379935680762
778,967,0.07952073323377441
295,631,0.07951381089891353
184,377,0.07951167021038437
692,116,0.07951108036438657
251,844,0.07950401739624705
184,648,0.0795012187949322
986,590,0.07949694069444142
715,905,0.07947535641364058
144,61,0.07945381659588031
1064,362,0.07945197210401145
712,260,0.07944312907371244
9,992,0.07943851050562295
712,598,0.07943844205069356
251,292,0.07943519814669912
184,757,0.07943258522067365
146,1184,0.0794319098807408
577,213,0.07942252299574698
692,391,0.07942165985499225
715,1101,0.07941863585424362
919,463,0.07941510993961995
692,149,0.07941097763793108
144,582,0.079408752604844
962,512,0.07940161928954878
778,514,0.07939448722903172
184,761,0.0793919606261307
778,339,0.07938859608927532
100,341,0.07938859222755963
577,327,0.07938662077471685
251,1047,0.07937243205302325
778,751,0.07937191156562572
715,1061,0.0793618860807035
144,873,0.0793597640209337
577,768,0.07935839940900064
804,444,0.0793508115114042
715,449,0.07934550824069972
577,349,0.07934454389764178
251,586,0.07933237178112296
577,123,0.07932955191664338
356,562,0.0793270938680694
919,23,0.07931737805476836
184,1041,0.07931078451527071
1064,7,0.07930945271465846
715,647,0.07930713705354885
1143,517,0.07930145854071932
577,504,0.07930044713576026
577,544,0.07929697327495126
712,361,0.07928883595682133
184,811,0.07928242273646044
1143,401,0.0792791992020317
1064,789,0.0792764990277649
144,159,0.07927555086638287
64,138,0.07927391896707829
9,238,0.07927313493732285
295,495,0.07926946473680033
715,724,0.07926937540427785
577,374,0.07926291951141448
778,378,0.07926147701136645
577,957,0.07925904192580929
251,279,0.07925788284182685
184,404,0.07925695619867618
712,745,0.07925338672970007
146,1018,0.07925060673159155
1064,730,0.07924892172712111
184,1145,0.07924220941285645
715,390,0.07923549683747845
577,573,0.0792325663677216
144,824,0.07922761146018904
577,1072,0.07922043084286741
146,218,0.0792203063967505
712,531,0.07921785270631614
577,906,0.07921626169672932
715,294,0.07921365007774796
100,237,0.07921011654023533
712,102,0.0792041782045091
144,666,0.07920102653066138
1064,60,0.07920024136698266
1143,182,0.07920012278064734
715,1016,0.07919993016538009
840,348,0.0791996518514112
577,396,0.07919777451946425
295,378,0.07919375270886163
146,119,0.07919325002432298
577,269,0.07919060956494631
712,591,0.07918944393962425
715,620,0.0791887599266669
184,211,0.07918165876078205
712,907,0.0791744855725171
577,76,0.07917374008262379
712,290,0.07917234379716881
1143,906,0.07916233443983774
843,421,0.07915602652190097
962,722,0.07915303010540375
986,1042,0.07915206106451317
843,1044,0.07913235584217282
962,12,0.0791287109367896
962,214,0.07912032651077118
840,1116,0.07911899856981812
715,347,0.07911693267508299
144,868,0.0791155935742967
146,55,0.07911556759195028
100,658,0.07911192338596564
843,284,0.07911047507111436
577,216,0.07910968604826138
146,744,0.07910889954901716
778,408,0.07910395961678138
962,967,0.07910346244138836
843,9,0.0790966418226295
146,586,0.07909632668219291
778,660,0.07908582419079947
715,772,0.07908366285057164
804,875,0.0790818259610556
1143,878,0.07907678523722979
843,748,0.0790760712337216
577,919,0.07906609744783545
251,342,0.07906457768007451
962,490,0.07904086963371253
577,172,0.07903902796072557
712,394,0.07902591545635589
840,636,0.07902442372448698
146,38,0.07902192788724978
577,972,0.0790202341937357
295,1032,0.07901782394366871
146,22,0.07899942684012365
712,1163,0.07899607534242911
778,1120,0.07899194133227808
986,39,0.07898189397442108
100,609,0.0789774683817019
577,85,0.07897406391215854
715,384,0.07896332150703847
1064,378,0.07895058817105159
100,867,0.07894784126265492
715,676,0.0789428030452368
715,907,0.07893635108275154
840,91,0.0789338813706123
712,933,0.07892707621316901
100,1002,0.0789249938804455
295,924,0.07891695675065338
1143,239,0.07891524031468672
1143,1191,0.07890633690336328
144,408,0.0789032987819273
692,257,0.07890158018217927
144,709,0.07889910406335805
840,911,0.07889891599173342
577,1030,0.07889811990631762
146,975,0.07889356701937392
1143,1025,0.0788859663747542
144,474,0.07888288114294753
804,610,0.07887899107414197
919,300,0.07887559187588987
778,1097,0.07887486173950506
778,1044,0.07887450035721708
100,984,0.07887364624828523
251,811,0.07886214502568867
2,1042,0.0788607162842058
715,221,0.07885922393155823
843,463,0.07885790276238075
778,795,0.07885449006863635
144,374,0.07884965767371332
804,408,0.07884360088483637
840,892,0.07883946427080189
962,20,0.0788370551404406
144,748,0.0788340593285212
715,107,0.07882907984152873
715,373,0.07882371737191564
712,862,0.07882315442338705
577,962,0.0788163473722138
715,615,0.0788136196708991
577,1167,0.078812002166586
184,621,0.07880398972300848
1143,165,0.07879578892643137
577,490,0.078795247842202
144,632,0.07879480587153241
843,1185,0.07879470101074038
715,1199,0.0787930704999989
295,313,0.07879033024682988
840,472,0.07878915696961847
100,538,0.07878592775561948
577,310,0.07878413735466959
962,352,0.0787813447008968
712,1031,0.07878133700702923
715,209,0.07877325222751665
356,633,0.07876427630603593
144,476,0.07876006503891637
778,863,0.07875594739650357
715,812,0.07875569814866097
2,415,0.07875465075878724
20,483,0.0787484645612353
986,466,0.07874379599422233
146,704,0.0787381548884574
146,1071,0.07873232470593716
251,435,0.07872844592553983
1143,451,0.07872499637987061
2,552,0.0787187632766612
144,670,0.07871632041313116
577,282,0.07870182795553776
146,261,0.07870098860142306
843,338,0.07870063074167073
919,17,0.07870012813777016
778,300,0.0786972435758287
577,199,0.07869257166048714
804,135,0.078687342372064
184,722,0.07868681046184281
712,101,0.07864754075989491
715,846,0.07864506310119446
715,1158,0.07864330072822205
577,801,0.07864021531681094
184,71,0.07863559282294522
986,407,0.07863384304733023
356,625,0.07863316965943222
778,570,0.07863312727324984
715,86,0.07862900595801177
962,287,0.07861257833459556
843,116,0.07861241305486431
919,590,0.07861223144655277
144,1094,0.07861158494439549
804,1032,0.07860873429383107
146,830,0.07860472690578624
146,710,0.07860209686802078
944,26,0.07859910235627114
715,67,0.07859673638559532
146,2,0.07859269666238437
356,1060,0.0785842632315476
778,338,0.07858088698989164
804,355,0.07858029963953758
712,1108,0.07857876476064922
986,237,0.0785778069744357
712,919,0.07857358404427559
146,695,0.07856838976816251
962,682,0.07856449073711527
146,213,0.0785541413236445
146,418,0.07855390968647058
715,1014,0.07855339624147877
144,556,0.07854751852275582
715,467,0.07854725789611174
962,257,0.07854137058205199
146,481,0.0785401096100636
712,1043,0.07853948837862165
962,172,0.07852791118075142
1064,164,0.0785265341170846
1143,107,0.07852472648327875
712,1067,0.07851781124710666
251,1177,0.07851579436576461
251,23,0.07851544794849019
715,720,0.07850795525937282
356,286,0.07850335191089024
100,888,0.07850324007574543
715,54,0.07849997636053789
1143,907,0.0784875499547548
184,488,0.07848328134151963
692,348,0.07847889085128382
715,367,0.07847267068466733
184,1084,0.07847265284888355
840,1120,0.07847189491851744
715,3,0.07846994854957148
184,1003,0.07846408053350011
251,791,0.07846290144121362
577,287,0.07845932534343118
712,620,0.07845758404696455
715,952,0.07845026153127119
146,181,0.07844162266083168
715,412,0.0784408034584227
986,203,0.07843198983499813
986,587,0.0784296957548242
146,473,0.07841802514863638
712,1012,0.07841229545824686
2,707,0.07840796010835017
577,1145,0.0783902306220691
1064,474,0.07838541875335658
715,622,0.07838492514711207
184,729,0.07838210017047822
577,808,0.07837987524887813
843,660,0.07836785567187173
100,1083,0.07835850020996847
100,39,0.0783572216306933
712,666,0.07835420456690116
840,211,0.07835208826998978
715,230,0.07835047670848488
146,203,0.07834178751628157
251,348,0.07833686896041152
919,391,0.07833557565257855
184,911,0.07833337430019746
184,901,0.07833312859511565
1143,833,0.0783315495707387
144,71,0.0783297534473149
251,428,0.07832950388861355
1143,1075,0.07832472433995323
1064,661,0.07832289630492068
944,1002,0.07831336592175331
804,621,0.07830770222993311
144,570,0.07829676107831905
712,310,0.07829091270341605
834,1059,0.07828943674777654
251,972,0.07828782835777236
577,481,0.07828259437379331
840,1132,0.07828052261562789
778,469,0.07827583825837289
692,135,0.07826678930836024
251,400,0.07826140424276587
577,755,0.07825911802364717
577,443,0.07825650809111667
944,114,0.07825425906582038
962,189,0.07824809483357931
146,307,0.07824610714266966
712,148,0.07823399820101666
251,1154,0.07823181621741002
712,746,0.07823075669052262
251,545,0.07822201610039392
146,1045,0.07822119083486437
840,863,0.07822023350436155
251,225,0.07821998837635814
712,65,0.07821939095692028
144,1120,0.07821317738229894
919,805,0.07821190630894669
712,721,0.07821108318109261
251,1072,0.07820407514633457
1143,905,0.07820238208911671
184,428,0.0781986480955819
1143,112,0.07819833985362741
804,488,0.07819460601358899
1143,1113,0.07819085145788934
577,104,0.07817755709870505
715,990,0.0781771853580339
919,968,0.07817213382048457
715,1096,0.0781702657589433
962,884,0.07816423982636606
840,658,0.07816339873929583
577,1026,0.07816180032034434
146,953,0.07816052053168893
778,118,0.07815758612162171
715,115,0.07814799649380043
184,995,0.07814717691839969
986,382,0.07814616073798268
712,709,0.07814542149734753
2,631,0.07814045039248683
146,304,0.07813773991094784
843,461,0.07813381906122062
144,780,0.0781329882547952
715,108,0.0781281888781777
146,930,0.07812071769225117
1143,1141,0.07811777443536828
251,555,0.0781135779531341
146,117,0.078113246704332
144,494,0.07810652329619944
715,1159,0.07810609892107064
1143,1062,0.07810534569217613
577,918,0.07809912346123818
692,708,0.07809809274917749
146,396,0.0780930594080733
577,277,0.07808221378795854
9,856,0.07808117373929457
840,333,0.07807912617910807
715,207,0.07807527635403815
356,802,0.07807130925994607
843,841,0.07806656168187888
804,742,0.078063577661923
692,183,0.07805487377856532
715,825,0.07804656804491691
778,917,0.07804520175255543
100,149,0.07803852097444809
692,300,0.07803477612599403
715,741,0.07803324640589852
1143,317,0.07803292053251108
146,284,0.07802919416380982
840,1078,0.07802862201628619
251,175,0.0780283998293708
712,900,0.07801712690845937
1143,543,0.07801359452274707
146,831,0.0780095426415152
944,719,0.0780057916830507
962,545,0.07799810997778765
692,1160,0.07799447692372619
1064,796,0.0779941062513185
962,409,0.07799251293786998
962,381,0.07798843698941561
144,946,0.0779875619273144
144,969,0.07798731431040525
840,787,0.0779769624429113
712,353,0.07797318201274189
251,15,0.07796364915484431
355,41,0.07796112577807844
715,349,0.07795667708261705
144,518,0.07795387648378267
715,1176,0.07795347701478407
712,676,0.07795105788812469
184,469,0.07794460185109715
778,1069,0.0779404114614389
778,283,0.07793499816403407
712,715,0.07793020245146465
715,513,0.07792376477578083
712,668,0.07792031353100355
715,695,0.07791759050461856
146,379,0.07791530874295712
692,186,0.07791408136557487
146,717,0.07789620682441202
356,987,0.07788563633355758
986,875,0.07788136696164231
778,857,0.07787854545773519
778,314,0.0778763709029627
712,22,0.07787604035766121
184,135,0.07786963884946907
146,74,0.0778650038457594
944,1169,0.07786421985882477
804,842,0.07785077643127984
1143,37,0.07784878385448431
919,723,0.07784824744071141
1064,1060,0.0778479115839589
1143,1190,0.07784161878425853
804,286,0.07783630554981001
251,824,0.07783210437312589
712,366,0.07782941378128695
1143,389,0.07782730687310549
843,742,0.07782708951978712
1064,963,0.077818791623837
146,826,0.07781862294116261
1064,116,0.07781798178848477
577,64,0.07780768464309366
715,1165,0.07780168449152752
712,184,0.07779995717386752
840,850,0.07779558991473351
577,293,0.0777949977557509
2,510,0.07779388672798242
804,660,0.077787109941444
778,382,0.07778420216599628
840,967,0.07777741745110602
1143,92,0.0777728399521239
712,492,0.0777685566326364
1143,1024,0.077750985436837
146,432,0.07774630202311181
1143,1094,0.07774251077234826
840,186,0.07774036625502458
146,507,0.07773850784293233
962,1179,0.07773846057036564
577,105,0.07773264685188369
804,841,0.07773232129681251
146,1067,0.07772588769876677
919,848,0.07772400632779317
356,362,0.07771800652453259
962,506,0.07771512000914245
1143,65,0.07771030295151758
712,601,0.07770643728104693
577,1046,0.07770508114787529
843,103,0.0777009451251457
804,124,0.07769982477793898
712,849,0.07769137706113231
146,1065,0.0776907825873424
715,608,0.07768999461802416
962,807,0.07768411041914254
840,494,0.07766867531587617
1143,737,0.07765681766640906
715,492,0.07764494286033309
962,542,0.07764250026829048
577,306,0.07763093049356395
1143,441,0.07762532073801279
840,748,0.07762318701281694
1143,30,0.07762202398774326
712,656,0.07761587590877014
712,613,0.0776056416218082
840,149,0.0776040768818841
577,818,0.07760071772617488
251,638,0.07760030653904179
146,776,0.0775976945109061
1143,834,0.07759371502284287
715,737,0.07759323471296352
712,561,0.07759229945556056
712,815,0.07758885897211192
715,578,0.07758092503152035
2,998,0.07758054152400266
712,572,0.07757745399598308
295,992,0.07757727367593201
804,850,0.07757727116088817
184,707,0.07756563382180431
840,478,0.07755291481326812
577,1007,0.07755012212727284
712,927,0.07754892141489932
712,192,0.07754408547589085
2,538,0.07753234554380414
1143,296,0.07753216118398626
144,309,0.07752926988848925
146,64,0.07752640370938643
577,736,0.07752565580724835
100,987,0.07752048863822379
962,1116,0.07752031334031716
1143,465,0.07752000063916344
715,1138,0.07751739453413854
577,256,0.07751672675508957
715,208,0.07750180648467547
356,541,0.07749882282560552
712,1154,0.07749854103258402
577,749,0.07748908624414338
715,1193,0.07748654927776029
146,666,0.07748379720105318
251,103,0.07747765423169219
843,777,0.0774746686013514
712,134,0.07747138141393224
778,841,0.07746749704699755
184,1152,0.0774652353668608
146,971,0.077465019064859
1064,1058,0.07746244586343573
146,771,0.07745715126787601
295,281,0.07745641711973257
692,606,0.07745113636244305
712,261,0.07743107790048598
577,384,0.07742928030278091
715,119,0.0774264967174702
1143,721,0.07742501103118626
712,961,0.0774218109123375
962,1091,0.07742109104436094
251,104,0.07741847681191595
778,562,0.0774182784508991
944,633,0.07740780767800406
843,124,0.07739681390379823
840,1015,0.07739532047523572
962,1041,0.07739406373894207
251,123,0.0773895919110653
712,433,0.07738703509238368
715,161,0.07738555781561318
146,850,0.07738529719200823
251,277,0.07737828466348468
712,813,0.07737788242525717
144,621,0.07737372387610296
712,688,0.07736939384907088
295,1033,0.07736843462956296
715,655,0.0773626137720899
962,15,0.07735999300270686
919,625,0.07735825702663464
715,746,0.0773477976879823
715,577,0.07734648338531364
715,895,0.07734174426097143
692,796,0.07733688853282641
712,44,0.07733092991372431
577,409,0.07732340010561138
986,1033,0.07732260455693148
1143,783,0.0773220658603554
1143,827,0.07731887184913035
146,422,0.07730789508277366
577,956,0.07730498857622607
146,1093,0.07730027166527591
715,691,0.07729449575997606
356,378,0.07729085971094161
778,988,0.07729044873510399
712,595,0.07728856386750546
577,969,0.07728555770412732
1143,501,0.07728447162343374
577,735,0.07728358090776452
1143,679,0.07727847317721344
804,787,0.07727604686745469
962,944,0.07727326743057845
295,348,0.07726907406959918
840,231,0.07726644139435511
251,420,0.0772594736367619
577,1166,0.07725937199243547
919,866,0.07725814753246942
843,408,0.07725495790629583
100,610,0.07724710274712482
715,366,0.07724642784483353
715,1200,0.0772452345523909
1143,598,0.07724508801264439
146,409,0.07724478845325625
577,438,0.07723903224757646
962,314,0.0772359470318786
712,77,0.07723351296720607
184,1179,0.07722636821098716
712,513,0.0772219681069274
715,27,0.07722078013215486
692,26,0.07721440388257858
986,291,0.07721148734119053
715,983,0.07720286723544904
144,348,0.07719802062106168
146,946,0.0771967384040111
715,290,0.0771942213293143
577,944,0.07719374823925422
1064,1116,0.07718811224325149
146,405,0.07718172059061834
295,453,0.07718165097253503
692,731,0.07717847901553268
715,938,0.07717425344315418
184,968,0.07716107459073901
1143,691,0.07716077123769213
919,859,0.07715715236023182
1143,115,0.07715670693921932
944,164,0.0771549707434917
715,921,0.07714799392270132
843,936,0.0771471846253299
843,198,0.07713979547295628
715,259,0.07713783473257269
577,1124,0.07713430470024965
962,1077,0.07712595642960497
692,475,0.0771234019220961
146,31,0.0771188246874922
251,936,0.0771164269537216
715,386,0.07711494925505631
778,188,0.07710718746325153
715,1135,0.07710433505740055
778,431,0.07710336637762638
1143,602,0.07710027651714411
251,326,0.07710026627603382
577,1086,0.07709525402128017
100,204,0.07709001068000776
146,96,0.07708993268795926
715,675,0.07708746676214023
577,865,0.07708410554070134
712,62,0.07708229891246716
144,234,0.07707877115366671
962,1015,0.07707818216566249
251,53,0.07707712346511127
251,211,0.0770739602079093
962,988,0.07707165258413054
144,840,0.07706859220506959
184,342,0.07706642834758705
778,1172,0.07706250613818155
144,1063,0.07705655803148533
577,1150,0.0770560654255504
715,849,0.07705500118999213
712,1029,0.07704550196432476
715,1068,0.07704101883395276
1143,982,0.07703436383992619
843,787,0.0770309039085997
840,1083,0.07700624720943462
356,5,0.07700117041743489
1064,805,0.07699519612305798
834,419,0.07699345160891972
840,436,0.07698806266673834
146,760,0.07698646271325277
146,1140,0.0769846421739585
712,932,0.07698413547937405
712,716,0.07698148077412174
577,135,0.07698031210375611
962,654,0.07697356470005727
715,759,0.0769724402686583
100,183,0.07696462262733515
715,718,0.07695983043478938
251,566,0.07695549160616481
146,964,0.07695102078979989
577,674,0.07694655999382993
715,688,0.0769394544400478
1064,1002,0.07693872031774049
146,1100,0.07693513523450742
715,997,0.07692361409738258
712,560,0.07692233200368329
919,687,0.07691900933471152
962,949,0.07691039531291669
715,744,0.07690976311734031
962,964,0.07690495272040852
100,802,0.07690354772160883
715,288,0.07690129973209717
144,162,0.07690013858522068
715,276,0.07689878010589092
577,914,0.07689847038862498
843,1022,0.07688548622624904
712,604,0.0768852306259127
100,1084,0.07688439270639216
577,579,0.07688260164848512
712,916,0.07687836623726158
715,465,0.07687460259950994
715,434,0.07686829220119225
1143,44,0.07686054204623324
962,556,0.07685732645005315
1143,280,0.07685705535673133
712,1024,0.07685378053288054
100,1078,0.07684269427021133
1143,516,0.07684025495261239
712,168,0.07683067101178932
919,841,0.07682938691748378
251,536,0.07682804216346292
577,725,0.0768244606490962
146,735,0.07682356536788056
843,214,0.07681996791238509
778,797,0.0768049537649422
712,1117,0.07679728696159971
251,1003,0.07678989513904663
962,462,0.07678968332478134
577,1041,0.07678178879841782
962,158,0.07678105327134062
712,890,0.07678045906643063
715,815,0.07677708641332422
1143,59,0.07677110047509932
251,1133,0.07676901876304376
712,276,0.0767673850702418
144,489,0.0767646013491557
804,518,0.07676255848610776
715,14,0.07675998956310975
919,1084,0.07675175667386612
1143,638,0.0767516849314187
146,574,0.07674168888340169
184,118,0.07673740110573263
2,1033,0.07672979071804836
962,824,0.07672752802335059
715,63,0.07672307251089054
692,1057,0.07672041985241175
712,650,0.07671937127869424
251,779,0.07671297485698343
712,1119,0.07671282988069988
1143,89,0.07670787716197464
295,1042,0.07670143180828617
356,1169,0.07668554683647207
2,224,0.07668369576911457
712,817,0.076678516728458
146,519,0.07666888804157931
1064,475,0.07666638635376245
144,500,0.0766637619066836
1143,406,0.0766607610713983
715,630,0.07665321518147779
251,509,0.0766477412590138
144,574,0.07664658232405255
144,566,0.07664190130905099
712,58,0.07663819378481751
840,215,0.07663642019019033
1143,82,0.07663614377577672
577,1147,0.07663419658083659
962,1005,0.07662718364079014
712,75,0.07662255010828382
184,756,0.07662074666283568
1143,862,0.07661361029624023
146,243,0.07661115316059505
919,39,0.07660931049623372
712,692,0.07659877612306294
712,1101,0.07659822571047102
715,989,0.07659077418625665
20,138,0.07658858952830516
986,415,0.07658130291262155
843,756,0.07657985452904288
715,498,0.07657578437056174
843,600,0.0765752652792384
100,625,0.07657048831172861
146,533,0.07655907705044702
356,799,0.0765576605859085
986,867,0.07655528594872865
577,912,0.07655517085283542
1143,529,0.07655306390403728
692,61,0.07655291813327204
804,1180,0.0765501980664088
715,278,0.07654071267542448
715,651,0.07653244214177177
712,740,0.07652198779580995
712,611,0.07651904635240575
962,861,0.07651558996551323
100,731,0.0765143227300419
144,24,0.07651412355434002
715,1184,0.0765132243123622
1143,832,0.07650900526407406
577,63,0.07650686174447006
295,323,0.07650570849461176
1143,1126,0.07649588549642694
144,178,0.07649478267115335
1143,414,0.07648756496103395
804,284,0.07648708718167682
146,733,0.07647848518308485
843,118,0.07647541624334399
712,1165,0.07646932315936575
962,418,0.07645978358709409
962,85,0.07645778161536279
715,179,0.07645747069769472
577,1038,0.07645682359414648
962,443,0.07643557669844325
692,789,0.07643492389101444
715,51,0.07643438484163276
712,1073,0.07643159961066773
692,754,0.07643101097706644
715,442,0.07642486153743486
1064,590,0.07642270208367337
1143,463,0.07641985077062326
1143,499,0.0764115882817191
146,996,0.07640931143848831
100,1017,0.07640115667685667
715,187,0.07639626686455352
712,521,0.0763860668645621
1143,618,0.07637350897032591
712,347,0.07637155975801674
712,445,0.07637079196757517
1143,246,0.07636900265534571
804,338,0.07636640544673186
1064,867,0.07636331525910345
712,132,0.07636270331795281
1143,47,0.07635683774955916
962,835,0.07635470645021744
146,624,0.07635433220568698
778,169,0.07635039934194422
804,904,0.0763422689086721
251,505,0.07634173630721702
715,160,0.07634064699126766
184,478,0.07633648227702483
1143,447,0.0763301610368526
986,1172,0.07631665771862106
146,837,0.07631533496143893
1143,129,0.07631429692208698
715,554,0.07630569345173807
1143,713,0.07630283768878768
100,805,0.0762971198314639
962,0,0.07629073731705606
1143,347,0.0762800271166558
692,988,0.0762702057068293
577,550,0.07626960193240526
712,941,0.07626958985109436
295,286,0.07626791350887188
1143,442,0.07626312345967115
146,925,0.07626283737009688
1143,593,0.07626282190157267
712,872,0.07626219315187827
715,932,0.07626108145348165
715,1027,0.07626040169869523
577,288,0.07625820597181979
715,549,0.0762575728317292
577,891,0.07624268980910485
843,61,0.0762369582770859
962,787,0.07623537043318805
1064,731,0.07622136904199966
715,734,0.07621500204450654
9,866,0.0762143819614
715,665,0.07621241624505304
251,534,0.07621036062011345
146,59,0.07621035009213983
712,447,0.07620691540490679
715,1197,0.076206305560873
1143,786,0.07620267731527959
804,1132,0.07620225678444395
986,344,0.07619268095065775
1143,386,0.0761737795129786
144,949,0.0761665073494366
356,253,0.07616625810208584
804,590,0.07616234695288694
712,759,0.07616166031304142
146,105,0.0761612418177206
944,95,0.07615243624146079
962,607,0.07614879666988218
712,285,0.0761432230739289
986,805,0.07613330361799557
715,357,0.07612634168433884
146,750,0.0761242716153535
692,805,0.07612299664082325
184,1034,0.07612195951662691
986,183,0.07611109646325033
144,902,0.07610305566671392
715,908,0.07610027038916187
692,253,0.07609781217971871
146,455,0.07609558068182463
100,415,0.07609511717540626
712,255,0.07608660735303006
577,337,0.07607879221457152
919,378,0.07607048678029225
577,3,0.07606214103700251
712,753,0.07606053276580853
295,698,0.07605160756519184
962,83,0.07604882690078331
715,1073,0.07604551385238
146,702,0.07604547200496925
146,242,0.0760397975929686
919,342,0.07603775273108171
100,84,0.07603294777250239
577,1173,0.07602978507042707
804,452,0.07602732257423761
1143,130,0.07602349233398456
712,185,0.07602017514919998
962,64,0.07601738502372497
715,57,0.07601551286724152
577,437,0.07601307224339503
146,310,0.07601169543478166
712,720,0.07600226669729566
715,1178,0.07599997439673357
295,726,0.0759996687519172
715,951,0.07599536194410822
577,236,0.07599508234952244
577,1107,0.07598891525530684
251,1021,0.07598348856043305
712,503,0.07598344481639872
577,505,0.07597582444313972
1143,623,0.0759714981213494
577,12,0.0759691657593423
577,336,0.07596895023797794
577,545,0.0759677574079093
577,473,0.07596176248301337
144,60,0.07596032833912032
919,1002,0.07595635917828839
919,881,0.07595631826238444
146,454,0.0759545309482244
834,703,0.07595390935599071
712,50,0.07595372903737568
712,467,0.07595208620379078
919,1090,0.07595177814844116
1064,1160,0.0759514182380304
715,155,0.0759511680971065
715,788,0.07595091943676954
577,263,0.07594905716253361
2,968,0.0759485252885164
1143,1064,0.07594735754822796
840,195,0.07594463827896031
715,304,0.07594191582787234
715,529,0.07593882554384655
712,48,0.075937207719059
712,782,0.07593710628150939
804,1177,0.07593536289531648
715,991,0.07592773458953438
712,696,0.07592690282798605
715,671,0.07592076702234091
962,56,0.07591809302489061
712,406,0.07591633100302703
146,247,0.0759105266883873
251,714,0.07590867151085123
715,910,0.07590743988376022
715,77,0.07590586238455442
834,298,0.07590536791227792
184,436,0.07590369265852406
712,142,0.07588988592836096
144,930,0.07588087140400719
251,129,0.07587850013226449
712,1114,0.07587694210502215
356,243,0.07587107185020561
715,175,0.07586781665163171
715,958,0.07586266474330804
1064,1028,0.07585991843634868
356,796,0.07583226598572318
144,1003,0.07582674949340794
1143,278,0.07582216063291643
712,527,0.07581773350887897
712,265,0.07581693015002929
919,284,0.07581478083503548
1143,1016,0.07581315622999671
834,1114,0.07581004642002065
712,87,0.07580266512309482
962,188,0.07579972911108712
715,455,0.07579748829352997
962,771,0.07579673934702136
712,1191,0.07579595980567855
1143,990,0.07579063120359358
1143,210,0.07578600382916938
1143,1080,0.07577823825271729
251,840,0.07576865623358423
692,281,0.07576643564869237
100,156,0.07576308324350293
251,234,0.07575739091248662
712,629,0.07575052228232562
2,1144,0.07574990803496608
577,974,0.07574895462275905
184,138,0.07573488965137021
919,223,0.07572509076263848
778,23,0.0757246667472504
1143,148,0.07571023755126363
100,60,0.0756993663858387
1143,1086,0.07569922504096464
577,151,0.07569787877397077
715,1103,0.07568980102441339
712,704,0.07568744917319227
356,530,0.07568051175176167
712,775,0.07567641534534729
295,97,0.07566944777045075
144,940,0.07566703121536245
1143,920,0.07566622584134257
840,1171,0.07566136207060409
20,765,0.07566075244323822
146,509,0.07565557933625826
1143,652,0.07564604075282164
144,428,0.07564307230620305
712,130,0.0756411543290826
804,382,0.07563886980931125
577,686,0.07563712531540243
577,113,0.0756337172510711
715,28,0.07563126733199704
840,440,0.07562452921763803
715,831,0.07562206260239604
712,880,0.07562204076376584
577,56,0.07561686315858003
840,84,0.07560458847928915
715,561,0.0756037342219712
692,178,0.07560046743753059
715,1024,0.07560004568007118
712,259,0.07559931655771229
184,1177,0.07559586905424481
146,685,0.07557150165629974
1143,900,0.07556248919981298
778,222,0.07555903907724475
295,711,0.07555199749898005
251,632,0.07554349399556345
840,1169,0.07554007904636605
840,344,0.07553648154522363
840,581,0.07552338062700015
577,408,0.07552205300518454
1143,33,0.07551047095945365
712,325,0.07550571430512697
962,444,0.07550507687016446
144,436,0.07550458331073062
715,700,0.07550215094126536
712,960,0.07548474815986633
962,123,0.0754833134596464
577,189,0.07547753298872667
715,418,0.0754712524275214
962,428,0.07546723044394704
715,317,0.07546298204223999
577,1182,0.07546264458355781
146,748,0.07545435332583289
146,643,0.0754515511860817
251,722,0.07545009477575763
692,407,0.07544684133780451
146,174,0.07544543593279114
919,988,0.07544360434906684
692,403,0.07544000328308255
715,496,0.07542964883369568
356,856,0.07541587066822875
577,996,0.075414087817246
843,1057,0.0754045957848107
577,715,0.07540372639116832
712,635,0.07540057282404847
715,794,0.07539651409185276
100,321,0.07539003548927643
962,1145,0.07538862828765427
1143,615,0.07538440843364044
962,53,0.07537751793911204
715,1129,0.0753736854325086
146,65,0.07537095130390474
919,863,0.07537015214319193
919,281,0.07536864087651488
251,607,0.07535991162300724
715,445,0.07535761249671248
577,706,0.0753522601424293
146,976,0.07534712897899132
715,166,0.07534332033899803
146,121,0.07533863205900938
577,232,0.0753362862104333
144,188,0.07533478734535506
144,791,0.07533457458595352
184,814,0.07532846190297975
715,370,0.07532793525007654
840,902,0.07532177482257926
712,921,0.07531702347740638
1143,710,0.07531683335253833
712,1167,0.07531241833610376
715,1045,0.07530972741635053
986,1169,0.07530054915121707
251,287,0.07529107865095357
840,806,0.07529020753639769
804,393,0.07528744512661945
840,904,0.07528627783699882
712,1016,0.07527189448473932
715,49,0.07526911134460706
712,277,0.0752676752206442
712,1074,0.07526210492894017
715,652,0.07525469256002996
778,178,0.07525382798419336
778,286,0.07525360687299487
715,35,0.07524517999081128
840,856,0.07524084745836959
184,1078,0.07523727377386549
692,877,0.07522434230198134
146,1004,0.07522301209963851
251,624,0.07521786270856808
843,621,0.07521022398736485
1064,658,0.07520099541731472
712,209,0.07519971606445798
100,1116,0.07519707275655697
834,915,0.07518944566660594
962,1124,0.07518264423581862
843,751,0.07517764814628294
919,250,0.0751714320180922
962,1072,0.0751679749468457
146,1035,0.07516468820178242
712,317,0.07516166223304613
804,797,0.07516069629910263
712,70,0.0751570377187813
184,514,0.07515687847382843
146,841,0.07515005554578326
962,429,0.07514504417704793
715,689,0.07514070747469821
1143,468,0.0751338336722446
1064,321,0.0751324227573053
146,245,0.07512834139334906
712,294,0.07512649376045431
144,968,0.07511593914254203
251,116,0.07510674425365148
843,875,0.07510215605300526
146,282,0.07510096165191638
986,224,0.07509672280433091
778,592,0.07509348997708358
577,1125,0.0750910668552382
146,354,0.07509044940311493
144,103,0.07508366388089871
144,1177,0.07507110293674081
146,177,0.07506768256434987
843,475,0.0750633259361013
712,584,0.07506213760476217
1143,591,0.07504790038921084
100,227,0.07504212646506443
577,1069,0.07504159126120129
843,988,0.07504055598126387
712,812,0.07503689698228161
1143,1175,0.07503003555668823
1143,578,0.0750287994524049
712,32,0.07502365251214108
715,1081,0.07502192952935682
251,748,0.07501582220611851
146,814,0.07501538137370685
715,876,0.07501462248231207
2,1179,0.07501112641230426
715,527,0.07501080964557845
251,273,0.07500641741947034
712,170,0.0750057755082503
962,495,0.07499885153316804
577,648,0.0749934953321573
1143,630,0.07498757830920952
944,341,0.07498481434113044
692,857,0.07498009321675185
840,621,0.07497975087628583
962,555,0.07497876467539398
692,1002,0.07497218269116947
1064,346,0.07497081977131446
251,969,0.07497068693105603
577,874,0.074966362968851
692,1171,0.07495893943310264
712,983,0.07495544545439609
715,1190,0.07495502800944742
712,137,0.07495469869141556
715,1075,0.07495146972780702
962,1161,0.07495053174985078
715,1111,0.07494374782238943
1064,719,0.07494143219670407
577,1065,0.07492584666486457
712,217,0.07492580639216179
144,1070,0.07492468325492391
577,450,0.07492298918420885
251,818,0.07492178505515798
2,203,0.07491576271766989
962,848,0.07491517118130339
804,118,0.07490576436483946
962,1044,0.07489866222553317
843,868,0.07489270076528044
692,1109,0.07488272778592639
692,124,0.07487830657029419
778,472,0.07487418333902321
712,1092,0.07487353688911734
715,674,0.07486414879018381
715,531,0.07485107354608783
100,553,0.0748499438318435
577,752,0.07484587468500996
715,935,0.07484045384095517
712,248,0.07483992253556739
712,210,0.07483187686150651
146,320,0.07482580405183623
778,785,0.07482098370804645
712,571,0.07482081329347139
962,225,0.07480908860383562
715,499,0.07480776648102523
1143,62,0.07480472813159371
692,968,0.0747990452034835
1143,19,0.07478533768706935
577,16,0.07477760384810168
577,1018,0.07477637930766479
100,806,0.0747744538086329
100,1112,0.07477304115909451
251,729,0.07477011987940449
251,751,0.0747699490205073
100,726,0.07476877934899659
146,885,0.07476547954505379
712,1138,0.07476421043842632
962,992,0.0747633632215616
843,68,0.07474962673075303
251,1099,0.07474759259948546
778,196,0.07474310019163194
146,56,0.0747386076022139
1143,1129,0.07473835086105612
144,116,0.07473733988341076
692,84,0.07473653386458828
144,403,0.07473627470397903
146,431,0.07473433834344613
715,78,0.07472812150595039
712,1068,0.07471793553485544
715,738,0.07471642222433167
692,852,0.07470960219599931
778,68,0.07470595012497015
1143,312,0.07470318142471502
843,769,0.07470196769720254
692,1090,0.07469563923799354
1143,1176,0.07469344904102673
146,706,0.07469146281697474
962,326,0.07468757745662304
715,1119,0.07468725767439745
804,391,0.07468197851770901
712,386,0.0746770285040337
840,250,0.07467696883779641
919,966,0.07467151823986155
962,375,0.07466998265133105
1143,901,0.07466837812549097
715,851,0.0746670034343896
712,313,0.07466686078997074
712,931,0.0746659393470813
1143,671,0.07466524815796223
840,1192,0.07466155911858391
712,226,0.07465239480272333
1064,924,0.07465222218993924
251,127,0.07465024440441473
840,574,0.07464664606704811
843,968,0.07464143283440725
146,388,0.07463848937070701
712,358,0.07463545911573408
804,252,0.07462021103674482
715,1137,0.0746030999079846
712,828,0.07460296392535841
251,946,0.07458684017073301
184,231,0.07458448731855123
184,1186,0.07458402466134305
715,766,0.07457772054397924
100,253,0.0745764296391781
712,28,0.0745758036723523
577,666,0.07457239640234463
962,837,0.07457199279795343
962,667,0.07457108243566186
692,1042,0.07457100105589302
986,518,0.07457057404851074
962,1192,0.07457030078598081
962,940,0.07456478448386929
712,1052,0.07456465445062702
843,1091,0.07456247537785331
712,934,0.07455304369006271
295,147,0.0745502014750889
919,1169,0.07454952323465197
712,548,0.07454781837555202
715,125,0.07454499541570579
712,468,0.07454499248626162
715,1156,0.07453975463309638
804,592,0.07453208100508353
840,1070,0.07453107350302444
251,141,0.07451632525531188
712,651,0.07450792018281352
962,408,0.07449563506020834
1143,122,0.07448986581700982
804,1078,0.07448485908495607
834,1029,0.0744747782329028
834,337,0.07447301025071759
100,799,0.07445782181181257
843,1070,0.0744576536277603
1064,869,0.07445418199639962
144,814,0.07444993550488802
715,559,0.07444946101734405
712,546,0.07444886532756266
712,107,0.07444845507995193
962,928,0.07444256898107299
778,963,0.07444164887443329
146,46,0.0744401302593641
712,659,0.07443991077177363
577,1071,0.07443935042920474
1143,826,0.0744392759992609
1143,761,0.07443925867495321
184,670,0.07443591786647222
715,18,0.07443591484925625
715,8,0.074433784263339
184,1006,0.07443261239343653
295,968,0.0744247207257034
715,502,0.07442468566487251
712,449,0.07441529720614852
251,971,0.0744119517058416
962,1094,0.07441138512085081
715,201,0.07440527805420155
146,682,0.07440376035942858
715,673,0.07440251664977557
146,1051,0.07440096399700268
146,40,0.07439667121231545
715,739,0.07439257313197115
712,27,0.07438854947261661
251,1124,0.07438351011874145
146,1077,0.0743802675622339
2,854,0.07437895518970884
356,301,0.07437494054205905
1143,699,0.07436763004111509
1143,221,0.07435975695528102
144,488,0.07435292819635227
715,839,0.0743525475206557
843,1186,0.07435160226126523
184,1192,0.07434757168622816
843,553,0.07434468345198092
715,13,0.07434251330979585
712,766,0.07433928057884488
715,628,0.0743358987606086
712,1061,0.07433317234026988
843,488,0.07431981261893449
712,241,0.07431688661134368
962,902,0.07431265106840997
715,516,0.07430805724849844
840,1185,0.07430473006335596
1143,27,0.0743009160710872
577,1021,0.0742980566804585
144,809,0.07429456147369302
1143,207,0.07429366387629684
146,238,0.07429148762162112
843,574,0.07429082434012099
843,582,0.0742763728906809
715,177,0.07426081584498395
715,899,0.07425870977358165
146,988,0.0742499513738262
715,539,0.07424803834872264
1143,170,0.07424037603939221
715,604,0.07423700235067182
577,589,0.07423658154246866
778,252,0.07423264957208821
1143,846,0.07423096084618558
144,850,0.07423007892668877
1143,595,0.07422560277050706
1064,1132,0.07419841934252144
919,407,0.07419698050819316
577,807,0.07419594352511949
919,963,0.07418571731771371
577,458,0.07416789348228386
712,42,0.07416513303109162
712,187,0.07416362737405288
1143,882,0.07415929692185348
577,1110,0.07415873025851842
692,581,0.07415761207236088
778,1083,0.07414375252423233
146,937,0.07414194763823741
251,1145,0.07414158211109084
840,1090,0.07414067862335846
840,795,0.07413982485183541
144,110,0.0741384857101906
715,858,0.0741375633812984
1143,343,0.07413518467382979
9,1055,0.0741313974835127
1064,183,0.07412616647416914
692,23,0.07412575295474247
146,845,0.07411983482554677
843,892,0.07410712483749055
840,218,0.07410349321804366
715,847,0.0741015763954323
715,933,0.07409063866401973
962,279,0.07409037699410978
712,92,0.07408948897779721
712,1096,0.0740846738439435
251,188,0.07408036539567096
184,780,0.0740784834861782
144,538,0.07407471777582748
715,359,0.07407317941376404
962,198,0.07407226599479672
715,909,0.07407195554392695
577,66,0.07406762901405785
840,223,0.07406737751065708
712,694,0.07405013206493927
840,761,0.0740500535368056
804,26,0.07404537231893978
715,953,0.07404082620112525
146,258,0.07403919200930743
356,252,0.07402962180369564
962,1182,0.07402586039914158
251,1025,0.07402317196752294
692,582,0.0740178346715637
692,892,0.07401727090440524
692,658,0.07401104908183456
712,602,0.0740060997460809
715,310,0.07399766625647516
715,320,0.07399716993868347
1143,954,0.07399401574436063
843,566,0.07399201270024884
712,1178,0.07399156655714006
962,110,0.07398017186833579
1143,559,0.07397973305337485
146,920,0.07397840443959545
1143,75,0.07396595289151187
778,1186,0.07396143184480342
1143,10,0.07395792358774474
100,852,0.07394075760131644
577,959,0.07393183123057624
712,57,0.07392475988454804
962,458,0.07392156212898685
577,244,0.07392133441711667
692,497,0.07391492963526436
715,882,0.07391358990443013
184,841,0.07391179379019881
1143,773,0.073907751741135
712,43,0.07390204396198372
146,917,0.07389977384656943
1143,876,0.073893893231622
577,79,0.0738920987842143
715,241,0.07388625674436669
577,567,0.07388592972187076
184,797,0.07388494100773807
251,1097,0.0738842366309111
715,48,0.0738785067362509
1143,572,0.07387490827067533
146,542,0.07386915499713358
251,1057,0.0738670306228578
577,476,0.07385942882705229
100,1198,0.0738450028760723
712,643,0.07384409379660102
577,167,0.07384171041349408
712,1049,0.07383937146153738
1064,1198,0.07383134953328145
715,1052,0.07382697179659306
712,826,0.07382584702970348
251,600,0.07382140522959958
834,1036,0.07382139421754204
144,1152,0.07382050906911032
1143,446,0.07381934299720264
251,1174,0.07381806420650242
144,1057,0.07381782200515075
692,305,0.07381462658734078
692,1116,0.07381454805238846
919,777,0.07381418638855136
146,547,0.07381060806180216
100,966,0.07378809241926883
146,93,0.07378025735219124
715,1043,0.07377489181998434
778,223,0.07376927256341047
577,791,0.07376298695136697
919,1160,0.07375926599754683
184,431,0.07375533247241806
295,250,0.07375432845140308
715,1049,0.07375269747974746
1143,54,0.07375177807585072
962,942,0.07374709630799031
1143,1038,0.07374678671748372
144,1042,0.07372720533665747
843,238,0.073722035517465
715,270,0.07372025559984614
251,403,0.0737185920667146
146,335,0.07371689560611248
712,464,0.07370690524159555
577,279,0.0737043088901628
962,127,0.07369858377794318
715,616,0.07368528585138738
715,271,0.07368519324420003
184,596,0.073679938771252
1064,881,0.07367427380912246
146,979,0.07367342046926298
962,1034,0.07366558852828124
692,1179,0.07366447471377069
1143,1101,0.07366445040018231
712,193,0.07366239584714815
715,228,0.07366086806889725
2,382,0.07366049005639222
712,24,0.07366046529754164
840,138,0.07365548931563717
692,756,0.07365171863062295
1143,669,0.07364640898338572
295,1082,0.07364379730637549
1143,829,0.07363510293476622
100,860,0.07363403215928256
577,597,0.07362302654065038
577,1185,0.07362232339030168
715,635,0.07362019332695176
715,736,0.07361848456920214
712,242,0.07361609253295678
144,660,0.07361439076057757
715,58,0.07361312728925604
692,637,0.07361246103899824
146,90,0.07359715126552763
2,693,0.07359040762249486
843,23,0.07358802344540326
577,958,0.07358478858429308
251,911,0.07358185397729337
355,677,0.07358155478221519
577,55,0.07357929493084242
712,499,0.07356856485167867
715,764,0.07356117410922611
715,471,0.0735538319663296
1064,195,0.07355359672516729
715,1123,0.07355167061784854
184,708,0.07355160011703768
1143,643,0.0735388933503562
712,950,0.07353346066155235
1143,696,0.07352979532219343
715,680,0.07352725829629289
1143,336,0.0735138151134807
715,887,0.07350752134712663
577,665,0.07350498862877522
356,17,0.07349731241561647
804,273,0.07349601644848136
843,1146,0.07348899041369054
715,47,0.07348191316851119
2,1028,0.07348015364209998
778,273,0.073478475470065
919,291,0.0734783942108222
962,666,0.07347739769079968
962,708,0.0734747387313189
778,987,0.07346957351054859
712,734,0.07346132177982777
251,538,0.07346072866113133
1143,680,0.07345974876612005
184,850,0.0734503563011562
919,795,0.07344354490997836
100,842,0.0734307827683448
251,172,0.07342928380789385
962,1152,0.07342132356195416
1064,1180,0.07341918410060555
146,1166,0.07341583541916452
712,713,0.07341252766498517
843,362,0.07340423403347397
843,590,0.07340391127718483
184,408,0.07339128680731144
840,284,0.07338112784837554
251,173,0.07337577105735306
962,873,0.0733750207119477
840,881,0.07337256989061401
712,622,0.07336949027460782
184,606,0.07336735074372558
712,315,0.07335977203890598
962,748,0.07335977091308503
144,708,0.07335761331001117
715,248,0.07335472139235377
843,857,0.07334998507445412
715,962,0.073343941190349
712,991,0.07334249373485546
962,901,0.07333896115598054
146,949,0.07333686850103757
100,1144,0.0733341498362759
100,1195,0.07333056233756469
577,638,0.07332747379790494
712,847,0.07332587716214226
778,421,0.07332557910271222
712,718,0.07332393419331594
715,364,0.07332376547915062
100,569,0.07332092517271771
715,656,0.07331900129445584
715,1167,0.07331426857649534
692,169,0.0733078603978009
100,795,0.07330059038643304
715,302,0.07329830830724107
843,178,0.07329666163124961
184,809,0.07329260013413744
712,69,0.07327997376531478
715,1010,0.07327875294673017
715,372,0.07327018800709834
715,365,0.07326951019348285
712,88,0.07326868491158803
712,372,0.07326136728829084
184,461,0.07326112159801917
712,94,0.07325885540633013
834,181,0.07324815905892182
919,5,0.07324442138736022
251,752,0.07324161745647978
1064,122,0.07324008734521206
1143,1197,0.0732364846758946
184,1131,0.07322491110700155
1064,1201,0.07321348465493463
251,1161,0.07321262798787616
715,1128,0.07320997922375422
843,877,0.07320682903755968
184,116,0.07320447997304266
712,387,0.07319856282901034
692,881,0.07319499426300131
962,765,0.07319478994172482
962,1070,0.07319344935625462
1064,594,0.07319300205408073
986,581,0.07319230400679115
1143,1199,0.0731863237820495
715,226,0.07318320914267715
1143,319,0.07316997097255964
1162,1042,0.07316673586984695
715,129,0.07316509487870924
715,558,0.07316450157624958
962,333,0.07316311111469113
577,727,0.07316147626972594
715,560,0.0731602508772341
834,798,0.07315900086712017
1143,390,0.07315833097001345
184,355,0.07315519754986266
778,856,0.07315436661805558
146,370,0.07313645923333092
986,530,0.0731282950233227
804,730,0.0731255765655564
712,494,0.07312235848285567
1064,1098,0.07311351230060019
184,868,0.07311293695193413
144,9,0.07311289256194539
251,111,0.07310988604258463
146,672,0.07310619998153221
146,443,0.0731006244370594
251,404,0.07309508770551183
1143,410,0.07308657171313541
715,508,0.07308586433387837
146,508,0.07308563586150793
804,537,0.07308159985163844
962,1003,0.07307754509918286
577,1070,0.07307388259993977
692,854,0.07307071804981598
715,1062,0.073067638476726
100,1179,0.07306722015206635
100,1058,0.07306716574062941
1143,425,0.07306650350870418
251,427,0.07305726437630752
577,116,0.07304533735716903
715,112,0.07304214366821159
1143,486,0.07303079478152114
804,963,0.07302849798754492
1064,84,0.07302036751637839
919,421,0.07301949927909086
1143,18,0.07301803331729502
715,835,0.07301090821225095
1143,6,0.07300453340959015
1143,179,0.07300106710486852
251,680,0.07299977074526919
144,857,0.07299574117236271
146,439,0.07298570788081525
715,1104,0.07298286003020633
712,161,0.07297963336092833
804,204,0.07297354752458372
962,582,0.07297340360778179
692,488,0.07297115126285537
715,460,0.07296960828825813
692,218,0.07296693435817422
919,495,0.07296561958818505
1143,576,0.07296176493574065
100,532,0.07295875708482624
962,453,0.07295662539449642
146,458,0.07295484385438791
692,863,0.0729527495061184
692,344,0.07295148295220784
577,1195,0.07294403410513124
144,211,0.0729357989118076
804,530,0.07292615769009028
715,264,0.07292363075703527
251,453,0.07291963611120522
100,968,0.07291548194688485
692,415,0.07290716578561318
2,726,0.07289820219782787
1143,1068,0.07289289332719327
712,684,0.07289255127111549
692,4,0.072887258287359
184,660,0.07287927924045061
692,313,0.07287374845679785
962,1078,0.0728705940058858
144,58,0.07286747207799875
715,845,0.0728504512263266
715,1071,0.07284520029703745
712,1019,0.07282453918756868
715,1105,0.07282330119803072
1143,274,0.07282019058508656
184,61,0.07281508351985784
144,769,0.07281414669696694
577,1102,0.07281069732197562
804,5,0.07280850149110459
715,1121,0.07280394365812196
1143,304,0.07280052511307998
712,902,0.07280020230854867
715,296,0.07279692321747579
715,716,0.07279608288279218
962,1047,0.07279121336971874
715,880,0.0727911830436214
144,610,0.07278645194851266
843,518,0.07277717427731126
1143,76,0.0727771033018053
712,422,0.07277265134697979
2,227,0.07277205066045646
144,742,0.07277157041867345
146,1039,0.07277001574107574
712,45,0.07275716260057176
715,828,0.07275049158177006
1143,209,0.07275031609065702
715,213,0.07274495831169217
715,583,0.07274385853923179
778,590,0.07273863875186717
251,557,0.07273669593203093
1143,494,0.07273447032365185
1143,895,0.07273234958314995
692,196,0.07273102384667891
184,164,0.07273012729362255
146,1027,0.07272921472190706
1143,77,0.07272111905261007
146,563,0.07271901504472743
962,1146,0.07271608330671218
146,456,0.07271440151696015
146,708,0.07271358527076367
778,777,0.07270038444049685
834,213,0.07268697763846459
715,768,0.07268589815751067
715,441,0.07268383373648733
712,359,0.0726745901913993
144,118,0.07266176200659619
1143,864,0.07265777129099771
146,292,0.07264946539769121
712,589,0.07264593614278717
712,463,0.07264421418806039
712,108,0.07263770650789315
1143,647,0.07263579875247707
184,333,0.07262924020987178
146,912,0.07262326307595254
962,118,0.0726179694767104
1143,412,0.07261244619365456
962,71,0.07261178631164786
1143,540,0.07260793548669156
692,1084,0.07260120275984808
840,463,0.07260003700332579
715,632,0.07258275639740439
692,994,0.07258246543286326
834,575,0.07258051026838253
919,711,0.07257886745871703
712,212,0.07257653852118263
577,375,0.07257465512482586
1064,1109,0.07257434337308745
712,482,0.07257300661477838
2,984,0.07257053545649797
1143,613,0.07257001990306537
146,58,0.07256230201746852
712,131,0.07254802903462348
962,413,0.0725445356337444
692,777,0.07254100908993076
577,757,0.0725370191167523
712,736,0.07253035379044513
144,487,0.07252599741294735
712,100,0.07252550056734773
712,760,0.07251866335530041
804,857,0.07251606473450116
144,875,0.07251324665456202
1143,599,0.07251024000316333
834,50,0.07250613212470891
715,293,0.07250324335493474
712,792,0.07250223551803858
712,897,0.07249998112289908
146,385,0.07248601460495652
840,39,0.07248229793029716
1143,629,0.072482175172067
712,517,0.07248168465606424
577,804,0.07247858634979161
962,844,0.07247521959254326
577,38,0.07247505554452997
1143,508,0.07247497676324074
577,81,0.07247419395473544
692,875,0.0724737544468994
1143,927,0.07246541684926834
712,574,0.07244668893445792
944,252,0.07244434338053016
1143,2,0.07244129724425086
146,648,0.07244066479173085
715,956,0.07243562396991343
184,892,0.07242810830232045
715,240,0.07242728897452978
715,976,0.07240573707591651
715,920,0.07239982586136672
715,819,0.07239234710374937
184,610,0.07238843232684286
1143,899,0.07238698491217614
712,710,0.07238431522737211
804,562,0.07237938608188539
144,867,0.07237652693170127
184,163,0.07236413310909479
712,432,0.07234504775690279
1143,1061,0.07234413181974794
1143,276,0.07233676742683817
251,430,0.07233667302406199
146,942,0.07232821569947426
1143,1009,0.07232469079026589
712,304,0.07231416180250134
1143,63,0.07230984462203949
962,211,0.07229567412907668
146,113,0.07229304852241476
804,1160,0.07229135429731105
1143,520,0.07228837818626516
1143,747,0.07228780019576196
100,196,0.0722877562132517
692,711,0.07228549223664335
712,1040,0.07228393035235173
712,295,0.0722704198920248
251,769,0.07225216697668646
577,219,0.07224389279096206
778,215,0.07223724479795345
1143,142,0.07223302267346596
715,136,0.07222633218989621
1143,1040,0.07221642096645307
712,535,0.07220818303659056
840,68,0.0722041415877923
146,739,0.07219931844212839
1143,584,0.07219857946377098
356,164,0.07218114626733395
1143,57,0.07218088900063424
184,754,0.07217781975055419
778,994,0.07217336592884853
843,342,0.07217175572278534
712,296,0.0721716341432247
577,211,0.07216580404348051
295,625,0.0721590330131691
577,971,0.07215739749728074
146,961,0.07215494277855031
184,313,0.07215325602887292
919,883,0.07215278106367033
840,610,0.07214938094941019
986,1112,0.07214073703737178
184,791,0.07214032361884752
1143,993,0.07212704162723069
1143,531,0.07212011055546914
251,1131,0.07211977479199072
778,892,0.07211896387781433
715,325,0.07211613084858494
715,682,0.07210762046688439
146,729,0.07210601528752059
834,1023,0.07210577666223851
1143,800,0.07210009391885183
843,1069,0.07209940575237271
251,388,0.07209486960715938
251,469,0.0720933411655448
1143,601,0.07209002400147824
184,281,0.07208525537882075
715,1183,0.07208266356478
712,303,0.07208247956681615
804,528,0.07208190350159845
146,339,0.0720795515089024
840,26,0.0720787263670333
840,992,0.07207830000909861
712,846,0.0720766676844825
577,234,0.07205338962689681
1064,5,0.07204962232408572
715,1066,0.07204891155109736
577,722,0.07204775270206584
840,789,0.07204734045526412
184,726,0.07204149137576998
840,1195,0.07203709481085534
295,308,0.07203560230440868
1143,897,0.07202885527545859
144,1069,0.0720265988617387
715,75,0.07202501773126539
712,254,0.07202243910232276
251,198,0.07201593488413749
577,335,0.07200854362816474
144,1186,0.07200196378385718
577,418,0.07200186028603
1143,161,0.07200179658361668
146,573,0.0720004180601149
577,632,0.07199934755065238
919,110,0.07199146841250859
1143,251,0.07198899015312997
986,171,0.07198499204453124
577,93,0.0719826756665187
962,404,0.07197759522698036
146,781,0.07197523332043648
840,1172,0.07197424471478654
251,574,0.0719714253095304
804,1198,0.07196914726640949
715,729,0.07196659603874005
1143,746,0.07196457488309434
577,1022,0.07196059047052167
1143,502,0.07195730458177801
962,968,0.07195191185321964
778,636,0.07194953776114764
962,868,0.07194451650897812
712,705,0.07194353102507725
1143,845,0.07194143191974119
577,129,0.07193828706959506
295,138,0.07193824018085965
251,942,0.07193713381894241
692,726,0.07193656384597441
692,621,0.07192216160560684
804,1187,0.071921222454684
577,1128,0.07191806832444071
2,340,0.07191770400175386
144,1044,0.07191210779098116
144,478,0.07191167027194577
712,1192,0.07190981257888693
1143,546,0.07190135131433553
2,799,0.07188675396470705
840,1161,0.07187425711344192
840,183,0.07187412305848502
712,21,0.07187365203681381
715,66,0.07186733448881427
715,318,0.07186719361072916
962,1185,0.0718616719070594
715,697,0.07186092759965021
712,870,0.07185761198783659
1064,842,0.07184462840601206
962,600,0.07184169219359074
712,486,0.07184123764063198
715,1157,0.07184111422370812
577,923,0.071830578520842
712,835,0.07183019379958021
1143,316,0.07182474749558276
843,654,0.07182164697452482
1143,836,0.0718210526015865
986,1180,0.07180959603662687
715,102,0.07180378360030881
712,682,0.07178377343218319
356,1188,0.07177966751186354
715,193,0.07177644345650111
295,984,0.07177514478694462
962,1187,0.07176325560113646
1064,472,0.0717595097631226
295,237,0.07175949899479492
843,1060,0.07175133518214981
146,297,0.07175037462950382
146,861,0.07175013198697205
715,781,0.07174873282839164
843,528,0.07174679825455191
251,1090,0.07174584445902345
356,391,0.07174193829587071
144,314,0.07172076573808302
1143,1165,0.07171843657941412
715,239,0.07171523984936566
712,330,0.07171477540399314
804,1131,0.07171222504945018
712,576,0.07170692911536357
715,792,0.07169122784250577
1143,73,0.07168151690848291
715,251,0.07168027332946049
715,269,0.0716734036733138
840,196,0.07167288731129709
986,1144,0.0716677456532536
962,1006,0.07166704708754687
100,785,0.07166675719144111
1143,813,0.07166396093559867
712,128,0.07165752456307578
712,578,0.07165626432175949
144,149,0.07165183633560718
692,60,0.07164916004400032
715,70,0.0716488709694165
251,178,0.07164467944979701
712,599,0.0716445876800487
146,444,0.07164424034447153
712,772,0.07164404531006557
962,103,0.0716440077168314
715,98,0.07163817920046626
715,140,0.07162983605718833
692,122,0.07162744789390614
692,809,0.07162419362937715
715,565,0.07161848902281782
146,4,0.0716058572469094
715,319,0.07159886340757511
712,1129,0.07159697788818573
144,495,0.07159466687996874
1064,431,0.07159069167344793
840,802,0.07157534347954567
577,557,0.07157157581064902
251,754,0.07156991444562304
986,324,0.07155472253208722
962,487,0.07154794594590111
778,637,0.07154722919583355
712,67,0.07153846381270917
251,338,0.07153454310857335
712,207,0.07153201430992337
146,225,0.07152718660872066
577,297,0.07152692022529206
1143,484,0.0715253794490584
100,633,0.07152318091534965
1143,416,0.07151905972019651
962,918,0.07151884919247253
577,214,0.07151014556716394
577,680,0.07149941162467445
1162,1033,0.07149609914422145
146,421,0.07149227156322972
804,670,0.07149181324444147
778,973,0.07148095024704443
184,1069,0.07148059226470801
184,1120,0.07147961287335111
778,605,0.07146621758046229
577,392,0.07145903168131387
1143,185,0.07145798359488752
1143,539,0.0714442426513475
1143,709,0.07144409401891219
715,416,0.07143860390037655
1143,815,0.07143525624581627
1143,980,0.0714224697069173
804,1070,0.07142073415440107
251,841,0.07141334635590416
919,340,0.07140945883127711
715,763,0.07140825377645889
251,9,0.07140696755621923
1143,1096,0.0713943679781079
1143,782,0.07139356729262722
295,1201,0.07138500618723942
692,341,0.07137231169349903
843,223,0.0713713299721217
962,518,0.07137071390071084
840,497,0.07136938734007799
577,427,0.07136384434337727
251,621,0.07135716727073711
712,14,0.07135533100010562
712,1064,0.07135317901753539
712,112,0.0713507060488447
843,706,0.07134586544294398
146,587,0.07134512545187749
715,396,0.0713417072743653
804,1195,0.07134018215570649
577,20,0.07133859430285594
712,208,0.07133728165287535
146,136,0.07133642334660534
1143,641,0.07133285794645268
1143,367,0.07133240993423988
712,1001,0.07132662111015639
712,1038,0.0713259392298173
1143,908,0.07132558000989711
715,329,0.07131877432431334
804,344,0.07131838082419101
1143,656,0.07130709685138642
804,723,0.07129511488674048
715,767,0.07129346262447957
251,756,0.0712877049583796
251,658,0.07128628018437883
144,333,0.07127198151166482
692,1186,0.07126207289390152
804,687,0.07126061508281098
712,979,0.07125741431019371
715,1001,0.07125503413285589
100,346,0.07124982264520162
712,1039,0.0712372881434526
712,885,0.07123397922782661
715,643,0.0712331521437732
840,222,0.07123236947504237
1143,86,0.07122978148033486
1143,35,0.07122759688608721
1143,714,0.07122358161868862
919,1042,0.0712160191927757
962,658,0.07121118161278961
962,596,0.07120979750337794
843,169,0.071206897794885
251,587,0.07120640806765363
144,461,0.07119837459091416
251,917,0.07119471317566238
146,1079,0.07118150317301258
778,852,0.07117453155283347
919,654,0.07117161458963732
1143,938,0.07117023354972266
712,64,0.07116925204141099
1143,315,0.0711689488954175
577,509,0.07116675695552295
715,40,0.07116458905900909
712,59,0.07115272214092379
715,946,0.07115132786955977
692,342,0.0711476715465729
577,436,0.07114313948223261
712,910,0.07113119059650601
577,97,0.07112941702367546
577,1120,0.0711222929011396
144,273,0.07112145018723319
100,483,0.07111139690217627
100,283,0.07110391401640134
100,382,0.07109499057537016
962,309,0.0710897805634866
840,1097,0.07108789512128706
2,1055,0.07108605373555964
712,1105,0.07108568483710527
715,959,0.07108357817419404
251,475,0.07108303918637389
715,941,0.07107410041503631
712,1196,0.07106813606411422
1143,418,0.07106728277476078
843,581,0.07106310259285771
144,707,0.07106294298882347
144,231,0.07106205277954664
1143,387,0.0710578169671841
577,474,0.07105299760771404
715,1035,0.07105160499608597
251,408,0.07105031980252377
1064,698,0.07104389677121137
712,522,0.07103199101158893
715,617,0.07102422453264073
184,857,0.07102417807986013
577,141,0.07102202147389301
715,966,0.07101582406736974
715,137,0.0710106219629687
1143,749,0.07100979758802041
251,940,0.07100894748947817
715,870,0.07100828580343142
251,56,0.07100697039531792
577,750,0.07100518693203337
962,1120,0.07099671511314022
715,584,0.07099541936514424
251,901,0.07099157826766078
1143,96,0.07099040839332389
184,178,0.07098727426018858
144,497,0.07098464242586582
146,568,0.07098189673170253
1143,1121,0.07097896468304955
1143,838,0.07097660807084162
715,727,0.07097471929271675
146,985,0.07096839845502877
692,1192,0.07096586070504997
1143,614,0.07095883412292402
1064,973,0.07094175378226926
712,96,0.07094083323329117
715,975,0.07093976117291123
184,875,0.07093667925916512
251,461,0.07093581122444283
840,551,0.07093549049203643
715,773,0.07093419309815431
715,664,0.07093253665620153
712,399,0.07092714974425739
251,570,0.07092615147648915
184,215,0.07091860527812821
1143,1063,0.07090708433064402
712,166,0.07090635544345715
962,752,0.07090618583110787
712,968,0.07090589639621103
712,776,0.07089204512239221
1143,690,0.0708864907158707
146,564,0.07088150699942103
146,506,0.07087732271035645
1143,269,0.07086856195550387
146,922,0.0708671031898399
712,935,0.07086229505890818
577,124,0.07086175536323341
715,940,0.07085943264248754
715,891,0.07085886603399474
251,581,0.0708541556766812
1143,25,0.07085014967950151
577,399,0.07084408290631435
834,626,0.07083114063153333
251,231,0.0708270046311512
843,1144,0.07082385417337307
715,1117,0.07081726154496465
1143,385,0.07081691375814202
251,1029,0.07081461221354819
100,281,0.07080144410725582
715,336,0.07079675903902977
146,327,0.07079185453820945
146,120,0.07078509697929321
146,632,0.07078381886396919
712,840,0.0707810183066123
962,791,0.0707742089965089
1143,369,0.07076344778761924
778,171,0.07076200455798187
962,289,0.07075881316220999
295,1192,0.07075693439689333
843,994,0.07075586059833416
712,1048,0.0707541659787512
577,480,0.07075345180115944
9,139,0.070748812403614
962,116,0.07073923330662725
144,214,0.07073436057071221
712,484,0.07073312312631269
715,379,0.07073204086950266
144,196,0.07073111282555726
715,638,0.07073080679013731
577,624,0.07072710511757568
577,562,0.07072196901127055
712,318,0.07071993988163618
1143,1119,0.07071908254565264
577,321,0.07071697822819824
843,333,0.07071294491242745
1143,409,0.070712465536565
1143,361,0.07071058051379354
840,707,0.07070026173828596
1143,1200,0.07069452996273845
146,289,0.07069423668544084
295,202,0.07069272514006035
577,17,0.07068196801427062
1143,168,0.07067225558941553
577,824,0.07065743805659115
577,506,0.07065614682726236
715,585,0.07065602189914688
919,987,0.07065529175396801
962,1133,0.0706519408263095
715,73,0.07065082522226103
577,988,0.07065032305505761
986,569,0.07064438714621789
712,410,0.07064419267765662
715,233,0.07064369818824635
1143,229,0.07063954489308669
962,857,0.0706387437841925
712,567,0.07063500690501583
577,393,0.070634099322733
144,1160,0.07063205142602699
804,698,0.07063172082200869
804,731,0.07062772646536587
251,556,0.07062592733818805
184,169,0.07062299549296931
577,175,0.07062176853998259
577,556,0.07061988806815356
715,101,0.07061571231570551
712,1093,0.07061388272320188
712,858,0.07061110074159262
715,69,0.07060622733628126
715,491,0.070600218710957
1143,49,0.07059945636973285
1143,334,0.07058877630520177
962,403,0.07058274637421551
843,344,0.07058222280277394
184,994,0.07058205199266532
1143,1108,0.07057290687605641
712,959,0.07057290021220759
715,316,0.07057244576566073
1064,253,0.07056354802498116
804,68,0.0705550283631313
840,474,0.07055289446806833
778,164,0.07053799640054738
715,822,0.07053624061200862
712,943,0.0705342097786695
577,404,0.07053241281280194
804,1201,0.07053059004388715
715,955,0.07052731126886144
715,285,0.07052447730109564
778,609,0.07051613967282813
146,191,0.07050724676534822
146,555,0.07050268195408997
962,850,0.07048969221530889
986,553,0.07048484701812346
146,1003,0.07047720561684458
1143,1167,0.07047322875188568
712,133,0.07047055414591204
184,305,0.07046927881769521
919,1033,0.07046624175479282
919,154,0.07046549366686257
804,743,0.0704642966147117
778,1082,0.07045856505755693
715,1100,0.07045589000660446
1143,960,0.07045433573887744
146,1128,0.0704501214683181
184,917,0.07044826147840932
712,459,0.07044435792686436
1143,603,0.07044055309075617
577,779,0.07043684090176915
1143,21,0.07043566191647715
962,488,0.07043308678520474
715,74,0.0704288305618916
1143,1059,0.07042552547066
712,312,0.07042420301622845
692,904,0.07042318741251262
712,271,0.07041784752441063
1064,636,0.07041185118745244
1143,166,0.07040924853172324
144,440,0.07040683962721472
251,966,0.07040530353230502
715,464,0.07040460283659634
712,914,0.07040449439466792
577,1034,0.07040445325334757
715,1038,0.07039927273073435
146,1054,0.07039323019848857
295,1017,0.07038693264620453
251,339,0.0703767851046649
144,841,0.07036711494286244
712,441,0.07036650722784546
146,596,0.07036576736836159
712,836,0.07036185862719509
184,787,0.07035953228294557
840,341,0.07035829698439149
146,530,0.07035749423740197
251,707,0.07035142321019162
804,856,0.07034792606626646
715,885,0.07034355367520012
100,186,0.07033125383187648
986,474,0.07033117685624439
577,1133,0.07032583559117406
146,232,0.07032437703617322
577,809,0.07032416732770057
715,30,0.07032344924323473
251,892,0.07032250338862053
1143,688,0.07031903955449877
146,797,0.0703151868526769
715,1122,0.0703054828302112
986,743,0.0703029894359893
1143,22,0.07029908983261589
778,186,0.0702973128295301
295,171,0.07029670296635158
251,489,0.07028635054723642
146,333,0.07023707362311227
843,883,0.07023220408041768
715,484,0.0702285984790897
715,599,0.0702253157499672
1143,766,0.0702211327423487
146,1104,0.07022086688015512
1143,583,0.0702198213625168
146,553,0.07021668759744507
778,706,0.07020875705634655
962,149,0.07020271785361294
986,1017,0.0702008146140885
1143,288,0.07019559970183845
1143,391,0.07019534023373764
715,927,0.07019168544904947
1064,29,0.07018889921488458
715,898,0.07017957523284243
144,124,0.07017733283502248
144,1133,0.0701738331626118
146,807,0.07017272601213993
1143,330,0.0701676894324952
146,430,0.07016331428228847
144,1161,0.07016283515827759
184,415,0.0701620443394651
840,1058,0.07015975747174497
962,971,0.07015563703196474
712,612,0.07015144964338994
184,124,0.07014587692233085
715,1099,0.0701382007333561
251,124,0.07013423050193782
184,362,0.07012787101720296
1143,464,0.0701272339365134
843,291,0.07009351508874936
577,491,0.07009301367642244
1143,574,0.07009197893819527
962,514,0.07009029358107187
251,257,0.07008324593226854
715,391,0.07008266315401257
577,538,0.07007652552276723
1143,1117,0.07006844870719764
1143,48,0.0700665644264773
146,1185,0.07006629314989367
144,472,0.07006104443320318
712,794,0.07005048621958015
712,1122,0.07004853761799389
1143,651,0.07003655910672399
712,1020,0.07003576497290238
1143,720,0.07003345454419509
843,1195,0.0700314582832308
146,1006,0.0700306831506709
919,726,0.0700298154418694
251,902,0.07002864953747974
715,168,0.07002791118546857
715,871,0.07002742613324045
843,483,0.07002698580036258
184,214,0.07002599954609313
184,562,0.07002046248651912
1143,689,0.07001509004771543
1143,1196,0.07001489106630471
843,1097,0.07000920167834242
715,1054,0.07000097703483874
778,731,0.07000044037577965
251,551,0.06999678653152729
919,1192,0.06999452023918451
962,305,0.06997521455484092
146,299,0.06997045682954944
712,1025,0.06996903243690505
715,148,0.06995763506909286
144,257,0.06995469090070514
715,82,0.06993866374485733
184,852,0.06993299825788815
2,537,0.06992417991834586
712,505,0.06992231656499298
146,1150,0.06992071624889223
840,731,0.0699145244470962
1064,126,0.06991370453432681
715,31,0.06991341439351427
962,469,0.06991204774638426
577,581,0.0699119289586722
804,341,0.0699062459267449
843,881,0.06989790598341644
715,937,0.06989755511251455
1143,668,0.0698933294655063
1064,391,0.0698889118750628
251,313,0.06988875133949003
712,564,0.06988856286395458
1143,98,0.0698792041948093
144,169,0.06987856673972533
843,472,0.06987404894782769
146,1034,0.06986125114768002
1064,308,0.0698523408782403
692,984,0.06984672650545727
144,588,0.06984551496952773
715,931,0.06984449651724631
146,889,0.06984093187085164
712,831,0.06983810721668007
1064,569,0.06983493008251275
715,980,0.069824527304516
715,260,0.0698206408034413
962,58,0.06981763049829955
251,999,0.06981455688224383
778,253,0.06981090808980478
715,410,0.06980843804960149
715,11,0.06980461547391036
712,329,0.06979638689009825
9,227,0.06979545793772536
251,904,0.06979007728956442
715,690,0.06978936253399555
715,170,0.06978589485998174
1143,32,0.06977036361175175
804,1116,0.06976834492219405
144,789,0.06976786269794878
144,848,0.0697661959218962
1143,102,0.06976281234574733
146,1147,0.06973454868638171
840,273,0.06973030667366249
2,569,0.06972265170993186
712,1030,0.06972047793695822
184,625,0.06971947996752939
20,1179,0.06971468397458519
146,600,0.06971298728712935
577,53,0.06971075789387851
804,994,0.06970129775362696
715,784,0.06969855342987342
843,1133,0.06969758858602627
692,1132,0.06969678528166931
715,1140,0.06969631204616186
251,1032,0.06969106943892005
1143,34,0.0696886320132992
919,487,0.06968023182306272
144,26,0.06967994115688624
715,44,0.06967826495305497
1143,231,0.06967687168859979
715,519,0.06967213394012209
715,659,0.06967159126247559
146,352,0.06966772525577015
715,979,0.06966612349676343
712,804,0.06966243150372434
1064,235,0.06966231176626461
715,191,0.06965836631914567
146,391,0.06965667497776765
712,646,0.06965258546106602
834,886,0.06963894307480657
1143,498,0.06963885089282584
1143,847,0.06962571018710755
577,1047,0.06962434576881679
715,422,0.06962142630398645
986,222,0.06961884286363557
986,605,0.0696168223760275
251,393,0.06961502592711537
919,588,0.0696148764887581
251,488,0.06961104470093045
715,929,0.0696057633510802
843,495,0.0695971820659171
144,338,0.06959444205549381
986,60,0.06959278375455057
712,726,0.0695910940867402
577,149,0.06959042895214003
295,190,0.06959024632570346
712,292,0.0695848650599941
1143,136,0.06958218271737363
1143,1053,0.06957864811002969
715,81,0.06957864618768779
715,142,0.06957462456531065
712,911,0.06955894178649441
715,547,0.06955739004737137
146,400,0.06955445319418842
919,1171,0.06954288977830125
715,657,0.06953759893939196
146,413,0.0695318047265661
577,110,0.06952335424526568
712,520,0.06951402340106888
1143,181,0.06950940551950859
986,156,0.06950369227518395
712,1158,0.06950074119352252
692,1161,0.06949754093922075
715,522,0.06949536189505486
144,637,0.06949277263689374
778,1058,0.06948932448203264
1143,212,0.06947934609329368
962,268,0.06947566669664579
184,237,0.06946626187152564
804,29,0.06946487351498501
715,755,0.06946097632575156
146,1046,0.06945145414900578
715,922,0.0694494340548299
1143,935,0.06944792888986905
577,850,0.06944289049542844
1143,248,0.06943010211143874
804,60,0.06942670387288657
715,263,0.06942520692566528
1143,201,0.06941103460508044
778,475,0.06940852126495346
715,511,0.0694063857502193
692,453,0.06940510162087285
840,286,0.06938686247143946
146,526,0.06938504690358847
715,335,0.06938435504437625
843,196,0.06937872217554783
577,667,0.06937815273798917
1143,729,0.06937786060984541
712,820,0.06937312679792186
1143,858,0.06937171315156455
712,385,0.06936791024567422
778,355,0.06936430376061582
715,80,0.06936011733132921
184,338,0.06935606326829223
146,1161,0.0693474309961607
1143,745,0.06934482013573487
843,562,0.06934170043908876
712,871,0.06934100000058685
1143,445,0.06932744722664265
577,388,0.06932584481412436
146,1102,0.06932568094301843
840,1187,0.06932087536554825
1143,896,0.0693207794637549
184,218,0.06931761489147714
184,789,0.06931106972557917
1143,676,0.06930970102806659
1143,675,0.06930707400426663
1143,1178,0.0693034181087138
1143,886,0.06930109740172677
919,633,0.06930016900446086
962,1177,0.06929322899059599
1143,226,0.06928687123953416
804,1060,0.06927712335942474
577,697,0.0692551343449887
715,409,0.06924990761430477
577,352,0.06924859393930367
1143,521,0.06924040209857565
692,68,0.06923811890780597
840,397,0.06923673008521823
986,658,0.06923402570187244
1143,426,0.06922666700865034
251,514,0.06922041674349207
843,183,0.06921354247322567
577,1013,0.06920978947590548
712,237,0.06920686910791693
1143,1181,0.06920654175189384
962,1172,0.06920577119244645
962,509,0.06920533834322921
919,195,0.06920320205085395
146,328,0.06919038223070267
1143,106,0.06918936464421442
712,1006,0.06918817179706724
577,832,0.0691868055345917
692,518,0.06918009887401141
146,493,0.06917475717177705
843,1116,0.06917342997915163
843,355,0.06916912308050086
100,863,0.06916723100958376
715,192,0.06916592029050295
715,874,0.06915745241570347
692,883,0.0691365568053543
919,97,0.06912469068494795
986,723,0.06912177753408395
100,138,0.06912105167981193
1143,880,0.0691190716314681
251,444,0.06911664351143453
840,453,0.06911248951861584
778,723,0.06911111501540332
778,29,0.06910790417752757
577,1146,0.06909341239131045
712,764,0.06909299851765568
144,1097,0.06908468564713387
692,474,0.06907400337297138
840,300,0.06907219662407278
712,855,0.06906156110033358
715,1030,0.06905846051983326
840,877,0.06905658788712259
715,65,0.06905419010569527
715,430,0.06905360634472711
184,730,0.06905044590526595
712,335,0.06904904458391493
715,542,0.0690478959567841
712,191,0.06904788609425434
919,1187,0.06904556998553321
804,987,0.06904287676037234
715,369,0.06904284717267115
715,749,0.06904152623886353
712,119,0.06903960655207698
692,397,0.06903787691427486
1143,38,0.06903304377621768
804,126,0.06902750116315685
843,305,0.06901517180504482
146,1041,0.06901299997120598
144,1180,0.0690123319022791
144,731,0.06900748739333251
715,641,0.06900538995012927
146,545,0.06900452810581617
144,342,0.06900402898900726
919,1115,0.06900216899967686
843,29,0.06899964641824073
577,518,0.06899094360497718
100,1033,0.06898426501047578
712,678,0.06898410067424462
986,625,0.06897468451808886
715,261,0.06897462491573655
843,340,0.06895940218251313
840,1017,0.06895704330330824
184,856,0.06895603155330608
962,648,0.06895558088886494
144,754,0.06895467380248932
1143,1049,0.06895441768858762
1143,160,0.0689480841695323
1143,659,0.06894759213217744
295,693,0.06893564263861278
577,1029,0.06893309917686438
1143,524,0.06893108220264489
715,162,0.06893000153342044
692,639,0.06892200570419248
1143,992,0.06892019058411183
778,883,0.06891965388094869
919,380,0.06891934614389991
986,483,0.06890185678254025
715,780,0.0688890301717297
146,15,0.06888640366465304
184,590,0.06887772623265885
715,20,0.06887348830540359
715,1154,0.06887253711479854
577,1177,0.06887003010804167
804,195,0.06886659650791771
715,1173,0.06886136525689278
577,1094,0.06884245084206117
712,320,0.06884230237383128
144,883,0.06884222530178091
715,307,0.06882937946961001
715,981,0.06881128485540164
712,1027,0.06880151401701198
919,1083,0.06879619775423343
144,1084,0.06879292814882866
184,149,0.06878982741835547
715,38,0.06877380752430866
840,487,0.06876274242693918
715,505,0.0687589945678045
712,1035,0.06875576297513296
986,863,0.0687545565557143
715,376,0.06875100320186558
715,46,0.06874515934492577
1143,373,0.06872957532699361
834,479,0.06872400155209313
1143,1076,0.06871800276135624
712,1136,0.06871069658348776
1143,187,0.06870925479477748
712,873,0.0687084871331477
1143,694,0.06870820876262802
146,957,0.06870440597927358
712,236,0.06870154465787286
2,262,0.06870103256565166
712,732,0.06869924573428192
1143,1085,0.06869834508303138
1143,792,0.06869414694604342
778,195,0.06869322271262167
715,500,0.06869226935103966
712,220,0.06869124072642148
1143,1111,0.06868689803915273
712,893,0.06866941031343671
146,1124,0.06865613429036178
1143,854,0.06865570059011149
577,159,0.06865279421385022
356,398,0.06865271042350275
778,1198,0.06865014109388203
778,84,0.06864995982587169
146,1044,0.06863577444918217
692,222,0.06863558326981753
1143,970,0.06862982421392376
712,153,0.06862642567788994
1143,535,0.06862227223944047
184,497,0.06860701215756562
144,204,0.06860247110876967
144,1116,0.0685951885078773
986,456,0.06859476809675935
146,420,0.06858948397584243
577,868,0.0685887115285959
146,802,0.068588529449697
577,111,0.06858586342351547
712,1121,0.06857454728828562
577,71,0.06857438291446934
834,761,0.06857401828184695
715,229,0.06857374567557724
712,800,0.06857348390123477
804,183,0.06857044608333715
712,7,0.06856920844387682
251,867,0.06856610401938246
184,988,0.06856381666692739
840,973,0.06856033609803351
1143,931,0.06856031399445586
919,1017,0.06855757303559155
184,393,0.06855586070003582
251,757,0.06855169955569976
577,729,0.06854405546704585
1143,376,0.06854324089772919
843,286,0.06854269530089817
577,940,0.0685361714829842
577,1079,0.06853205672331628
712,758,0.06853099625052812
840,805,0.06852884923978358
1143,256,0.06852515294799826
843,273,0.06851478042682181
1143,507,0.06851354196867966
1143,767,0.06849683948394887
715,87,0.06849409880650846
295,340,0.06848970977069418
577,377,0.06848801364978636
986,842,0.06848777544968951
715,212,0.06848756089414988
843,281,0.06848032240247595
778,362,0.06847806995066173
146,505,0.06847674782058699
712,11,0.0684749877023876
692,321,0.06846789236804827
843,1058,0.06845753993765637
712,287,0.06845624986212398
840,1084,0.06845228369573694
144,761,0.06845058476128849
184,769,0.06844460406583136
577,889,0.06843332241606842
919,888,0.06842204390634969
778,341,0.06842080519822727
184,877,0.06841855485547471
712,1157,0.06841480660336743
100,541,0.06840516347901783
715,374,0.06840069085366249
144,463,0.06839204956787821
1143,1140,0.06837141268140572
100,340,0.06836806714775989
577,514,0.0683669896640627
919,1032,0.0683655065645982
251,436,0.06836260346990182
919,126,0.06835799966080441
146,1032,0.06835718812781658
715,1196,0.0683549767126741
2,139,0.06834801694739702
834,753,0.06834701122446414
962,204,0.06834151153502017
715,1029,0.06834062907772685
962,339,0.06833873962443827
834,371,0.06833632319332873
1064,605,0.06833519926018682
715,100,0.06833352368574279
712,159,0.06832844971838709
1143,133,0.06832841840734959
712,1007,0.06832809315636568
577,761,0.06832667363153667
1143,320,0.06832570055359048
843,474,0.06832243183753595
712,245,0.06831932304970939
295,301,0.06831923339909854
251,1070,0.06831836605476024
962,430,0.0683168818008121
1143,604,0.06831346047713478
1143,259,0.06831052817877681
804,472,0.06830039048104639
804,806,0.06829743102813268
715,611,0.06829432803345557
712,1100,0.06828228401242425
843,171,0.06828068380262885
692,223,0.06825543945595931
986,227,0.0682532569424761
834,1037,0.06824722210080783
715,517,0.06824317789711158
843,867,0.06823823269307841
919,1109,0.06823649650199366
840,590,0.06823609338274705
843,253,0.06821985082121168
146,537,0.06821952119497075
804,551,0.06820690278243283
712,35,0.06820059491283859
962,9,0.06819518890113342
919,138,0.0681889323675291
804,863,0.0681875804104289
715,150,0.06817910499036371
144,877,0.06817661025241091
692,244,0.06817171640641495
712,896,0.06816436431718231
712,481,0.06816329864885741
1143,912,0.06815146502661602
778,581,0.0681407198293171
1143,929,0.06813601529044831
715,1181,0.06813431837830908
251,994,0.06812749340945086
251,1160,0.0681266727473308
100,163,0.06812521593626475
144,355,0.06812319265718414
986,273,0.06811844593538965
712,749,0.06811213585096192
184,397,0.06810677538642432
692,291,0.0681055804897936
692,252,0.06810430072602813
840,4,0.06809646288002634
1143,228,0.06808907096759195
715,25,0.06808827860008028
577,348,0.06808218156708809
1064,706,0.0680814156454564
919,1172,0.06807850219419342
715,485,0.06807327441477015
715,85,0.06807090867787954
1143,433,0.06806786389785942
1143,1168,0.0680676523122279
146,556,0.06806743315076397
146,392,0.06806625713507819
184,992,0.06806534217308992
715,1148,0.06805846253780147
251,857,0.06803153227044477
715,120,0.06802662046343651
251,1042,0.06802538287452327
692,5,0.06802133787882868
1143,775,0.06800861088704434
1143,718,0.0680077562929751
144,994,0.06800687173140792
184,1090,0.06799760898881142
1143,997,0.06799715511087237
919,286,0.06798892246350156
9,609,0.06798869388677291
146,1173,0.06798018303926673
1064,95,0.06797262042770782
715,783,0.06797068471177041
692,785,0.0679691897531936
1064,301,0.06796826542122242
251,809,0.06796757860227423
1143,1036,0.06795932381275525
715,893,0.06795689872446678
712,744,0.06795409387355149
712,519,0.06795107893118849
715,1007,0.06794935207754432
1143,241,0.06794688188720442
144,17,0.067945623565319
804,883,0.0679367095463531
577,844,0.067934307577152
712,533,0.06792753096978903
1143,768,0.06792446321257418
840,1198,0.06792359167410794
1143,550,0.0679187174118295
146,404,0.06791759462924139
840,253,0.06791063251259165
577,946,0.067908198175665
962,860,0.06790573553346102
1143,353,0.0679049020264067
184,574,0.06790198186403461
962,610,0.06789994818133221
146,534,0.06789415807564239
843,1090,0.06789048285769106
962,124,0.06788930673186667
840,362,0.06788821741054248
715,385,0.0678874756082589
715,1005,0.06788450124655931
715,32,0.0678778716638445
251,305,0.06787330261192458
692,636,0.0678653688947395
184,4,0.06785652602656986
577,300,0.06785602441075042
577,1104,0.06784999472248265
712,985,0.06784760202139745
146,0,0.06783928005695783
840,687,0.06783621551465147
843,1198,0.06781792374694447
1143,1163,0.06781501835728905
577,24,0.06779478287753327
1143,140,0.067791393718816
712,360,0.06777986182617336
712,823,0.06777475253732394
1143,533,0.06777261874192551
712,784,0.06775972902671389
692,625,0.06775898216220068
577,494,0.06775620569249667
843,39,0.06775205859190075
577,1044,0.06774954068118588
146,1021,0.06774756292395707
692,215,0.06773862692623137
577,610,0.06773777055584719
715,157,0.0677329406669663
919,7,0.06773276922412672
144,218,0.06772278533045888
715,964,0.06772027147816138
1064,1172,0.06771984951213401
251,761,0.06771397569730632
577,173,0.06770989158218214
715,672,0.06770009107137233
251,848,0.06768449945870092
804,553,0.06768304956517056
962,215,0.06768125994652438
1143,139,0.06767366739090563
778,244,0.06766727330226695
692,1060,0.06766716945468831
184,421,0.06766671864943635
251,1116,0.06766595322896195
577,892,0.06766099374683655
1143,784,0.067647628672956
1143,213,0.06764558922542865
804,149,0.06763980298944736
144,4,0.0676370751191121
1064,324,0.06762885317266067
834,906,0.06762726991432602
184,1187,0.06762202843770115
251,1186,0.06761528062426926
251,297,0.06760414036854692
843,904,0.06759693698891878
1143,950,0.06759363212133376
144,797,0.06757913776246859
804,609,0.0675758224838675
146,336,0.06756688141990495
184,751,0.06754937022499578
144,966,0.06754799158271865
1143,522,0.0675454450170889
1143,760,0.06754519525113166
712,319,0.06753848957816912
295,998,0.06753690292262034
184,806,0.06753585953464984
1143,711,0.06752758780380502
577,942,0.06752508035982933
712,542,0.06752319853422148
144,1090,0.06750917925211879
712,350,0.06750248463070345
146,884,0.0674920391121368
843,149,0.06748475642268519
184,658,0.06748157300932196
1143,817,0.0674777292827543
251,500,0.06747362848135258
251,610,0.06747086301547403
1143,891,0.06746935400605625
804,222,0.06746379802742501
1143,818,0.06745863668383024
577,268,0.06745734955276929
962,1160,0.06745245260894649
1143,45,0.06744994074554031
919,661,0.06744740220771407
962,297,0.06744716598578646
778,806,0.06744500990233682
251,787,0.06744285641026676
1143,983,0.06743959557765607
1143,318,0.06743698178637787
919,730,0.06743442939069548
251,1044,0.06743277841751721
919,415,0.06743210456095342
1143,434,0.06743156044638947
2,466,0.0674314889207432
919,1132,0.06742308030634984
1064,859,0.06741682433500983
962,135,0.06741627774863396
692,138,0.06741342721351415
715,1008,0.0674091787313571
1143,763,0.06740485135113962
1143,1011,0.06740470355334237
715,808,0.06740219024570718
1143,1041,0.06740181114013974
356,639,0.06739922161428162
712,1200,0.067398329697275
919,854,0.06739767752515273
144,917,0.0673969900638869
577,834,0.06739542863627976
1143,358,0.06738581591154678
840,726,0.0673833693837694
840,324,0.06738267924556843
715,506,0.06738023226971275
712,1042,0.06737918718407927
295,515,0.06736447431480663
804,1144,0.06736031535219794
295,1164,0.06735608867901403
144,892,0.06734836588931259
712,491,0.06734393620876926
146,945,0.06733735922968499
715,358,0.06733310920071753
715,999,0.06732944818188391
1064,380,0.0673292207094249
1143,36,0.06732390881149194
919,631,0.06732057422725367
986,1198,0.06731828180854135
712,177,0.06731256042254725
715,1065,0.06730239638229642
2,1056,0.0672906373317269
146,301,0.06728997444125272
1064,888,0.06728793418813378
1143,350,0.06727164284547416
843,802,0.06727112483107638
715,1050,0.0672695576549904
804,751,0.06726800560121743
1143,467,0.06726540373794519
804,497,0.06726168156226177
962,1097,0.06725894847124707
146,780,0.06725663133591853
715,912,0.06724847214661377
144,590,0.06724652285695229
184,395,0.0672456364871822
146,5,0.0672377168153703
692,1187,0.06723596562680499
184,963,0.06723342341066779
146,844,0.0672328747143301
144,453,0.06723042780475116
184,1097,0.06721480872540536
2,483,0.06721304643922385
843,4,0.06720960031091772
251,26,0.06719768975899904
840,518,0.06717699062092429
1064,238,0.06716614629390298
715,394,0.0671648204664785
712,955,0.06716370308304918
146,607,0.06716011531985318
834,357,0.0671600367571919
715,640,0.06714975050857558
1143,622,0.06714840598999987
577,497,0.06714401517000777
577,1063,0.06714007204147242
962,234,0.06713231935680367
712,695,0.06710265344254976
100,1055,0.06710237700075403
146,579,0.06709035424830034
840,1109,0.067086102513347
804,300,0.06708227129238684
144,995,0.06707950161192884
834,1176,0.06707443341149275
144,787,0.06706702425378455
184,984,0.06706586082773368
146,326,0.06705233238776004
1143,933,0.06704929509561447
146,83,0.0670457405916792
295,903,0.06703031768476554
1143,417,0.06702976693653158
712,1184,0.06701646537133016
843,796,0.06700850511814918
251,988,0.06700332190932456
1143,493,0.06700306537581757
843,321,0.06700188162082514
712,1045,0.06699625803962755
692,91,0.0669939216603628
692,237,0.06698719959951012
843,26,0.06698688903546023
712,1150,0.06698144889758391
834,1202,0.06697889071975048
962,1201,0.06697672944073405
577,789,0.06697592504695832
251,214,0.0669668476270145
715,1046,0.06696418918932534
712,750,0.066963714715384
577,901,0.06695546075506484
1143,322,0.06695361732097345
1143,40,0.06694396291480581
146,287,0.06693680847557362
715,473,0.06693449495686284
843,60,0.06693093560160294
251,183,0.06692281482780232
962,892,0.06691787247237017
1143,1066,0.06691329599147676
715,779,0.06691209270112902
986,751,0.06690807026571405
146,338,0.06688851542553405
712,707,0.06688430904345918
919,984,0.06686829026213252
184,1058,0.06686640891970308
840,730,0.06686422395810666
715,916,0.06685601935251773
251,1078,0.06684378392139632
804,238,0.0668409758581326
712,1193,0.06683444045047626
804,541,0.06683360351287984
251,590,0.06681653758423034
715,890,0.06681031203832817
962,340,0.06679655285381203
715,821,0.06679460125700656
986,84,0.06679448759511365
100,1115,0.06678685534471536
295,477,0.06678537274199949
146,85,0.06678434142050023
251,868,0.0667837269465076
715,823,0.06678172829096429
962,362,0.06677838643344766
100,391,0.0667760216781448
1143,934,0.0667652698451133
712,822,0.06675534231078016
577,72,0.06675358864848971
692,17,0.06674715055181983
1143,744,0.06674667186952293
1143,1159,0.06674532718005055
144,215,0.06673932838737069
962,756,0.06673822563795315
962,797,0.06673003874790708
146,435,0.06671941034842777
712,920,0.06671698388534165
1143,626,0.06671535674930425
577,949,0.06671159173848876
715,760,0.06671111669838746
962,397,0.06669600427470747
144,881,0.066693040167646
712,539,0.06669204104942658
577,475,0.06668594457644497
577,444,0.06668217562934836
962,461,0.06668192698785158
712,150,0.06667923886475294
146,172,0.06667819679559006
251,1192,0.06667658102908014
1143,439,0.06667333615622466
986,924,0.0666492113460864
986,235,0.0666473555553871
778,26,0.06664285207444832
715,889,0.06663731362057446
712,473,0.06663558802291669
962,557,0.0666334380157559
715,535,0.06662326194174317
804,362,0.06662066380875822
100,456,0.06661962347736472
1143,438,0.06661787216133497
715,545,0.06661538826239667
1143,511,0.06661396117347725
712,238,0.0666082224597327
1143,780,0.06659657927271034
715,564,0.06659585183294617
1143,109,0.06659443529815416
840,5,0.06659307602330067
962,1195,0.06658531768223323
1143,1035,0.06658423339817243
804,7,0.06657626241930506
1143,733,0.06657613228794095
712,729,0.06657525315000384
715,117,0.06657508292750902
1143,814,0.0665718077639524
712,587,0.066569610759921
715,597,0.06656166805501511
986,497,0.06656105315720484
986,1116,0.06655881117679334
577,1099,0.06655794729046922
712,956,0.06655399552553962
962,1198,0.06655269437856107
184,1033,0.06655235358472908
840,987,0.0665462947863216
715,1168,0.06654475398877926
778,250,0.06653995792840503
577,254,0.06653739467064684
712,524,0.06653488686578016
1143,1067,0.06651975217484316
251,237,0.06651860284696748
715,686,0.06651481495523504
1143,650,0.06650806151316861
840,380,0.06650291571785727
144,313,0.0664999852253619
146,1145,0.06649721903550782
712,121,0.06649629112548133
712,76,0.06648460619625393
712,547,0.06647873167507286
715,717,0.06647829710466617
715,538,0.06647314568474652
577,748,0.06646654975728102
715,758,0.06645869942554354
184,204,0.06645447113637341
144,992,0.06645112312504572
1064,978,0.06644580118771572
919,324,0.06643595544478041
715,245,0.06643401005609416
715,90,0.06643343000349627
715,985,0.06643118374772036
144,785,0.06643095035493222
840,29,0.06642965727374733
577,707,0.06642542141413967
2,163,0.06641495497257725
146,257,0.06639651670594626
184,1116,0.06639567531982056
184,863,0.06639293843335645
715,1147,0.06639187088359441
100,380,0.06639130128963942
146,523,0.06639038025849427
146,189,0.06638846057611394
715,1064,0.06638485503599477
804,244,0.06637827579453773
962,515,0.06637082975138528
712,345,0.06636775863041754
712,1065,0.06635962351861703
715,750,0.06634923502819555
692,515,0.06634780353255366
840,1144,0.06634774886554523
184,854,0.06634394537663198
100,854,0.06634349123985048
715,295,0.06633953946544094
715,462,0.06633741713015581
146,857,0.06633314954701643
251,281,0.0663259004149572
778,154,0.0663194546108428
692,866,0.06631780589558234
715,957,0.06631637230918881
251,708,0.06631505432188882
986,532,0.06631277616164845
692,495,0.066311683245611
715,489,0.06631092215859213
146,135,0.06630970845042916
715,861,0.06629976168619463
712,653,0.06629703820079644
715,435,0.06629417297646452
919,515,0.06628821356378443
577,563,0.06628199304745297
712,438,0.06627924630544588
840,415,0.06627204445575116
251,588,0.06627125144118517
712,439,0.06625652866480254
712,93,0.0662481297969104
840,852,0.06624654168750482
986,321,0.0662450330366326
712,288,0.06624369937724513
184,1070,0.06624216239188016
715,96,0.06621191891816762
840,706,0.06619753085824769
715,968,0.06618775209268629
712,1066,0.06617326599725078
1064,186,0.06617065773695593
251,582,0.06616662962520825
577,488,0.06616553248000652
146,918,0.06616377462286793
1143,230,0.06616333686222682
577,58,0.06616120202632803
251,1069,0.0661602058374245
712,728,0.06615922718855745
919,1144,0.06615104657150024
251,218,0.06613674153698695
715,174,0.06612066093729731
712,905,0.06611778159709443
843,1160,0.0661125820886788
1143,14,0.06609248852144403
843,1171,0.06609198043113972
251,1120,0.06608758305564369
712,725,0.06608692492664518
712,264,0.06608159849229038
577,526,0.06607970585213621
804,802,0.0660732653123568
184,321,0.06607157319513761
715,360,0.06606605450944172
962,61,0.06606375726922328
715,769,0.06605904025644328
1143,266,0.06605764149339836
1143,405,0.06605540525273736
1143,137,0.06604532345307988
146,1047,0.06603677887003812
804,796,0.0660366347178444
840,510,0.06602790579358848
184,495,0.0660238412047719
712,15,0.06602104874924261
715,256,0.06602059980666813
843,215,0.06601687954645488
1064,510,0.06601423737523465
144,300,0.06601415079337586
834,1135,0.06601405277779501
715,275,0.06601008963160941
715,555,0.06600193481792598
100,1130,0.06598438489403409
1143,549,0.06597857957921864
1143,685,0.06597522574998213
1143,290,0.06595946611182539
804,805,0.06595430177409832
144,706,0.06595192384134475
144,305,0.06594839725631957
715,1136,0.06594686550682467
146,981,0.06594336167222026
251,660,0.06594163445918091
1143,359,0.06593162067350203
843,856,0.06592864243912001
840,1060,0.06592710343644988
692,654,0.06592433879572741
715,702,0.06591327186839373
1143,819,0.06591238439683186
834,663,0.06591085375988377
804,785,0.06590553021909291
712,25,0.06590147358224208
577,395,0.0659006003043457
692,751,0.06589342395234711
778,924,0.06589295571196006
778,541,0.06588557931263496
1143,816,0.06588445698668872
1143,764,0.06588244263981578
184,706,0.0658810081857648
804,407,0.06588048605090281
919,483,0.06588033385200313
144,1198,0.06587592793679081
1143,294,0.06587587182304805
715,678,0.06587487565741747
843,244,0.06586404369447531
1143,1027,0.06586230395379508
962,917,0.0658621237153025
840,796,0.06586090827069219
1143,568,0.06585579609210188
715,548,0.06584319700679951
144,806,0.06584158233458051
692,340,0.06584109330102508
1143,1048,0.06583585273498013
184,183,0.06583403387544272
146,873,0.065833634072521
712,81,0.06582898418153661
804,346,0.06582474266278969
712,1140,0.06582360162259446
962,39,0.06581749668879346
1143,153,0.06580957351488569
712,462,0.06580755737864978
712,1,0.06580307648315231
146,824,0.06579646515320016
712,953,0.06579617364817626
146,728,0.06579567322388002
146,756,0.06578426113637563
577,341,0.06577868435732512
715,105,0.0657620329131057
577,769,0.06573601916695153
962,637,0.06570204518589562
1143,1125,0.06568672338357244
146,345,0.06566558793862726
962,867,0.06566505210516062
1143,1019,0.06566466743838387
712,1051,0.06566031218404891
144,341,0.06565942663778289
1143,700,0.06565892387393377
1143,589,0.06565739246958716
712,1071,0.06564713934629746
715,653,0.06564517206717951
962,196,0.06564156363037102
843,805,0.06561352986252635
146,551,0.06559042181449089
834,41,0.0655828091332932
146,123,0.06558182035140867
715,1094,0.06557260364703438
712,945,0.06557007073110514
715,56,0.06556815681388417
184,122,0.06555752132216987
251,1015,0.06555083114976445
692,227,0.06554369981733883
715,312,0.0655397349782297
712,1005,0.06553855463674114
577,398,0.06553377449146629
778,380,0.06553095167776354
715,439,0.0655255742168878
184,588,0.06552361221471001
146,461,0.0655227483211685
146,495,0.06552159321132175
184,1032,0.065511897349773
251,149,0.06550689812767403
715,840,0.06549642704607
712,1182,0.0654872149022281
577,999,0.06547913494224525
1143,74,0.06547544503044364
1143,1158,0.06546864149985729
146,116,0.06546755517206201
962,169,0.06546715342642734
577,500,0.06546495526170244
804,799,0.06546357197012664
2,1112,0.06546151625673852
962,156,0.06545494765278707
146,162,0.06545383439795123
1143,893,0.06545325798813452
712,376,0.0654508888064677
577,198,0.06544853364641048
712,733,0.06544777968180139
962,183,0.06544439069289718
712,1135,0.06544196775245568
715,132,0.06543859638176028
1143,67,0.0654331637008233
843,625,0.0654285678952569
577,566,0.06541718934714884
251,1146,0.06539987193961917
715,1189,0.06539718956505965
840,541,0.06539662851023731
1143,457,0.06538396640931608
1143,871,0.06538338641344257
712,830,0.06537011497392603
715,896,0.06536239813553706
577,1060,0.06535854717129884
834,615,0.0653506374894329
986,1032,0.06535004924731405
251,61,0.06534983586523917
986,883,0.06534769092082314
715,258,0.06533880007457266
712,471,0.06533817351724414
146,752,0.06533493836758043
1143,566,0.0653250943728858
715,299,0.06532120391342834
2,237,0.0653210782909608
712,803,0.06531045845692474
577,840,0.06530667012097095
144,777,0.06530486896295876
1143,828,0.06530178957459276
843,806,0.06529171777580042
1143,192,0.06529053042912972
1143,657,0.0652852574578521
144,751,0.06528134319132317
712,603,0.06528131486256641
715,381,0.06527439440334536
715,292,0.06527370438093363
962,1032,0.06526819941585421
712,958,0.06526358713275097
1064,383,0.06526234876124973
715,438,0.06525815928630506
712,194,0.06525416318669766
715,206,0.06525270201964492
712,925,0.06524830705610907
692,1033,0.06524661632289233
715,574,0.06524477785900436
962,1090,0.06524097080711105
577,995,0.0652389545526807
251,238,0.06523211628686931
715,837,0.06523148078998389
1143,561,0.06523117484665071
146,478,0.06521851904528503
184,244,0.06521507799764807
1143,255,0.06521215480998546
715,995,0.06521028525746331
962,754,0.0652060197861526
962,570,0.06520288622355021
577,930,0.06520141479506682
712,683,0.06520086463522358
144,562,0.06519909599173922
919,998,0.0651985500042157
146,286,0.06519380645533304
146,169,0.06519289918783978
962,26,0.0651884208254211
715,507,0.06518726904654945
962,751,0.06518431039685431
778,796,0.06518078486826011
692,355,0.06517650455708514
1143,354,0.0651739989794131
804,637,0.0651731474843888
840,17,0.06516802640530661
843,1180,0.06516409235850454
1143,240,0.06516368839531848
962,1131,0.06514704990703682
251,814,0.06514642897526857
1143,69,0.06514212246675838
962,342,0.06513970028812355
843,636,0.06513693901452522
692,97,0.0651343756755883
715,740,0.0651308156518327
804,154,0.06512896401851054
843,987,0.06511283533788649
712,1099,0.06510921480288095
715,928,0.06510629398683382
295,1118,0.06510584200089711
1143,739,0.06510480045574543
962,431,0.06509775001053855
834,773,0.06509125472619806
577,911,0.06508899549654436
712,197,0.06508667568875204
712,984,0.06508377590820018
100,634,0.0650677532018626
1064,1188,0.06505191271207951
1143,753,0.0650411436898231
1143,1018,0.06504048085168247
778,1160,0.06503696853390384
962,68,0.06502734575256407
692,802,0.065016736752497
804,215,0.06501507552713999
1143,717,0.06501009079830489
715,354,0.06500840215933641
577,420,0.06500690285547683
1143,0,0.06500653794361748
919,122,0.06499139454054342
843,235,0.06498720619958465
1143,70,0.06497783834991842
715,1102,0.0649718948028732
577,660,0.06497099180954596
778,91,0.06496256966905166
804,1169,0.06494329043161133
712,808,0.06493799680734
834,389,0.06493611448975684
251,169,0.06492489294055294
715,427,0.06491975970089991
1143,94,0.06491947398279488
712,327,0.06491819366833762
146,459,0.06491791523395209
840,378,0.064914126070094
712,466,0.06490942514701516
840,154,0.06490612949537303
184,1195,0.0649009289168188
778,383,0.06489609577135202
712,40,0.06487680880125091
986,250,0.06487487926414984
962,1069,0.0648660223821804
251,706,0.06486594278059117
692,324,0.0648610985872204
712,976,0.06485640331900452
712,699,0.06484013193338638
251,204,0.06483648452113304
986,510,0.0648351333478979
715,1013,0.06483385898678184
778,60,0.06483253080835535
146,1069,0.06481900207791952
962,23,0.06481844301368402
715,220,0.0648080151313196
1143,1073,0.06480647352993452
184,654,0.06480040375015171
144,183,0.06479895481615705
834,619,0.06479431388564764
715,947,0.06479043979135062
834,176,0.06479027488412316
840,1032,0.06478089710541123
962,863,0.06478009403880586
712,256,0.06477710614462139
712,405,0.06477118572519179
843,588,0.06476973867914178
840,859,0.06476894855363163
1143,479,0.0647669660795784
184,227,0.06476379984087367
712,912,0.06476141490030403
1143,840,0.06476059504654363
577,902,0.06475415434910162
715,79,0.06474982819869132
577,469,0.06474770725558672
577,708,0.06474438910082199
577,785,0.06474052205612643
962,393,0.06473861173572806
962,91,0.06473739600809288
1143,261,0.06473274487439562
712,38,0.06473097556383123
144,901,0.06472820188073498
577,587,0.06471558924329011
577,811,0.06471442884675928
712,579,0.06471153850600306
919,344,0.06471070606619204
146,1015,0.06471064802846609
1143,193,0.06470998018067843
144,281,0.06470903431067201
1143,285,0.06470722047810423
146,1152,0.06470528200382536
146,809,0.064700492029645
1143,910,0.0646979045517277
804,789,0.06469650369961412
834,361,0.06468929055969132
804,1172,0.06467514586276354
251,355,0.06467145030662294
712,2,0.06467004251873076
146,769,0.06466855347405416
1143,249,0.06466544942212071
1143,449,0.06466091773955823
1143,772,0.06465706444307442
146,375,0.06465456307626127
1143,131,0.06465392280084324
251,135,0.06464277994957111
715,53,0.06464187674727838
1143,11,0.0646366952870279
712,55,0.0646273132299925
919,1179,0.06462687937589921
843,1032,0.0646141698005319
715,1170,0.06460822307227451
986,195,0.06460309864481063
778,1017,0.06460275044320647
715,1039,0.06459959791264716
804,398,0.06459560684601508
712,46,0.06458272352038283
184,91,0.06457718674835791
715,413,0.06457640245948673
715,533,0.06457229183447129
577,223,0.06455486856373706
146,860,0.0645529994185361
843,1109,0.06454957262965053
1143,108,0.06454680856733222
1143,872,0.06454567556442957
184,777,0.06453443856208137
356,609,0.06452439180485565
778,1109,0.06452067449307729
715,996,0.064514041530638
715,1034,0.06451088972920041
962,562,0.06450793977848553
804,1017,0.06448674821277602
712,874,0.06447707343502583
184,805,0.06447433213176199
919,1201,0.06447326166507379
1143,991,0.06446704724288788
1143,1031,0.06446468468886389
577,582,0.06445900300466331
715,1051,0.06445468433830902
778,802,0.06445430612201958
834,741,0.06444996861119054
712,500,0.06444811231704906
804,235,0.06444800880621282
577,68,0.0644373317901596
715,405,0.06443388313666415
715,826,0.06443357765867387
251,300,0.06443054796116462
840,252,0.06442357662727356
712,889,0.06442168151870173
834,1062,0.0644184856347615
577,805,0.06440575983940898
100,594,0.06440148798779573
1143,544,0.06438454128980467
184,711,0.06437938601574615
100,639,0.06437591185524358
712,136,0.06437526638702139
1143,870,0.06437056034083552
804,852,0.06437008487176667
715,1151,0.06436804720352646
712,460,0.06434562866458346
2,765,0.06434312182710135
834,692,0.06434206798477832
1143,607,0.06433794985222126
577,188,0.06433624577709854
778,1132,0.06433387646496183
577,523,0.06430476058081587
712,975,0.06430144138619251
715,279,0.06428966978468678
712,336,0.06427918429242964
962,456,0.0642732651287802
184,29,0.06425844732900045
712,120,0.06425168475945522
919,237,0.06425034703977213
834,437,0.06424864808446676
1143,877,0.06424139755588959
251,487,0.06424012458856823
184,472,0.06423693050913717
715,257,0.06423449075250744
251,670,0.06422803771266265
184,1171,0.06422133409302183
712,309,0.06422111934638364
1143,1099,0.06421666969383585
251,223,0.06421636782025737
962,1174,0.06420546027514273
100,398,0.06420291984629971
715,424,0.06419628769649428
1143,81,0.06418829034675778
962,1180,0.06416950550033587
1143,1039,0.06416833846646049
840,7,0.06415491831624229
843,300,0.06415382858189257
1143,740,0.06415354814751276
577,1154,0.06415300047202527
1143,325,0.0641406086826248
1143,776,0.06411623776798184
577,1198,0.06411062294315896
712,606,0.0641037493101461
251,562,0.06410082488929404
295,483,0.06409341669980888
1143,701,0.06408733853535309
1143,937,0.06408713531182587
577,1083,0.06408692646865524
715,1,0.06407820101669176
692,284,0.0640764132105624
804,903,0.06407357669178997
843,204,0.06406639218645717
144,723,0.06406269265606722
715,586,0.06405445919039762
712,1050,0.064045911409681
146,453,0.0640452291043889
715,925,0.0640445013439341
295,456,0.06404014328339842
1143,921,0.0640306528740538
804,164,0.06403025980394192
144,726,0.06402409258604638
577,1097,0.0640229381549535
715,1166,0.06400028910249426
715,454,0.06398485766318365
712,509,0.06397953742505989
577,966,0.06397511474790366
715,1107,0.06397263439308083
715,232,0.06396729764053997
1143,620,0.06395776923457645
986,637,0.06395639536246621
1143,1045,0.06394365678030292
251,1171,0.06393232530670435
577,158,0.06390231774955143
840,321,0.063889961912911
962,186,0.0638847326359712
712,686,0.06388277558796354
834,977,0.06387959739802265
715,188,0.06387914979451358
715,481,0.06387762680043894
715,752,0.06387752949813663
834,1149,0.06387619653323186
715,944,0.06387516773295998
712,1013,0.06387503129786903
986,475,0.06387305797211175
1143,275,0.06386941999808238
715,1042,0.06386374357201004
715,1142,0.06385514306757743
712,1183,0.06385370674821177
712,258,0.06385276363617193
715,356,0.0638449800695252
840,888,0.06384044328181486
577,756,0.06383662669758564
184,60,0.06383564133235924
712,685,0.06383151238887806
1143,384,0.06382536604186016
1143,177,0.06381713546436725
146,156,0.06381261598463106
712,189,0.06380124943369522
962,904,0.06380073279626067
715,1041,0.06379874961910284
715,377,0.06379864122693152
962,777,0.06379758821680406
1143,1093,0.06379708221250667
834,88,0.06379501878420916
715,1020,0.06379391546696299
919,163,0.06379075691336243
251,1084,0.06379025243648631
712,641,0.06379005205446475
1143,1138,0.06378895867683834
715,1004,0.06378654624508678
712,593,0.0637822862482666
184,904,0.0637746839056157
986,383,0.06377262679394596
1143,379,0.0637699308221813
715,1185,0.06376853027040576
692,806,0.06376612485471059
692,126,0.06375506288735687
712,157,0.06375171948605082
1143,455,0.0637512642447751
146,309,0.06374850466611337
843,515,0.06374207337485008
1143,258,0.06373598961853903
834,386,0.06372498320131201
251,992,0.06371818894349929
804,324,0.06371728075208853
692,1083,0.06371113503327067
577,309,0.06370027566712606
184,26,0.0636887229539158
715,268,0.06368426815467293
919,903,0.06367342110656932
712,434,0.06366026040692173
1143,197,0.06365078785157867
715,818,0.06364055692160413
1143,1001,0.06363734270667563
2,452,0.06363318350002714
1143,1156,0.06362205078333746
146,654,0.06361395770089802
251,1180,0.06359487643341145
712,368,0.06358647493924166
251,68,0.06357798413819328
712,90,0.06357406092016325
843,91,0.06357367264098028
840,171,0.06355455301694427
146,730,0.06354493675440566
1143,55,0.06354373377826295
577,324,0.06354318644910603
834,627,0.06354271928537658
1143,526,0.06353893234153732
100,378,0.06353510565414769
715,219,0.06353220503070757
144,395,0.06352994982122796
986,594,0.06352312393947376
1143,51,0.06351992664563855
251,333,0.06351916148207938
100,301,0.06351862050997156
715,1162,0.06351406641311369
715,711,0.06351335354696817
146,110,0.06350992223353408
712,375,0.06350601896712657
144,625,0.06350491356737589
577,204,0.06349975978328201
144,321,0.0634985122700715
962,478,0.06349500492308192
715,667,0.06348565455731082
715,960,0.06348452000842106
962,348,0.06348152638508542
1064,637,0.06347557096065125
715,509,0.06346796883684633
184,1180,0.06346707315956912
1143,469,0.06346414783797019
144,39,0.06346255947561048
2,122,0.06346059307730029
715,197,0.06345760459579804
712,1162,0.0634571204503659
804,998,0.06344950313834295
577,981,0.0634457410934473
962,528,0.06344292484534339
1143,368,0.06343382424973053
715,666,0.06343378769478793
962,436,0.06343163548957344
715,330,0.06342637046500066
184,238,0.0634252504881069
1143,1122,0.06342025503650614
577,178,0.06342001318726359
834,206,0.06341736305792908
834,527,0.06341194597562369
1143,565,0.0634094471144462
1143,100,0.06340770590935763
778,324,0.0633983894249355
184,475,0.06339560998056458
100,530,0.06338879086146698
577,994,0.06338066768578138
146,660,0.06337325273298168
1143,732,0.06336327428080152
712,143,0.06335451017724086
712,328,0.06334023485336089
577,600,0.06333919938919175
144,1098,0.06333655068961361
712,655,0.06332440442532451
1143,953,0.06332383809538417
100,973,0.06330796667341651
146,428,0.06328919723044726
834,140,0.06328574398648906
577,1152,0.06328420049579427
251,968,0.06328283543453686
295,122,0.06327809837607516
715,242,0.06327521211245068
1143,682,0.06327274763685815
804,378,0.06327190808535763
778,998,0.06327027873364383
712,172,0.06326215164613228
184,68,0.06325668926290236
712,211,0.06325320203924757
715,512,0.06324925343167544
184,344,0.06324346945862666
962,1055,0.06323551785619687
146,610,0.06323162600895006
715,709,0.06322069758768412
251,235,0.06322061552644322
251,1091,0.06319153628213262
100,1098,0.06317799874825279
577,1078,0.06317022654722634
100,452,0.06316852447354995
986,1109,0.06315915174051928
251,881,0.06315587905507616
1143,119,0.06315134616941777
146,103,0.06315072069920676
715,363,0.063138673366007
295,1028,0.06313388172317527
1143,245,0.06312876040387765
1143,395,0.0631263147120679
1143,1151,0.06312315404090033
962,731,0.06310551610698972
184,483,0.06310518057150596
712,370,0.06310420751329178
184,39,0.06310188618291918
843,1132,0.06309287526938002
712,779,0.06309130486610942
1143,194,0.0630888465714677
146,777,0.06308842074102523
843,138,0.06308505094412549
962,497,0.06308329704918426
1143,571,0.06308230169370305
712,356,0.06308208200027243
251,440,0.06308129431103529
962,796,0.0630780655089885
146,1169,0.0630756994031738
692,39,0.06306413592312486
295,163,0.06306077590599748
715,902,0.0630574278977386
295,842,0.0630501127325319
712,363,0.06304964970047817
184,235,0.06304940604133209
986,1083,0.06303488878645559
1143,437,0.06302823518783025
962,395,0.06302732312392266
692,383,0.06301382335816866
1143,42,0.06300597996440882
715,1018,0.06300261257623624
692,963,0.063001225782926
1143,110,0.06298343271326566
1143,811,0.06298199996009665
1143,175,0.06297769831010512
712,947,0.06297521719270163
834,500,0.06296888028153046
840,1179,0.06295660684889547
712,314,0.06294983221077041
840,785,0.06294755110144533
804,17,0.06294463723535705
712,999,0.06294304672439736
712,12,0.06294220349260583
712,507,0.06294096295849791
715,121,0.06293941610068313
715,399,0.06291735234365972
712,443,0.06290427761296749
715,395,0.06290064965913468
692,1169,0.06289617260620373
834,54,0.06289581703831819
144,244,0.06287989760192908
1143,31,0.0628777843703991
712,506,0.06285701006145639
778,5,0.06284249308872597
577,118,0.06284154876950668
834,894,0.06283327767004078
1143,162,0.06282804248684434
962,809,0.0628213528153085
144,431,0.06281528773714208
144,238,0.06281465711491865
986,765,0.0628123253381084
144,852,0.06280841798079732
577,596,0.06280799201551826
577,588,0.06280363126830545
184,881,0.06279246366821228
712,957,0.06278104031166798
146,1144,0.06275399229166136
577,1116,0.06274349784817763
1143,820,0.06274206911791846
1143,941,0.06273997154424406
692,421,0.06273604651372386
1143,885,0.06273131923054559
251,796,0.06273124975315214
778,515,0.06273040443192349
1143,199,0.06272397518369892
804,605,0.06272262573545866
712,511,0.06270450890741826
715,790,0.0627026284651381
834,629,0.06269440709922701
1143,125,0.06268780134346386
577,61,0.06268351867947002
1143,822,0.06264804394477998
843,731,0.06264211384161056
715,173,0.0626409454774077
712,349,0.06262655012082703
843,609,0.06262385008134373
146,395,0.0626195087356153
144,23,0.06260353648544031
144,362,0.062586170647846
778,799,0.06257969758488394
840,984,0.06257541830210558
715,305,0.06257105210104369
715,873,0.06256490418274994
1143,678,0.06255858186779584
715,714,0.06255508272770315
1143,220,0.0625547630050256
1143,794,0.06255248834957472
840,605,0.06254875466147719
146,570,0.06254647773409655
144,863,0.06253910815164564
715,977,0.06253428504862771
804,973,0.06250678181460806
146,1146,0.06250356359446509
804,196,0.06250051666515404
986,998,0.062493144463739915
919,719,0.0624913562013623
577,1180,0.06248964358071921
184,551,0.06248180391011602
712,680,0.06247990685141532
1143,728,0.062477999580387016
712,608,0.062468662076494444
834,630,0.06246626441647669
712,937,0.062464344883538754
712,79,0.06246178575321963
840,625,0.06245853827999337
184,802,0.06244467418528546
100,252,0.06244302958475048
840,398,0.062436696101593324
962,344,0.06242625540082443
715,12,0.06241533239954764
295,553,0.06241220333371356
712,1079,0.06240462271759414
251,637,0.06237616812445371
834,882,0.06237163627137068
715,461,0.06237046805143685
577,528,0.06236816201232656
834,1085,0.06236714877528833
1143,542,0.06236430761866049
144,658,0.06235987682028564
962,805,0.06235739308469065
962,291,0.0623565687401397
1143,606,0.062339291213232464
715,204,0.06233560807238082
919,95,0.06233131448108901
1143,1084,0.062319537861672034
919,743,0.0623125936211824
1143,759,0.06230838104779382
184,273,0.06230222122052705
251,789,0.0622993609662089
146,532,0.062293565204353196
577,26,0.062290239023627694
100,224,0.0622844955684928
184,636,0.06227653193139713
715,814,0.06226495858032425
146,7,0.06225834626535222
712,964,0.062256955087653526
692,987,0.06225354769201358
834,644,0.06224495456113267
834,1137,0.06222988836119054
962,588,0.06222934368361859
692,795,0.06222517854051916
712,755,0.06221870021569093
919,171,0.06221688178819967
1143,1149,0.06221560774117955
184,1198,0.06221354146395915
692,1032,0.06220586468463917
712,247,0.06219842660021953
146,1091,0.06219259480587813
715,59,0.06218920542768627
712,420,0.0621843674561991
840,1130,0.062176621439109916
834,411,0.06217117100618992
712,269,0.06216601220848873
712,981,0.06215931097706349
144,415,0.06215597903193626
1143,586,0.062154110195424106
712,1033,0.06215285402999085
840,698,0.0621466614183137
184,1112,0.06214491509679508
715,988,0.06212992386072967
577,1160,0.06212990316000291
715,104,0.062129709872119625
577,215,0.06212795620642883
146,1171,0.06212684785622217
712,66,0.06212620219542886
1143,1193,0.062124405902458324
840,1033,0.06211595862193799
251,415,0.062115818114396024
834,747,0.06211265217668217
843,5,0.06210561821931454
962,875,0.06209748632027624
577,1003,0.06209318682030179
843,785,0.06208696564374937
712,930,0.06207534429082416
146,452,0.06206443739722915
712,490,0.06206057347360932
577,883,0.06205259971686428
1143,835,0.06203837454983463
1143,635,0.06202735078280745
146,314,0.06202728544316252
712,735,0.06199847418725783
712,1095,0.061983249818811
1143,121,0.0619829104219669
712,105,0.06197718177433542
962,789,0.06197418075562591
843,1055,0.0619686097563597
962,474,0.061968096230739345
986,1098,0.061963064003510045
577,472,0.06195384002400967
715,238,0.06194140313948649
715,606,0.061939088646104916
144,68,0.061932372575905274
715,15,0.061931510381029405
1143,513,0.06192576124482304
1143,979,0.061924047181989524
778,510,0.061921849512338034
1143,363,0.06191759887965603
1143,956,0.061915418747818494
1143,13,0.06191517055655594
1143,328,0.061912594699253864
715,830,0.06190798129203267
577,1,0.061906966460397825
712,597,0.061893363924800576
251,186,0.06188986178077771
804,1098,0.061881669441404503
1143,360,0.06188037617674725
804,795,0.06187636734904949
834,745,0.06187572999215239
715,735,0.0618691279126037
144,581,0.06186724560695754
834,701,0.06186421854313926
184,223,0.06185870499677997
986,1058,0.061846757878440364
146,1097,0.061841559644831956
577,787,0.061824596296888655
1143,80,0.06182351827687715
712,381,0.061817178470146575
962,273,0.06180157260175515
251,17,0.06178211128867796
577,351,0.06178024952797237
577,489,0.06177074557188838
962,621,0.06176742076608188
712,454,0.06176567735007394
1143,683,0.0617569216805753
712,814,0.06173511566500496
712,63,0.06173277768763596
1064,795,0.061731476874085305
778,743,0.06172509521471195
144,1187,0.061710867062762936
715,771,0.06170404024962918
577,777,0.06170332445563947
577,1006,0.06170239307430863
692,841,0.06169679604520218
804,202,0.06167177087789885
778,321,0.0616714802173848
184,284,0.061670830274984406
1064,1118,0.06166759840584279
184,126,0.06166622241848856
144,636,0.06166422657544609
840,466,0.06165945961081982
146,987,0.06165154470740101
712,423,0.06165092788207665
715,277,0.061639360328665856
251,244,0.06163509740281169
692,687,0.06163049777740616
251,1172,0.06162423987816951
251,726,0.06162210946329942
834,559,0.06161943322460908
100,97,0.06161903985944746
251,852,0.0616139331290605
144,1033,0.06160410067930657
715,247,0.06159472845884249
184,541,0.06159275156912098
251,1187,0.06158492642302001
692,723,0.06158070262671643
184,291,0.06158018538000089
962,1186,0.061569421856893826
251,654,0.06156522846471551
577,780,0.061564050370568446
144,984,0.06155572193524663
577,1057,0.06154500096202982
146,234,0.06151911804056897
834,476,0.06151719605341567
712,949,0.0615154057181798
144,475,0.06151052574559735
1143,674,0.06147636829171958
577,1098,0.0614752806507204
834,770,0.06146541388294152
715,1194,0.061464300372053096
1143,810,0.061461577002242945
712,877,0.06146032418977291
184,1172,0.06145792348230388
715,685,0.061455742660324365
715,568,0.061453814475633674
840,552,0.061453273818246286
146,868,0.06145125077602278
1143,975,0.06144831310980783
144,1060,0.0614476620621534
144,344,0.061432759708023525
251,877,0.061432025594727435
715,458,0.061426163079308156
692,29,0.06142131513798863
712,512,0.06142102677255594
715,490,0.061410518130457156
184,300,0.06140832069265023
715,761,0.06140701709302518
251,1185,0.06138687066158105
715,1077,0.06138437662359619
1143,1183,0.06137038610745504
1143,1052,0.06136962577160632
962,1171,0.06135539819170738
184,474,0.0613423228255671
962,338,0.06133579113095134
146,1186,0.06132170078869825
251,344,0.06131710535652388
146,173,0.061309456431686844
778,1002,0.06129177647752508
715,350,0.061291602954313594
712,969,0.06127466639887791
146,188,0.061270146653099024
1143,790,0.06126172219908311
146,557,0.06124106719145374
1143,157,0.06123383949480804
804,475,0.06122446959620809
715,911,0.061220526586465214
712,1110,0.06121921354946749
251,777,0.061218674986695296
712,536,0.06121834773514335
712,354,0.06121780259711298
1143,104,0.06121373576283846
100,1028,0.06120727145300788
295,532,0.06120374843210567
715,567,0.061194620895770546
1143,1170,0.06119334844370715
715,942,0.0611928605063748
843,1201,0.061184992849413256
843,164,0.061182738279877344
840,883,0.06117813288460128
184,466,0.06117450612983225
295,569,0.061155203786256614
1143,422,0.06115481283728172
577,1084,0.061150512997631315
1064,1083,0.06114314385955373
944,866,0.06112274268356975
1143,381,0.06112058659779393
715,526,0.0611197349569209
146,1174,0.061119512543807965
577,9,0.0611087179362859
715,339,0.061107059231175376
144,654,0.06109273923582467
962,590,0.06109246683809925
251,802,0.06108769869604445
834,1103,0.06107656007503792
962,883,0.06107410882443527
843,7,0.06106639157311473
962,475,0.06105919769226559
712,801,0.06105746906799164
712,307,0.061042896654080726
692,973,0.0610428594838101
577,1186,0.06103630564574284
1143,797,0.06103501962549831
715,1182,0.061030383952777024
251,91,0.06101565722394636
1143,482,0.06100261685248087
843,1172,0.06100248131905045
712,409,0.06099594396652852
712,299,0.060993686475238444
843,243,0.060990029285555775
251,797,0.06098550852214635
919,1188,0.06098111288212115
804,658,0.06096229080974901
1143,503,0.06094706471300848
1143,313,0.06094004595753472
577,848,0.060928512951758135
577,541,0.060919531860533595
840,841,0.060917925012291894
144,222,0.06090585396090168
834,36,0.06090546202545859
715,1150,0.06090368902096522
1143,184,0.060897672042219304
712,16,0.06089684352087141
146,1057,0.060884370522917154
146,127,0.06088258646099556
1143,716,0.060876630323998523
712,493,0.06086330576952498
144,551,0.06086299344152603
919,283,0.0608620851887062
843,497,0.06084824951268269
144,237,0.06084590321239714
919,1055,0.06083620354804046
804,924,0.06083602653413657
144,856,0.06083068707803886
1143,454,0.06081694979792757
919,924,0.06081343803622785
146,408,0.06079837089902915
712,74,0.060777905373357914
715,24,0.060752635262432214
577,305,0.060749486517685365
251,472,0.06074224266773476
840,639,0.0607296424116756
712,771,0.06071932630615582
712,232,0.06071901712120662
715,624,0.06069888030422135
962,551,0.060694468045888544
251,395,0.06068658980709346
715,234,0.060681047941023546
778,1169,0.060679153693297516
144,421,0.060674167777210755
577,987,0.060672563564118216
146,223,0.06067139938078915
715,1022,0.06066420689264308
146,582,0.060662447036267546
1143,329,0.060651127203190464
840,743,0.0606444418868716
144,223,0.06064046042895022
144,1171,0.06063370207115424
577,670,0.06062927789162685
1143,473,0.060622549540081255
577,428,0.06061259192405339
804,639,0.060603904408640046
712,568,0.06059862341369484
962,238,0.060598190831467176
1143,93,0.06059128213589126
712,1142,0.06058717187156398
184,742,0.06058703311773037
715,159,0.06058663845896787
577,917,0.06057733297009699
1143,1184,0.06057524998195839
715,801,0.06056130053283641
1143,370,0.06055813871521085
577,1058,0.060551244542517736
712,111,0.06053913427630745
715,776,0.06053463132540344
692,609,0.06051253189408979
715,429,0.060500665599082355
1143,560,0.060499845717782504
715,469,0.060485364052851306
1143,702,0.060482119510972855
692,633,0.060473586014157345
1143,771,0.060471121843291425
144,541,0.06046947184780916
1143,208,0.06046321487447761
840,1201,0.06044822593316408
962,472,0.060440693272378214
577,1161,0.060431505995836354
715,93,0.06042992234290594
715,1044,0.060429673288675795
1143,548,0.060421611733790306
577,726,0.06041985580935451
715,1025,0.0604168628765439
804,569,0.06040244086863625
962,852,0.06039006798374409
1143,1189,0.060382597260000025
712,780,0.0603802097684269
712,1104,0.06036783345879041
962,300,0.060361739833038636
962,17,0.06036122793626295
1143,612,0.06035188868406378
100,243,0.060351400414590556
1143,1071,0.06035074728854223
146,68,0.06035030273413298
712,585,0.06034304775850311
840,126,0.06033747015377185
715,225,0.060335033363104563
715,199,0.06033454423635501
1143,217,0.06032568114226341
1143,1051,0.0603205257299996
1143,233,0.06031227729103396
146,757,0.06030319427872811
1143,653,0.06030287993632631
712,508,0.060292092181113525
712,821,0.06028619376013089
715,493,0.06028419246410163
986,186,0.060269127517167106
1143,925,0.06026516950270321
715,443,0.0602641974783155
712,1102,0.06025932366266846
715,722,0.060256596097179004
577,231,0.0602319145020726
712,667,0.06022734657037
184,528,0.06022602147401013
144,528,0.06022383549054685
715,328,0.06022342155561567
1143,1,0.060221934453222506
712,20,0.06021882391291967
804,1109,0.060215229658068574
712,1034,0.060214402691997466
692,1172,0.060206895096552075
778,95,0.06020571601185847
962,802,0.06020427274212871
2,860,0.060186830078729395
577,574,0.06017544513201887
1143,1182,0.06016698759165166
840,283,0.06016458762255429
577,1131,0.06014877997629868
712,1173,0.0601452878397146
184,341,0.06013854583741232
577,183,0.06013391382245396
577,857,0.06013383846612477
144,711,0.06013292016156397
715,83,0.060126770870000304
251,850,0.06012584315798274
1143,976,0.060125250151456276
712,702,0.06012458236069266
251,863,0.06012264398184526
295,156,0.06011406527153435
251,341,0.06011395794052516
577,636,0.06011097602857139
804,633,0.06010856425385264
712,56,0.060106208590231996
962,625,0.06009608671838923
712,526,0.06008448329634317
577,463,0.060079390823705586
962,670,0.060078897446478575
712,1112,0.060074406012303516
804,84,0.06005837112519975
834,727,0.0600575982207653
146,61,0.06004811947680514
1143,624,0.06002765757167601
834,372,0.06002487765742827
715,949,0.060023950966029534
778,633,0.060020445726861105
251,875,0.06001555380292409
834,652,0.06001019678851876
146,214,0.06001008417050138
146,514,0.06000865818108955
712,139,0.0600064076817997
146,488,0.060000985309760536
184,1002,0.05998529355855997
146,291,0.0599813775762696
251,636,0.05997166560314448
1143,1142,0.05995478329122416
251,1198,0.05994354837806769
962,841,0.0599272099116762
184,222,0.059916165683793265
715,423,0.05991533406888771
834,548,0.05990484413372018
1143,752,0.05989939381797517
834,927,0.05989860521808762
1143,534,0.059893782420735314
184,883,0.05987136113819835
144,235,0.0598689047909867
715,111,0.05986784252847309
843,383,0.05986011432093959
986,634,0.0598547934345106
184,1201,0.05985293717485598
1143,655,0.05984777900030791
715,992,0.05983859030725279
146,71,0.05983711950439662
1143,466,0.05983595854047582
144,1192,0.059834432588680084
715,480,0.05982114756109591
184,785,0.059818773021490496
1143,399,0.05981275712807523
577,634,0.05978195223970932
144,284,0.059781920760492505
1143,823,0.059768802263453304
712,523,0.0597340283144325
146,791,0.05973070959426332
712,1152,0.05972852172492136
692,378,0.05972126997288176
1143,646,0.05972125135739074
715,807,0.05971969300608787
692,888,0.05971354723566845
715,587,0.05969787938341417
251,397,0.05968920497253024
986,698,0.05966216758795685
146,592,0.05966135325272027
146,378,0.05966124171388985
834,1093,0.05965788381225953
146,1201,0.05964841085549193
251,723,0.05964390514775283
715,0,0.05964277140016691
146,1177,0.059624993587983906
834,965,0.059616548804796846
919,308,0.05961534241404807
577,590,0.05960657087724306
804,888,0.05959197193476882
577,904,0.059587258917959476
577,1109,0.05957770249101814
184,196,0.05957700400407214
804,594,0.0595655546656385
146,936,0.05956060075114221
577,968,0.059559429503511035
146,164,0.05955923331586337
1143,597,0.059557525770136795
184,609,0.059556755154654896
146,362,0.05954676507819399
834,671,0.05954653558977354
1143,295,0.05952963847871767
712,534,0.05952405496167812
804,1002,0.05952022412455266
712,175,0.05951628818384837
1143,1105,0.05950831231108169
834,136,0.059498888818010395
840,164,0.05949222862262405
919,1056,0.059490808640580484
712,789,0.05949030701193333
1143,20,0.059489898919811705
251,4,0.059489541683072654
144,796,0.059483932605081405
1143,779,0.059477811271372624
146,53,0.05947341087830858
1143,902,0.05947292589923936
144,1169,0.0594701048185453
919,227,0.05945339730348803
251,497,0.059447141857882066
577,238,0.05944138016364243
962,785,0.059439026578415606
1143,191,0.059435469024842216
715,1021,0.059433034774685554
692,742,0.05941906621334994
577,403,0.05941246380843223
715,884,0.059406499166339506
577,852,0.05940158544215289
715,677,0.05939677685935009
146,178,0.059395304845316715
144,407,0.05938389827913245
100,592,0.0593838465509919
843,407,0.059383367600877
843,687,0.05938261212714399
251,431,0.05937086603569933
1143,958,0.05936738778488559
834,240,0.05936267099275704
1143,735,0.05936143413136245
834,564,0.0593510262608108
251,742,0.059344728965587096
356,866,0.05933686846278057
184,286,0.0593325857870156
1143,547,0.05932876813074931
144,126,0.05932774456263871
804,283,0.0593264669988796
715,113,0.05929815867527095
100,866,0.05929776882401448
251,1083,0.05928700473858214
834,89,0.059281883577925965
712,392,0.05928179463413937
840,1002,0.05927763582014038
146,407,0.05927597294004514
144,397,0.05925925041063221
712,231,0.0592589406758183
712,78,0.05925600988606132
184,581,0.05924627868484357
184,1083,0.05923543762580407
804,631,0.05923138759174209
840,97,0.059203874347371586
962,252,0.059198969044049574
715,600,0.05919399808964958
144,84,0.059193671459160956
962,452,0.05919255045390913
144,634,0.05916146927860281
146,892,0.05915393451173287
577,478,0.059144908283364744
144,291,0.05914435935870868
146,621,0.059126042584261934
962,742,0.05911275533192581
184,407,0.059111848290823034
715,444,0.05910664287760812
251,625,0.059101656438798764
712,297,0.05909605504457044
144,91,0.05908785782928262
712,117,0.05908416819037254
577,333,0.059082494805484956
712,440,0.059080038785109104
577,714,0.059074105467586874
834,270,0.0590638977607592
843,17,0.0590507771677243
840,609,0.059049821812650796
144,286,0.059045874352916354
251,60,0.059034604986281075
715,844,0.05902559083741359
1143,821,0.059024486216819556
712,199,0.05902061270456303
146,397,0.05901786871974361
577,963,0.05900467125889153
962,7,0.058994769584681306
712,141,0.05899185716371407
715,167,0.05897630803871017
1064,1082,0.05897457544574662
712,1128,0.058967458838824205
834,679,0.05896626084080439
834,86,0.05896055418299511
962,532,0.05895388725031169
712,400,0.05894387252198338
712,9,0.05892715521325297
804,321,0.05892068481333304
834,911,0.05890152441287732
100,203,0.05889105661461995
1143,627,0.058886351974226106
840,382,0.05888610101453832
1143,889,0.0588851406104488
715,1093,0.05886398449790664
715,1047,0.05886072996932256
843,341,0.05885530295426935
1143,491,0.05885410597489679
251,29,0.05884609995329609
184,765,0.05883248517411185
834,645,0.05882762762118727
577,992,0.05882419564295266
712,781,0.0588138452961259
843,324,0.05879756189287814
295,227,0.05879530945933258
184,17,0.058791671036219115
712,690,0.05878362202919627
1143,961,0.05875360770739091
712,1175,0.05875167829220948
834,1087,0.05874452618735047
144,1083,0.05874433811438353
295,1112,0.05873791407229754
1143,957,0.05873728024382822
184,731,0.058736951895200736
962,1060,0.05873605674779974
712,918,0.05873602302198718
715,214,0.05873249940252082
577,222,0.058729269308736474
715,848,0.058722506879699175
986,903,0.05871145441776567
778,398,0.058709661461819766
1143,151,0.05869005142615944
1143,436,0.058689373176319205
962,636,0.058677447493476184
692,903,0.05866464584639446
184,637,0.05864593288425311
843,156,0.058644500806855716
146,183,0.05862410535883687
712,672,0.058622463908574764
715,566,0.05861382680847744
834,208,0.058613281045358644
834,76,0.05861075907224189
962,706,0.058605449011126416
144,186,0.05859806693037004
834,445,0.05859196814213624
295,1179,0.05858915550154547
843,1098,0.0585848207569833
778,634,0.058584151341124074
712,218,0.05858029887246904
1143,758,0.058573216165781365
715,918,0.058556972642913714
715,728,0.05854025332841128
1143,113,0.05853728880772676
251,308,0.05853413769798025
1064,693,0.05852909578525862
962,1058,0.058528280385745056
715,824,0.05852646453743946
144,1058,0.05851907120846402
843,1028,0.05851290055014527
146,118,0.058508982586536716
1143,505,0.058501253666921986
146,754,0.05850051546407194
712,757,0.058499203103636814
1143,1095,0.058491582821189846
715,733,0.058486564399632936
100,537,0.05847718787853446
577,658,0.05847315517059371
715,1171,0.05846882116770619
146,742,0.05845047155670353
712,996,0.058447910205765556
1143,948,0.058442458472895496
251,518,0.0584398117666453
577,169,0.058429490680837165
919,301,0.058426294116929185
712,352,0.05842246099991633
295,854,0.05841677415143036
1143,707,0.05841563449468013
1143,105,0.05841185222790604
962,235,0.05840970312357223
715,536,0.05839897817750182
251,421,0.058398190121822346
840,924,0.05839784574512164
1143,914,0.05839373359344338
715,1145,0.05839203940728596
184,796,0.058385422996025955
577,814,0.05838275759995978
962,284,0.05838202024650817
577,606,0.058366169831346036
1143,1013,0.05835280823284966
146,562,0.05834892146759566
843,658,0.058339331153416774
144,1201,0.058338218448559284
692,171,0.058337402859254456
577,196,0.058335183036382764
715,877,0.05833512902063676
712,944,0.05831975552339896
1143,611,0.05831095569841691
184,5,0.058296338169034526
692,139,0.05829632107061258
577,743,0.058295874379617606
834,659,0.05828907008213282
843,637,0.05826947606482174
184,84,0.058264889473559574
712,994,0.058256799399494796
1143,585,0.05824775518377712
804,1083,0.05824696970829888
712,0,0.05824535631951304
778,308,0.05824068268143086
834,1163,0.058230610331878256
712,225,0.0582253053738371
843,852,0.058215198024346854
919,553,0.05818169838208826
715,607,0.058179854916056206
715,375,0.058163843088915396
577,114,0.05816251822570349
843,730,0.058159029156514566
712,377,0.05815767028059557
712,396,0.05815594597693248
804,186,0.05815509752894115
712,1047,0.05815326425139558
715,64,0.058132409198249455
1143,263,0.05813049781735742
712,326,0.05812393112068937
1143,916,0.05811791183846594
251,138,0.0581106123446543
295,139,0.058106559844711664
144,687,0.05810439443676485
144,1017,0.058097720773128296
843,541,0.05809368039783069
843,634,0.05809256028854622
251,1195,0.05808925065787781
577,338,0.05805287748905162
834,417,0.058050792802864674
146,796,0.05804805689975152
577,877,0.0580289783414919
1143,831,0.05802764086796319
1143,985,0.0580142770228632
1143,955,0.05799760020779601
843,456,0.057988984170245714
1143,64,0.057985667234731586
715,158,0.057980727772624724
1143,1128,0.057977808490358385
962,222,0.05795140525107523
1143,141,0.05795008567021135
712,555,0.05794630728736332
962,60,0.0579461679412401
804,1058,0.057944850109833614
712,444,0.057940712047715115
577,719,0.057935929390921445
184,1109,0.05793423813688704
146,382,0.057918078203859996
146,91,0.057916952128814286
146,1131,0.05789374890437285
712,648,0.057891051476512946
1143,415,0.05788758288185751
962,795,0.057886892674747364
692,163,0.057884435277840464
715,338,0.05788196052110472
1143,1157,0.05787502011083584
962,730,0.057871395505654934
712,1124,0.05786190710508294
715,1192,0.05785852610894343
1143,755,0.05784722721829793
146,994,0.057836745876315765
1143,282,0.05782410968689497
251,711,0.05781827662652896
1143,432,0.057816370143753903
715,254,0.05781159087060996
251,963,0.057808493048629415
577,397,0.057803120525766534
1143,152,0.05780167985442892
577,1002,0.057783255442234956
1143,150,0.057781268105720485
778,1098,0.05777865625483236
577,796,0.05777368143972505
1143,471,0.05776570053696324
715,123,0.05776561835298382
1143,512,0.05776075495035364
295,382,0.05775017844040643
1143,1033,0.057739236124600204
184,515,0.05773650726770474
919,1112,0.05773452561092568
146,1120,0.05773054855191309
1143,429,0.057717633508724796
712,480,0.057717011691753625
712,431,0.0577157343276329
1143,462,0.057704498479549005
834,525,0.05769227547167024
715,345,0.05768525761387018
251,731,0.05767995835535638
184,340,0.05767881912411386
715,351,0.057674969419832356
692,730,0.05764869732779977
1143,327,0.05762902859854576
778,1115,0.05762476084732382
712,113,0.05760830222843148
1143,1194,0.05756490384583679
1143,874,0.05756328078891491
577,856,0.05755807265835296
146,904,0.05755670266939274
843,222,0.05755075071766535
840,842,0.057534659918008935
834,827,0.05752028165139963
715,172,0.05751947384452788
1143,1050,0.05751134876036984
834,800,0.05750611913529957
986,795,0.05750602818146853
712,1151,0.0574936801760374
1143,299,0.057489863911585386
1143,947,0.05748542139954814
1143,372,0.05748050123121323
986,301,0.05747647604637985
144,164,0.05746732127794489
100,466,0.0574597814958598
184,1169,0.05745825805103276
1143,695,0.05745762854704606
715,231,0.05744339495335104
577,1171,0.05743463804780027
962,223,0.05743452122440941
919,698,0.05743299235529998
712,71,0.05742750712603008
146,789,0.057426496054630356
804,510,0.05741643341720537
251,291,0.057405731005847234
251,1033,0.05739613943570047
712,174,0.05739549678924684
712,739,0.05739377330642974
577,252,0.05739327042580055
712,1185,0.0573879015576552
712,1194,0.05737826189647656
692,195,0.057373295398855155
1143,90,0.05737052188732777
840,1098,0.05736439990895981
712,85,0.05735820266476014
184,1060,0.05734998156939171
184,795,0.05734407453976372
962,84,0.057336904524568286
251,483,0.057329063767744354
712,1069,0.05731473582856798
715,1072,0.057308104530399674
712,83,0.05729920508301016
962,164,0.05729369255053966
251,252,0.057290749761972605
715,400,0.05728538048607798
712,391,0.057281323849572074
712,418,0.057279919782714316
712,1046,0.057272061676532905
146,636,0.05726200891644218
184,324,0.05724886756146665
804,383,0.05724656960263824
712,282,0.05723922025960621
712,1107,0.057233060862128995
712,53,0.05722935299836564
144,802,0.057201299449159984
962,29,0.05719550616792126
1143,289,0.05718603946896741
840,163,0.05717799916591226
144,805,0.05716752368442763
962,687,0.05715678058539038
692,859,0.057155058122816155
251,510,0.05714485339938816
843,203,0.05714150604145046
1143,545,0.057137742877081225
715,388,0.057136149572343774
1143,120,0.057125693325434934
1143,918,0.057112183850034165
840,1028,0.057111659021416586
692,1201,0.057105191636823496
712,429,0.05710343774521081
577,237,0.05709468175719197
184,903,0.057088569585709965
843,126,0.057084485022728185
1143,922,0.05706669320774478
692,743,0.057052598907797826
715,563,0.057028395098990624
144,661,0.057027361171591566
295,346,0.05700901915211198
712,624,0.05700122514979408
715,971,0.05699955933865077
146,198,0.05699866927081559
1064,1115,0.05699556719666586
251,1109,0.05699186838361186
577,797,0.05697694194007819
146,23,0.056975427381565386
100,1188,0.056967949346362526
144,29,0.05696158336909241
251,215,0.05695393774901896
712,342,0.056940378013528276
1143,481,0.056940212120472594
1143,1136,0.05693393826245323
715,1003,0.056928497810923864
146,867,0.05691822398678366
577,235,0.056908422235653164
843,84,0.05690784139845897
715,1160,0.056904542163089745
146,875,0.05690007735129554
1143,440,0.05688489353841836
251,528,0.05687299760327464
712,844,0.056847728557465844
712,545,0.05682935976465638
834,691,0.05681775898281408
1143,861,0.05681727396479354
715,135,0.056802708062952637
919,466,0.056799590858264686
1143,884,0.056793956062363905
834,586,0.05678154224333328
251,227,0.05677839367933688
1143,420,0.05675241454095746
715,1152,0.05674330328133611
1143,257,0.05673838050981847
919,456,0.05671991704488444
146,1187,0.05671675904508645
715,487,0.05670507149646351
715,969,0.056703265009587694
144,963,0.056690407060826946
715,930,0.056689156449810665
840,1112,0.056688962798776436
712,1161,0.05667877795212915
1143,66,0.05665945243169192
1143,1005,0.056638894907992544
144,340,0.05663445622928285
1143,460,0.05663012360695959
1143,159,0.05661038690723728
715,223,0.05660900280969493
146,881,0.05660701016206671
715,596,0.056601701182431824
184,195,0.05660098761021038
712,263,0.05659092250222608
834,1139,0.056587557017540806
146,344,0.05658037664255764
715,16,0.05657464923325506
715,189,0.056574549343512574
577,802,0.05656686603291997
1143,1054,0.0565661494753883
251,474,0.056566006118666544
144,924,0.056562148638562196
577,551,0.056560921780186076
962,994,0.0565555879321981
1143,725,0.056555074701984676
146,963,0.056553191007661
715,459,0.05653578509896545
834,781,0.05652461722451685
251,362,0.056509594339321574
778,1130,0.056505889081499394
834,319,0.056497076542533345
1143,480,0.056465621189131426
577,1130,0.05646504932903454
840,661,0.056459826509427685
715,748,0.056459723337814585
712,1145,0.05644267821009408
715,314,0.05643730162992966
715,945,0.056435114383657295
692,483,0.05643324077135077
843,398,0.05642423833114445
1143,352,0.05642292067644457
840,340,0.05639552126732385
144,1109,0.05639546859917509
834,442,0.05639040833755667
715,811,0.05638666627515309
804,625,0.056385496839860855
577,751,0.056378458748144886
1143,254,0.05635825554140377
840,301,0.056337664704808825
715,55,0.05632952005340106
692,250,0.05632845512942536
715,287,0.056321554817430064
251,39,0.0563199313522871
712,1077,0.0563166342338856
919,139,0.05630636131676191
715,327,0.05628790446304732
146,1132,0.05627046081011057
834,669,0.056260448708901845
692,466,0.05623621354464512
251,883,0.05623566585097156
834,1101,0.05620984660029845
577,273,0.0562029592762795
184,154,0.056184321412133795
692,1055,0.05618144863425231
804,171,0.05618116444882871
715,556,0.05617425681050661
251,284,0.05616903717056637
986,973,0.05615853287610799
712,824,0.05615407924752918
834,1123,0.056153302893830886
715,1097,0.05613733198967204
840,633,0.05613294625269124
1143,423,0.056121189835156356
146,211,0.056118739893616106
1143,536,0.05611752981979038
840,515,0.05611543903993029
1143,143,0.05610652422787849
1143,781,0.056098858263360446
1143,1020,0.056096132120438194
715,392,0.05609347456241944
715,127,0.05608154914154282
1143,769,0.05607795254543528
986,978,0.05607460520665051
577,461,0.056064707424812114
715,593,0.05606263853646761
712,1003,0.056056975573714515
184,987,0.056052685381496346
144,1172,0.056047144018651365
712,1147,0.05604554771252068
577,4,0.056038395447743916
840,122,0.05603573587941253
834,155,0.05603103756275628
1143,726,0.05603093384805268
843,863,0.05601602397165604
962,244,0.05601362905691642
962,881,0.056008412747139524
715,352,0.05600804183823221
715,420,0.056007832131342104
712,339,0.05600702387088515
692,1098,0.05600615121541299
1143,672,0.056005421536242175
834,822,0.056002056850311906
184,687,0.05600127282605143
712,173,0.05599079992348251
962,581,0.05597451231267425
712,884,0.05595622005769042
840,631,0.055935316135398566
146,687,0.05592976863284163
692,283,0.05592122870505188
715,407,0.05591453864305396
962,243,0.055911790752339915
1143,459,0.05591173634793293
1143,1030,0.05590966041439604
1143,16,0.05589862332269204
834,28,0.05588335461918283
1143,174,0.055881499468773604
251,984,0.05587853790893853
834,406,0.0558686584996758
834,775,0.05586848396517454
962,537,0.05586370048148362
712,928,0.05585973849255294
184,518,0.055854140391942655
962,963,0.05585329523714378
778,639,0.05584851833680374
715,1057,0.05583019082819687
715,71,0.05582447734371518
1143,1007,0.05582406158068519
715,726,0.0558086435412707
843,391,0.05580841793733299
834,1113,0.055807545521519564
712,1078,0.05580429736554226
715,143,0.055794615405972636
1143,514,0.05576828239479956
712,1004,0.05575277159504647
144,5,0.05574756718582611
834,783,0.055746989151981216
146,26,0.05574579402783163
778,97,0.05574300876023965
1143,632,0.05574198966969016
1143,506,0.05573521153031564
100,95,0.05573484932733033
144,252,0.05572228373924226
251,806,0.05571294230409395
843,378,0.05570868693886156
962,609,0.055675933879589745
251,340,0.05567235970995821
251,5,0.05566016998118215
834,1000,0.055655419043055154
834,416,0.05565372926961465
1143,1046,0.05564628764365412
712,563,0.055638647238748604
843,1112,0.05562921568593623
834,558,0.05562573940376071
715,648,0.0556179400081611
251,805,0.055612965751432604
712,992,0.05560026691025227
962,203,0.05559771106583523
834,612,0.0555952153499094
146,342,0.05557884152980588
843,532,0.05556307866956798
715,961,0.05555150303528271
692,869,0.05554659838800535
712,557,0.05554567603386228
712,1044,0.05554001822359396
100,139,0.05553806935227141
577,23,0.055533887009633194
834,3,0.055533039031220886
577,91,0.05552151686597063
251,383,0.05551623189957445
1143,803,0.055515959845994084
1143,247,0.055496391773759035
712,469,0.05549319956023948
715,152,0.05547423307582963
715,281,0.05547371099507944
146,1090,0.05546807309041016
1064,323,0.0554374931483552
577,186,0.055436301550457284
184,888,0.05542858193274446
840,903,0.05542192546344814
712,861,0.05542161740442884
1143,944,0.055418939179761845
712,362,0.05540622374478761
712,152,0.05539728669470443
804,866,0.055397053753571436
1143,172,0.05539011342048848
295,224,0.05539000977016924
184,252,0.055385369914738726
834,993,0.05538412424562717
144,1002,0.05538136703067462
962,1109,0.05537925069753056
715,4,0.05537558846801965
144,1179,0.05536833287341529
146,1070,0.05534534186269914
1143,750,0.05534463312518544
1143,1173,0.05534005675313932
577,313,0.05532347355969216
251,687,0.05531738196081772
692,634,0.05531296979119424
986,1082,0.055308420017203784
1143,608,0.05529901377644075
577,1172,0.05529745209248836
834,855,0.05529588320197325
712,942,0.05529585727728675
692,924,0.05529527746035445
251,1132,0.055277651348238484
251,1201,0.055267053553101034
834,366,0.05526228043723384
146,1133,0.055260267293893765
843,252,0.055245668833097734
1143,1150,0.055231647471558426
577,431,0.05523111644988532
146,124,0.05522934001505501
986,398,0.055224666332586915
692,286,0.05521860513678021
962,341,0.05520191231270419
840,383,0.05519442806198356
843,859,0.05518796983108707
834,451,0.055180020560955195
1143,351,0.05517394329077174
184,186,0.055132071340853864
715,751,0.05513082175056318
1064,202,0.05511475910984825
919,382,0.05510600079002719
986,243,0.055098760089244
1143,1004,0.055095858314932154
715,757,0.055083618406148775
712,268,0.055077000191387296
295,466,0.05506637607835717
712,1072,0.05504804736142814
712,427,0.05503458000262966
577,875,0.055032672483250056
146,341,0.0550074611618412
712,415,0.055001247144573356
804,301,0.05497235926157311
146,1160,0.054968539035543086
962,1098,0.054967677937918555
577,621,0.054959354702015815
843,723,0.05495801003282216
840,483,0.054956277463617254
146,1017,0.05494549557214838
962,806,0.05491941986312561
1064,998,0.054910605466424775
146,581,0.05488819904291669
146,787,0.05488142497347116
577,795,0.05488001393861545
919,605,0.05487906779089618
144,515,0.05486312117069949
577,29,0.05486238374232912
1143,801,0.0548528265646993
184,391,0.054847489057367756
184,1132,0.05484595287059655
577,730,0.05483849303140164
834,302,0.054838486748229755
1064,1164,0.054837769410630344
715,149,0.054832963314924495
715,523,0.054831467202304605
834,51,0.05482668005919223
715,494,0.05482237425006963
1143,1065,0.05481844372261972
834,1009,0.05479696583067114
804,95,0.05479177330104058
834,11,0.054774902721597726
712,135,0.05475309245431253
1143,206,0.05473251703479185
834,1153,0.054716132354030785
712,127,0.05470872703313624
804,380,0.05469449470413012
715,289,0.05467832327492998
715,404,0.05465702147516222
184,253,0.054655149843750396
1143,234,0.054637243124650806
834,457,0.05463166502575034
712,791,0.0546220841140842
1143,519,0.054593966266356375
715,488,0.05456850569873213
715,428,0.05455201297642268
577,218,0.05454804576075211
715,178,0.05454452362528069
1143,310,0.054532139263561194
715,309,0.05452990782288968
1064,1130,0.0545283938305893
712,570,0.05452719704616404
692,398,0.054517301573018775
840,391,0.05451266208139931
144,324,0.05449996023574151
834,42,0.054483008965453335
146,149,0.054478381381583264
919,1028,0.05447333409763576
1143,1034,0.054467435483491325
1143,1192,0.05445881066621318
692,605,0.054449428935415725
843,903,0.05443594658894745
715,61,0.05443158429915983
986,97,0.05443052241045975
715,534,0.05442464680732222
1143,342,0.05440299234485342
715,579,0.054402200173599105
1143,1100,0.05440059285164938
804,97,0.05439757246414014
1143,1154,0.05438957699782702
146,393,0.054388377036535256
834,482,0.054386908806123326
251,321,0.05437958229866721
1143,708,0.054377601082091574
715,476,0.054366619465703994
1143,587,0.05436478536273194
834,180,0.05436219732893107
692,698,0.054348377287373996
843,633,0.05434182167672942
251,1112,0.0543251903605706
1143,996,0.05431470397173804
251,785,0.05431086789611576
146,751,0.054310525644643344
184,97,0.054308969385047944
843,186,0.05430412372405119
146,670,0.054283987429163065
834,938,0.054276577694061204
712,1166,0.054262724204508096
834,266,0.054255260426996
144,795,0.05425374656290315
834,1127,0.05424994290667532
843,1017,0.054231478704803986
712,722,0.05420558378672954
834,1121,0.054204422120139484
834,37,0.054203405489996775
1143,435,0.05419589511009358
712,610,0.05419566271781947
962,383,0.05418798065892683
986,378,0.05418539280841886
715,68,0.05417207777101395
843,1169,0.054169277616329184
184,924,0.05415759216443363
712,797,0.05412411321645608
577,1187,0.05411317331214237
251,1060,0.05409850233276224
1143,648,0.054092001453569474
144,138,0.054086294226730475
834,517,0.05407269468275785
144,730,0.05406935096582465
715,313,0.054064248863094036
919,156,0.05405851152361963
840,866,0.05405349657699032
712,708,0.05405330783246715
251,1058,0.05405039786626928
577,637,0.05404851563876754
712,1054,0.05401406944498437
692,1144,0.054002933870108204
834,696,0.054000541569061845
962,723,0.05398695788202495
715,756,0.05398329433136306
1143,1072,0.053966608559550704
834,251,0.053965252401834224
712,116,0.05394836942255841
804,250,0.05394227074306469
834,865,0.05393590430136072
1143,808,0.053934737095574524
715,841,0.05393409529895285
1143,326,0.05393061567016093
1143,277,0.053929299213889344
144,253,0.053922183089147216
712,257,0.05391801677266358
1143,489,0.053884740342216936
834,368,0.05388286872447768
1143,287,0.053881967032834543
834,98,0.05387146616744737
962,553,0.05381909801604757
1143,345,0.053802339146034016
1143,225,0.053789758519901046
184,723,0.05378948849526462
577,380,0.05378630753146682
146,224,0.05378520232131677
834,864,0.05377352917401331
715,141,0.053771839728390114
834,554,0.05376611644386723
834,905,0.053760463601291435
577,806,0.05374682850105096
834,446,0.05373593773419182
712,1015,0.053732846649656094
962,283,0.05372811428905362
712,714,0.05372540174303061
962,1169,0.05371466163351784
577,841,0.05368756833901801
962,856,0.05367390729978217
834,1108,0.053660124852445444
840,634,0.0536485476714504
715,1174,0.053644114153731576
962,407,0.05364225826319003
715,904,0.05363895738065109
834,825,0.05363268186500057
712,118,0.05362487997987105
692,1056,0.05362003793127805
1143,686,0.05361340481958722
712,435,0.05361049380073154
834,115,0.053601426556730856
834,572,0.05359360465517708
919,1130,0.053578884312392175
577,342,0.0535768298909631
962,1144,0.05357639061823871
715,570,0.053563515447243894
778,888,0.05353293482251877
962,355,0.053527653831878734
840,765,0.053527046820914054
712,167,0.05351187670069981
715,936,0.05349405475244715
251,196,0.05349020675523731
712,289,0.053479074680530876
778,631,0.05346149141993339
1143,163,0.05345991840854722
834,293,0.05344647429294845
1143,458,0.05343534718504423
1143,964,0.05342995039968711
1143,596,0.05342770062915827
843,224,0.053420036217205466
251,856,0.0534192621913083
1143,111,0.05341915833345295
715,9,0.053417032435215436
712,807,0.05340316811900292
834,932,0.053397463134339976
919,202,0.053394854653212795
834,952,0.053394167625346795
146,883,0.05338789686089186
712,234,0.053381419067939646
577,453,0.053377855390073656
146,609,0.05337332225897641
712,868,0.05336534255855762
715,195,0.0533637808127446
840,202,0.05335285056250291
840,227,0.05333834696093996
712,436,0.05333710108027306
1143,138,0.053288576793438736
715,1091,0.053278823953787025
1143,757,0.05324938694438083
1143,307,0.053248733715599586
778,866,0.05324362501752699
834,972,0.053241955477849996
144,987,0.053228956390941086
1143,1166,0.05322786705804099
804,634,0.053224339091089236
184,380,0.053222203878117
577,625,0.053217131911018345
146,863,0.05319969680510608
251,495,0.05319929762305191
840,477,0.05319827766496668
834,979,0.05319337786755997
184,1055,0.05318299703195028
962,1132,0.053181340178021945
834,832,0.053156095368477034
834,642,0.053142079143117416
843,661,0.05314038425792785
184,378,0.05313942227855802
144,633,0.053110441473382314
715,1015,0.05307941644068184
962,391,0.0530624048221306
712,811,0.053059387039015415
144,609,0.05305896770723972
144,250,0.053058448384798534
840,854,0.05305786550614117
715,116,0.05305042940078246
1143,667,0.05303948827357071
834,75,0.05300079422263517
144,743,0.052999311635279885
251,122,0.05299746941825833
834,1011,0.052963890349182974
144,122,0.05296239500339414
834,1075,0.05295867604462445
1143,127,0.05295160628821697
834,820,0.05295043880437256
715,1133,0.052950354252405914
834,179,0.05294655974926709
1143,830,0.052935602282151197
715,408,0.05292772142388634
715,557,0.052908781626134695
834,899,0.052907429243483774
962,195,0.052877761247679886
778,594,0.05287522175669516
1143,375,0.052850217460636346
715,1131,0.05283535550563376
962,5,0.05282440627900672
577,5,0.052822192425916174
715,297,0.052802038671614
251,541,0.052783236774669014
962,171,0.0527785270049366
834,970,0.052775685590726165
692,154,0.05277424775352882
834,921,0.052770192621134346
834,374,0.052752033954957395
834,1119,0.052739874937525494
295,1055,0.05273972816572372
251,730,0.0527356832466637
843,195,0.05272775678486101
919,243,0.052724060255557134
577,154,0.05271279381698071
834,797,0.052712775168113526
184,383,0.05270807974640493
146,355,0.05270399650178561
295,765,0.05270341882979464
146,204,0.05269685247090155
712,566,0.05268483015639022
692,510,0.05268139843836503
962,97,0.05265508979426417
834,220,0.05265413641892172
1064,190,0.0526527500534423
834,285,0.0526428554997849
834,862,0.052636759758936946
712,252,0.05263478906667159
712,123,0.05262716859576242
715,169,0.05261294615365488
146,300,0.052606702062019006
1143,968,0.05257570959504227
577,654,0.05257195755566723
712,809,0.052571518047112
577,742,0.05256924645650859
834,815,0.052562784214149616
1143,582,0.05256151343479822
834,22,0.05256130286460936
834,734,0.05255708459358265
1143,1162,0.05255108978406432
840,238,0.052542042327284925
146,215,0.05251493766589043
712,752,0.052511724296895754
577,284,0.052501902330609425
715,610,0.0524976121272155
251,609,0.05248446088401562
715,1084,0.05248417744036552
692,156,0.05247804797742824
1143,1124,0.0524772716776129
986,1164,0.05246210604884191
712,103,0.052460263199468414
1143,722,0.05244930919206077
840,1115,0.05244397744832686
100,719,0.05242550018419161
251,380,0.0524173486760851
251,283,0.052411950647820324
834,275,0.05241173665209223
712,1131,0.05241173309439017
712,751,0.05238853050216564
712,351,0.05237712352468984
184,860,0.052358565789239045
251,795,0.0523511171170527
577,633,0.05234491107323015
834,199,0.052341278396558694
712,841,0.05233835529635365
834,1095,0.052337616652834255
834,614,0.05230688615445185
919,311,0.05230181944965111
834,365,0.052283188809418804
146,497,0.052282742042955174
144,1032,0.052280827013031446
843,1002,0.05227679855059181
834,664,0.05226018403505353
184,634,0.052257761858374455
834,647,0.05223180111363231
1143,942,0.05221735925838055
834,812,0.05221457265136378
712,1021,0.05220548948788537
1143,392,0.05217615368328369
1143,837,0.05216093676182544
715,514,0.05215491979107206
712,26,0.05215428905194294
712,413,0.05213193622067334
712,279,0.05212271580142535
251,250,0.05211432914365194
962,378,0.0521113044711995
1143,945,0.052111272540966785
251,1179,0.052107753489235506
1143,928,0.05210173501717508
692,553,0.05208968133765203
146,998,0.052088902568808916
834,737,0.052080884416981776
834,1080,0.05207881735378601
843,866,0.05207839410148586
184,283,0.05207778841873251
712,430,0.05207243433114818
834,1014,0.05205712715646756
834,520,0.05205525110472631
843,743,0.052047067922002
834,134,0.05204254138316426
1064,262,0.052036628582997325
144,156,0.05203141333422072
834,1155,0.05202388629620722
146,924,0.05201540264318478
251,163,0.051995034506678646
834,549,0.051993926076022136
1143,268,0.05198451462424534
251,1169,0.05196685916934001
251,466,0.05196037713086133
1143,403,0.051960180094030826
712,23,0.051959612331439343
1143,443,0.051956335215808724
712,333,0.05195191861583056
715,463,0.05193667996654323
834,1012,0.05192659817255903
577,39,0.05191813682092935
834,182,0.05191628814692255
712,4,0.05191515592676082
919,510,0.05189801334596686
834,498,0.05188826642593928
1143,158,0.05188811626205183
1143,15,0.05187848193503571
1143,1107,0.05187828218351824
712,1186,0.05187594072076916
146,1078,0.051839704649743086
712,670,0.05183493252765351
840,190,0.05183123043693904
144,1132,0.051828797213708276
715,440,0.05182356187585947
712,284,0.05182345891269707
2,243,0.05182028171491864
1143,1147,0.051819035113869566
577,286,0.05181708628298184
962,987,0.05181502736477175
577,383,0.05180511947597
295,860,0.05180064926446172
577,283,0.051798289505777445
1143,557,0.051786037788724926
834,151,0.05178196654207922
834,900,0.05176144541224591
778,859,0.05176030341043634
1143,844,0.051757493228116104
834,826,0.05175093416167815
843,888,0.051711983791740725
834,776,0.05170657402181635
834,999,0.051701895960848746
843,97,0.05168960898178744
834,919,0.05168521490977561
1143,610,0.0516835208460604
577,362,0.05166347305628423
144,195,0.051661545892301916
1143,1044,0.051661374257049544
295,594,0.051656796437483866
251,634,0.051602830270176654
843,795,0.05157352086743253
715,708,0.051570191201991265
251,987,0.05156827070796719
919,452,0.051563695101546146
715,1006,0.051558320787898536
146,253,0.051555596114666265
834,516,0.051553763714737535
834,205,0.05155255678435339
834,1126,0.05154955956074239
146,17,0.05154285397786887
834,599,0.05154021106124465
577,711,0.05153310081776634
251,903,0.05152906615500711
712,660,0.0515277735131016
834,1073,0.0515245384185593
1143,46,0.051519796982149445
1064,552,0.05151861216235073
144,605,0.05148760253730201
577,731,0.0514869582409326
919,842,0.05148042523331085
919,530,0.051472847209817714
834,1143,0.051470787087483476
962,541,0.051469134840628664
251,924,0.05145699168075662
577,1090,0.051442395419750826
1143,431,0.05143682082901489
834,990,0.05141914664157941
295,203,0.0514139815064803
577,291,0.051407181292392974
804,1082,0.05139788317527337
184,605,0.05139787405858538
1143,292,0.05139597957634483
715,1070,0.05139563303315636
840,869,0.05139119992197623
834,274,0.05138422559111147
1143,279,0.051368460923346716
962,1083,0.05136566890976996
834,200,0.05136297821680231
834,304,0.05134184936620962
919,224,0.05133836732660933
712,453,0.051328585317042597
834,656,0.05132801035343175
1143,117,0.051325989819949944
834,1089,0.05132124417664531
1143,427,0.05130758150665371
1143,911,0.051306690855210106
986,1118,0.05130403973174511
715,110,0.05129589333409433
251,324,0.051282755361195635
834,897,0.05126030966436806
251,7,0.0512568498250924
1143,1104,0.051256830430421715
834,1063,0.05124269713270755
144,383,0.05123448556317077
712,1022,0.05123437790546538
834,986,0.05123111201437675
577,407,0.05123042604120164
184,743,0.051214579158785786
834,18,0.051210445576787125
834,746,0.05120293557370877
184,7,0.051192157153805116
715,809,0.05119034088900424
251,164,0.051182736374829244
834,794,0.05117320669066404
184,250,0.051170195021817286
146,903,0.051162450463662135
577,440,0.051148756802891736
184,398,0.05114239584767599
840,1056,0.051128155062470246
712,488,0.05112407108506999
840,95,0.05111761083908796
715,478,0.05110320135258163
577,605,0.05110106097775214
712,596,0.05109688979450191
834,52,0.05109539139294255
834,359,0.05109195628243032
577,924,0.05108449412872807
834,145,0.05107634946719562
834,801,0.051076285971835354
715,103,0.051076080475639114
715,791,0.051069107000237736
144,1112,0.05106789545773236
840,346,0.05106607957970651
1143,58,0.05106432946289953
1143,396,0.05105201780476477
715,1124,0.0510468477040516
840,156,0.05102333801911157
834,1129,0.051023237254091525
1143,579,0.05101531961840674
1143,123,0.05101264585196037
834,694,0.05100629525133073
843,510,0.050991385575136015
692,532,0.050986250976170724
919,532,0.05097225022077818
919,592,0.05096521024471902
251,743,0.050962457958530626
577,308,0.05092547472304568
577,1192,0.05090481359919187
577,495,0.05090478168430534
577,415,0.05089870864180564
834,1061,0.05089392948268643
184,973,0.05088914156108473
712,607,0.0508885150417876
834,168,0.050884272205290355
834,81,0.05088217665961552
712,178,0.05087533551810984
834,1016,0.05087216342290561
1143,495,0.0508665334859572
1143,1110,0.050865879565097145
834,325,0.050858791600943386
712,1146,0.050855384822467375
692,380,0.050845208448974034
1143,949,0.050837083848076385
840,139,0.05082750151913403
146,1172,0.0508225083006076
986,631,0.05081373301091295
1143,78,0.05081086180923582
712,1187,0.05080166429881408
251,286,0.050794841691364466
834,1181,0.05079433000784552
834,939,0.050794213231943545
715,797,0.050788339375798165
834,705,0.050782529138466995
577,859,0.050779679440995006
834,762,0.050775416387286186
146,661,0.05076452173143543
712,556,0.05075796003958345
692,1112,0.05075211172223444
1143,1077,0.050748568232793695
834,544,0.05073553895672847
577,639,0.050727421432503826
834,1096,0.05070517493194728
778,202,0.05070147235382404
804,869,0.05069261024882744
834,617,0.050691784075033997
577,609,0.05069173266653247
712,388,0.05067204729524796
778,477,0.05066130234300136
834,601,0.05065490638918303
1143,377,0.05064791457617808
692,95,0.050636156365174
1143,807,0.050632584074793575
1143,940,0.0506305542177088
146,472,0.0506149817698439
184,139,0.050612079869580134
146,805,0.05057079509004745
144,510,0.050567694910176084
834,576,0.05055419946196446
577,281,0.05050883429955402
834,767,0.050504107865293926
712,227,0.05050406451741212
146,222,0.05049891755682599
834,1048,0.05049863369066429
715,754,0.05046884970820684
692,1130,0.050467598630198486
778,869,0.05046079069251274
1143,85,0.05045367455597612
1143,12,0.050452605321727476
834,910,0.05045246291341963
843,605,0.05045171526031929
146,305,0.05043764155802327
840,1188,0.05041774219477407
146,1098,0.050415724197646956
834,433,0.050404445395360147
1143,232,0.05038771899957979
834,443,0.05038575444495804
834,1024,0.05038569986028267
715,1120,0.05037459200100374
834,1046,0.050367295093328886
1143,79,0.05036545454429891
962,321,0.050361009627335855
834,657,0.050356429267457176
577,863,0.050355453706001675
834,486,0.050352981343681144
251,407,0.05030299418579244
144,639,0.050300448899281376
184,1098,0.05029903832685118
712,158,0.050288342001563555
962,126,0.050266132601830465
834,77,0.050254848005711346
715,637,0.05025003817781369
834,343,0.05024369689263957
834,880,0.05024333023516223
692,1188,0.05023585255561073
577,344,0.050233149126038656
577,1201,0.050233102048045625
184,633,0.05022647013362458
146,806,0.05022413846885565
712,428,0.05021403185666888
1143,666,0.050213074877230104
1143,1015,0.05020063159884889
146,590,0.05020004165936816
834,843,0.05019907185971534
1143,1091,0.05019906017670958
144,380,0.050193875056149743
834,573,0.05017959550492538
251,253,0.05017924586111286
144,483,0.05015687609331133
843,1083,0.05015274639423227
962,224,0.05013167243114214
144,163,0.05011358294222554
834,813,0.05011111042071995
962,250,0.05010767656881008
1143,946,0.050093445463497165
715,660,0.050080994872941646
834,228,0.05005676935727759
834,219,0.05005304656542869
715,1187,0.05004832131776197
834,303,0.05003768577364394
919,765,0.050019927305676934
712,403,0.05001885325617614
692,998,0.0499980012133368
146,1180,0.04998699384669581
1064,1056,0.0499859125752944
144,378,0.049985143262022504
962,743,0.04997261826261549
1143,868,0.04996799328484368
577,723,0.04996769858240975
712,188,0.049956422641657276
834,1050,0.049951632357542256
184,156,0.049942871155558635
834,578,0.04993517720226165
715,403,0.04993438721313622
986,283,0.049933295142482084
184,719,0.049920331904016714
962,698,0.049909466864366314
1143,56,0.04990318452646916
843,301,0.04988002986303438
834,524,0.04987780324235086
840,553,0.049876076582011965
834,504,0.049867092369445594
843,592,0.049864068752481644
834,100,0.049863945476027245
1143,1003,0.04986256630408007
834,1197,0.04986080913734604
712,1084,0.0498584727478861
834,849,0.04985630755404093
1143,83,0.049853237265875996
834,1170,0.04984831322629751
1143,1047,0.04983446368743288
577,487,0.04983400070481678
251,1002,0.0498320901071861
577,869,0.049830064998031616
834,367,0.049825271567013704
1143,169,0.049809224048619816
715,1177,0.049799611654497346
144,154,0.04979615372813893
834,25,0.04978713511237579
1143,1102,0.0497719611442366
834,1141,0.049765498465631365
144,398,0.0497636865804265
986,860,0.0497430910055483
834,485,0.049740653936976506
577,984,0.04972742321453069
146,1060,0.04972657856983511
577,552,0.04972053690085806
577,1042,0.04971907687784434
834,529,0.04970212205135645
146,60,0.049700353248639875
962,973,0.04969310746594142
712,769,0.049685103506490004
962,286,0.049684064206215975
834,839,0.04968120506798934
251,222,0.04966154103320165
834,438,0.04965996593081852
715,1146,0.04963822800321193
712,395,0.049631619270638756
715,393,0.04962913231055551
712,756,0.04960207438894522
146,856,0.049592734290275546
834,246,0.04958662580995115
834,347,0.049572147753257405
834,447,0.04955126364477354
184,171,0.04954311503930315
834,19,0.049527179129195506
712,971,0.04952690722906601
251,633,0.04952367736461213
834,187,0.049522469942929
834,288,0.04951219145884331
146,528,0.04951139750746455
715,466,0.04951096318154558
144,466,0.049507726849018205
1143,1152,0.049506258116673064
834,322,0.049506026539710396
834,934,0.04949806002336196
1143,198,0.04949636267230401
251,195,0.04949073206039037
715,707,0.04947827623777028
184,456,0.04946299198529657
144,903,0.04946291999595215
834,697,0.04945597127469722
146,475,0.0494464159788324
843,765,0.04944270296505723
715,436,0.049439457011495075
144,283,0.049428634924962356
840,456,0.04942556926936094
715,344,0.04942312136758197
834,962,0.04942265144795142
715,562,0.049419650821877735
1143,430,0.049409572739111854
834,613,0.049380003073860666
692,719,0.049378825736440486
715,901,0.049377158295236576
712,892,0.04934158626799277
146,973,0.049334451863553674
715,472,0.04932248925857778
715,5,0.049305580760099686
577,888,0.04930305869141657
834,43,0.049298066601077044
986,380,0.049298013055029406
834,184,0.04929167398049782
712,857,0.04928751384354192
692,661,0.04927605245553859
712,404,0.04927546536170984
1143,563,0.04927285133669108
834,887,0.049272711413848015
295,452,0.04922827494184491
712,551,0.04921504600600738
843,719,0.04920914934240736
577,126,0.04920416000925248
1143,400,0.04919405516746454
804,859,0.049183158444220484
834,492,0.049169665121251496
843,639,0.04916827813187409
843,452,0.04915939491119799
1143,1112,0.049156844437410085
834,1092,0.04914571950147875
146,29,0.04914058964537205
144,1055,0.049116560341621845
1143,555,0.04909660508770175
843,283,0.04909178830548136
834,101,0.049074488777420065
962,324,0.049067798420050615
712,341,0.04906405569848959
295,530,0.049057032441339736
251,1144,0.04904130367901909
146,588,0.04904087926739873
1143,238,0.04904076535351244
692,202,0.04903818983482087
834,280,0.04902381155896948
962,253,0.04902255479568826
715,1033,0.04902016125843804
715,881,0.049014791356902884
295,592,0.04901277290263756
577,881,0.04901246378735447
1143,189,0.04901032636358473
986,1188,0.049006189392198675
834,941,0.04900076546647474
712,204,0.048984416491154224
834,546,0.04897719272120502
715,1090,0.04897355672012674
1143,388,0.04896457384149879
715,984,0.04895938515028231
146,1198,0.048955757798550686
834,1068,0.048941174682529745
715,731,0.04890268647159291
919,869,0.048898552636407806
1143,824,0.0488965897592923
251,378,0.0488944123503627
778,1056,0.04889312168520858
712,748,0.04889158648045506
144,227,0.04886786197663407
834,450,0.04884801117179131
834,69,0.0488393321257809
843,382,0.04883655336734299
715,218,0.04881842594626361
834,902,0.04880431259813724
251,126,0.04879708612920203
184,859,0.04879326662091351
834,591,0.048793152434976714
577,164,0.048781693917370604
834,481,0.04877774793023635
1143,1022,0.04875783143454379
715,333,0.0487575780763813
715,636,0.048746582608125755
251,854,0.04874328887211874
834,1019,0.048737254717130675
144,859,0.048725628269564863
1143,314,0.04871420927397224
146,515,0.04871224934254093
715,237,0.048709712292040325
834,245,0.048699880379287824
986,346,0.04869886310984202
144,854,0.04869767661190703
715,122,0.048690466442498276
251,605,0.04868762485868206
146,235,0.04867707109826793
715,139,0.04867239400792693
715,588,0.04866612622319554
1064,477,0.048653297526529075
804,719,0.04865126697645779
251,698,0.04862346537335749
251,398,0.048623130175613906
146,1195,0.04861579359631186
834,966,0.04861388711913296
715,118,0.048610898864275144
834,724,0.04858286505103276
577,1169,0.04857144842671971
184,510,0.048539664344552334
295,537,0.048535714845380835
146,541,0.04851712941705467
962,398,0.04851633253062589
834,271,0.04850275978250913
834,833,0.04849747117281461
834,736,0.048497195207200215
715,777,0.04849240459655641
715,431,0.048483707257848827
834,539,0.04848348735177015
144,171,0.048480727571782956
834,810,0.048474846162427955
577,510,0.04846102166362551
834,907,0.04846079454992679
184,661,0.04845733090475127
251,84,0.04844370787831765
962,903,0.04841552304458339
843,631,0.048415131160492356
712,214,0.04840149838595649
834,780,0.04837860506366209
834,709,0.0483607566404498
1143,297,0.048351267154440235
834,643,0.048346586195768385
1143,809,0.04834040327060955
843,698,0.04833196371161733
712,458,0.04832768637171604
840,1082,0.04832646718948558
577,250,0.048308110952232454
834,1031,0.048296188002235924
834,102,0.0482928345499004
712,754,0.048283129500064026
986,308,0.048273934909345576
834,847,0.04827225286559725
843,250,0.04827095934965677
184,631,0.048270283897779126
843,973,0.0482594402493578
715,917,0.04822376002487761
778,1188,0.0482220486999271
712,215,0.04822010395612654
834,317,0.04821493236228768
834,226,0.0482144885399854
715,26,0.0482130970153433
834,995,0.04819890724064706
834,166,0.048186657751591366
715,1186,0.04818658920546482
1143,971,0.04815840284540998
834,148,0.048154942436619455
712,936,0.048146524944454386
840,719,0.048141323482530606
577,1188,0.04813180115206768
834,233,0.048131253900045405
577,1033,0.048124631684442004
834,230,0.04812434310154723
840,147,0.048113387453893555
1064,470,0.04811304527463281
715,551,0.04809296691125483
715,850,0.048089125666975076
778,346,0.04808856815951944
715,892,0.04808453941134057
146,474,0.048079796939501894
295,243,0.0480791116429108
715,1069,0.04807043008293217
1143,1057,0.04806951907770472
834,1178,0.04806512990089714
715,994,0.04806171478072364
577,973,0.048058943038594856
834,414,0.048053358815689916
840,860,0.04804241317682651
840,569,0.04803752478101352
1143,335,0.04803331946329265
715,215,0.048032966128705404
251,97,0.04802872146652356
715,138,0.04802663975451113
715,796,0.047993909917749884
712,169,0.047990156984227476
986,202,0.04798671808957902
834,766,0.0479802389427158
919,860,0.04797742680611219
834,531,0.04797490742692831
144,7,0.047970754270375136
715,582,0.04796464091259223
1143,1021,0.047957634823624265
962,380,0.04794139644580314
692,1115,0.04793952105514772
1143,9,0.04793803974926715
251,888,0.04793619925129486
1143,570,0.04793301284219059
834,67,0.04792423357188787
834,1159,0.047920539903022766
715,198,0.047919314356556414
834,1099,0.04790560801026048
715,867,0.04789843839788074
834,935,0.047893583990029805
834,700,0.04788295661983348
251,1098,0.04788015076358028
715,742,0.0478779973101812
184,1144,0.04786939460506526
834,676,0.04786838905360811
1143,556,0.047859389313171255
840,532,0.04785884511831389
834,1148,0.04784165887091092
1143,227,0.04783488085046207
919,569,0.04781928745253986
834,925,0.04781730293969737
146,321,0.047817161659934965
834,623,0.04779591048856217
715,868,0.04779241047765867
834,468,0.04778598037447384
834,838,0.04777648444073122
144,553,0.04777183954208888
251,973,0.04776808101953946
834,1147,0.047749753097183205
834,210,0.047747563928161436
712,1174,0.04774347693519655
834,665,0.04773974057233238
715,528,0.04771131065365005
712,600,0.047706296585414414
715,300,0.04770216738524431
1143,413,0.04769322767765388
834,688,0.047690858612062875
986,477,0.04768221541674854
834,1081,0.04768017669124153
712,497,0.04767008297946293
577,1032,0.047650654017245456
1143,237,0.04764151839534305
715,875,0.04763887165566681
1143,523,0.04763633837515163
834,408,0.047635011892525905
712,1057,0.04763162937728074
1143,930,0.04763118576037774
715,1180,0.04763008316931548
1143,309,0.047613161658095364
712,1171,0.04760619153695706
1143,904,0.04760362275850783
146,171,0.047594386861183335
715,342,0.047593660210122304
577,84,0.04759141251319356
843,380,0.047585472382882014
712,514,0.04758271900015444
834,584,0.047574334853083794
834,933,0.047557175054326856
712,1091,0.04755541371649811
840,998,0.047543586383509875
1143,53,0.047533629705432984
834,282,0.047531422666205136
715,348,0.04752059218288081
804,1056,0.04751109832626337
962,154,0.04750073032723118
1143,1174,0.04749414049064942
834,364,0.04749380663151208
692,456,0.04748788329046621
834,851,0.04747849215222451
834,73,0.04747831857335573
843,154,0.047466638467831716
834,31,0.04746528913899124
1143,936,0.04746426175494947
715,670,0.047456701415818515
1143,116,0.04744173251309504
986,95,0.04742583286386442
834,108,0.04741693193804765
715,355,0.04741338042269481
715,1161,0.04739542159522458
715,789,0.047377014658315814
692,308,0.04737390263268997
715,497,0.0473695660898858
834,675,0.04733677623230061
1143,742,0.04733648694727352
184,532,0.047325286715141045
840,1164,0.04728837556937207
804,1130,0.04728610562917072
251,998,0.04728044421049957
834,1156,0.04727239581467513
184,998,0.04727012553947165
715,23,0.0472676708379928
834,70,0.04725529209226199
834,816,0.04723916134950332
1143,981,0.047228151638681645
712,904,0.04722342336551004
715,421,0.04721660648958639
834,425,0.047213303342120976
146,1116,0.047201708482457964
577,340,0.04718445517178086
1143,848,0.04716045236671021
184,553,0.04714799795730266
834,807,0.047146408482452024
834,1190,0.047133932205646635
834,896,0.047090747444483695
712,1120,0.04708959069300045
1143,984,0.047079772072631317
577,421,0.04707842453942345
144,866,0.04707435231263253
146,852,0.04705907647322498
146,273,0.04702727269718558
712,852,0.04702550419808475
834,690,0.04699826353072669
843,537,0.04699019114889305
834,620,0.04698954299880792
712,940,0.046985014259625625
712,1070,0.046972764182655724
962,639,0.04694971279643989
712,875,0.04693074869536692
834,248,0.046904468588441446
834,792,0.04689525112130949
577,195,0.04689134047555852
712,582,0.04687883015954503
184,95,0.04687518639514763
834,1010,0.04687270042520393
715,415,0.046870385181156035
712,408,0.046869768771236886
962,634,0.04686115073116246
834,501,0.04684487174136507
712,917,0.04683048706282134
1064,311,0.04682388485906708
712,1060,0.04681508453733868
1143,167,0.04680449075211743
834,276,0.04680423978111385
843,924,0.04679809167152444
184,866,0.046784821098498366
184,698,0.04678034159904397
962,633,0.04672401583306398
251,866,0.04671277381145103
712,1177,0.046694178696614776
251,661,0.04668934189272471
834,982,0.04668744254235726
834,782,0.0466837601913332
146,196,0.0466734081988867
986,869,0.04667017872643683
834,604,0.046669835782050695
778,470,0.0466568394784683
840,1055,0.04664145810174727
715,883,0.04664070337674276
962,924,0.046640681136171695
834,290,0.04662351426412796
712,562,0.046617999667012286
834,655,0.04661443041564966
804,1188,0.046612127147815145
834,916,0.04660987609573242
986,1130,0.046600833136458866
834,744,0.04660048319743961
715,397,0.046598270024458655
577,1115,0.04659383772856827
146,731,0.046587910509999046
962,1130,0.04657588243964604
962,592,0.0465707687663519
146,252,0.04656974329535945
986,470,0.04655784804932193
834,1035,0.04655478101173689
692,765,0.04654964910424583
692,631,0.04654415399559579
834,829,0.046543035754577536
1143,5,0.046531846439028114
834,353,0.046506464234763165
834,778,0.046503129494514364
804,978,0.04649775727854715
295,799,0.04649625356888721
834,638,0.04649291309956937
184,1017,0.04648562956130733
144,97,0.04647579943932795
834,185,0.04646987478724305
715,621,0.04646703719273299
146,518,0.04645594398016473
712,1090,0.04645204729529658
834,87,0.046451503606659256
715,284,0.04644815865631675
712,796,0.04644664633777572
834,835,0.04644447708967802
919,470,0.04642993873933306
834,27,0.046410897798131664
712,1133,0.04640125025529587
1143,4,0.0463988765095891
144,1130,0.04639583458371404
834,931,0.046388253553345964
1143,487,0.04638377454838018
834,279,0.046382395250232016
834,1168,0.0463790706137303
834,853,0.04633757380054601
715,474,0.046330570906878234
834,236,0.046304933136222595
1143,488,0.046295986722819385
834,533,0.0462830481306646
834,33,0.046282198201161966
715,1179,0.0462687651303348
843,95,0.046257992656081486
146,698,0.04624827596190589
1143,1177,0.04624397066209318
712,124,0.046226871739074436
1143,1006,0.04621907618425933
251,631,0.046213590872048696
834,872,0.04621290755610304
834,603,0.04621175645926863
251,154,0.04621045593487212
1143,748,0.04620920583827573
834,991,0.04620707690405623
834,32,0.04620634189458677
834,668,0.04620307002336804
840,224,0.046189264687599235
577,378,0.04617894376805901
834,1199,0.04616504169814932
1143,1161,0.046158860797626794
778,978,0.046146293732389515
1143,873,0.0461432482393643
577,253,0.04612375771940612
144,998,0.04611207024995408
1143,1145,0.04611065464986529
834,878,0.046071878804857955
804,308,0.04606968884744328
184,639,0.046068302423410076
962,382,0.0460676079626775
834,818,0.046064580062398
834,996,0.04605505741343117
1143,404,0.04605069780233477
840,693,0.04604695392600465
834,1038,0.046023779472245646
834,635,0.04601784458945048
843,1188,0.046007204907021176
146,605,0.04600444941101671
712,787,0.04600181884352002
1143,428,0.04598897358265558
1143,706,0.04595511065385593
834,6,0.045952478901453465
1143,333,0.045923815441271616
692,1017,0.04590215835538862
577,95,0.045901571288133276
715,1060,0.04589905711702704
834,1100,0.04589105084156694
712,528,0.0458900567121675
184,308,0.0458895346615454
834,989,0.045888338166313075
712,581,0.045880006409315686
146,383,0.04587804866542376
712,988,0.045877619458192916
715,91,0.04586692995598497
834,908,0.045860510379859505
834,125,0.04583050352043903
251,1017,0.04581261128780636
1143,444,0.04581198011182196
692,1028,0.045807993724219
834,62,0.04580752090487567
715,163,0.045806948596431946
712,867,0.04580617851672513
146,637,0.045798034698066724
986,1056,0.045789589247473714
144,973,0.04578686652871221
834,144,0.045784331792891875
712,777,0.04577549432735176
184,1115,0.0457534709907546
834,955,0.04574643715235734
834,349,0.04574422215236464
834,1154,0.04574138255235154
834,618,0.04573217050886599
146,743,0.04572621299034628
834,211,0.04572427094472335
834,502,0.04570409253395579
834,522,0.04570048974537228
146,842,0.04569985675150572
778,719,0.04568440961069108
1143,1185,0.04566531931930023
184,243,0.045658751973402155
834,410,0.045653898292401345
834,1173,0.0456440645518838
184,382,0.04564354573603155
834,542,0.04560307829834857
834,390,0.04559119651021316
1143,173,0.04558601841733347
715,253,0.045550981218110735
834,1165,0.04553846250329897
184,1130,0.045522160134427093
962,605,0.0455116806185549
1143,339,0.04551087322286508
834,713,0.04549818862978396
251,1130,0.045481624049161465
834,38,0.045475007771600004
251,391,0.0454660595500742
1143,218,0.04546072277273806
834,749,0.045452010667826385
919,477,0.04543836692882985
834,649,0.045434784631315804
962,510,0.04543288039442776
834,207,0.04542959056779879
834,82,0.04541111644177765
834,1034,0.045393613763185146
712,461,0.04538341995740922
146,244,0.04535898516209589
962,1017,0.045325569354248404
715,383,0.04531572992307402
251,1055,0.045303731411382865
834,721,0.045297318786414444
184,452,0.04529660748622429
712,198,0.04526858321945714
834,1030,0.0452657088518935
144,1144,0.045254909853930034
1143,1146,0.04525297833983447
1143,118,0.04524340211776497
1143,621,0.04523033884845823
144,532,0.045226670646580126
834,435,0.04522653284845005
962,1002,0.045225436012262414
834,1193,0.04522180001077494
834,1162,0.04521242337368709
712,1160,0.04520581932154336
834,1158,0.04517794081421056
834,294,0.04517132123671483
715,362,0.04515407102167323
962,998,0.04515128297240605
834,718,0.04513934235569481
834,503,0.04513324226130586
843,860,0.04511348396551283
834,53,0.04509922723287576
1143,654,0.04509189494771696
804,1164,0.0450876116161017
834,265,0.045046818859523
715,787,0.045029395273149836
184,301,0.045026971364615476
840,978,0.045014632853697605
834,646,0.04501358493069471
962,869,0.04498291189825472
834,278,0.04498173878459979
834,583,0.044980136582671776
834,909,0.044974097518911786
834,189,0.044957092370049447
146,888,0.04495411952413563
712,397,0.044939828869905635
834,1191,0.044931258712369
712,421,0.04492892179749212
834,1111,0.04492429501506988
834,728,0.0449041297370117
715,581,0.04489931877614028
834,890,0.044895035642960365
834,814,0.04489005700295373
834,651,0.04488993619914495
919,552,0.04488873063771333
715,124,0.044882138944155034
251,639,0.04487524168109533
146,723,0.04487505911874979
146,1058,0.04486268193740561
251,515,0.044846668126677675
834,8,0.04484312543073335
144,888,0.044841784040411524
712,68,0.044815742745167815
834,92,0.04481455068102582
712,802,0.04476902590954857
840,308,0.04475933944218757
1143,7,0.04475682306618831
962,202,0.04475395416991427
834,672,0.04474964150608684
1143,850,0.04474721791936682
1143,408,0.04474076028265142
834,449,0.04473096248153913
834,764,0.044700324632275266
712,1180,0.044699656235722515
1143,393,0.0446989693149268
834,686,0.044697454884194875
184,224,0.044677413240774455
251,860,0.044674466361409655
834,47,0.04467075835671941
144,698,0.04467034303775433
834,45,0.04466905402256661
146,799,0.04465347346692612
919,978,0.044639581387409775
834,678,0.04463894683013413
962,301,0.044637027982833276
834,684,0.04463641359614623
834,711,0.044629431284770184
715,1078,0.04460995289651609
834,99,0.044605407747902996
834,914,0.04460414031234748
146,1083,0.04460413118862283
715,541,0.044601517856659306
712,478,0.044600493118787575
834,334,0.044591894256275556
834,689,0.044576791979167626
146,195,0.04457070779251148
834,320,0.04456561701519027
840,323,0.04456388747835521
834,401,0.04456113607614816
577,171,0.04455690430147728
1143,1097,0.044555954876955794
834,467,0.04455458809429826
962,866,0.04455127039121017
834,80,0.044548812053288096
577,866,0.04454457973239783
577,515,0.044538851887777425
804,1118,0.044537515547387
804,147,0.044535559620929005
715,857,0.04451304466172605
840,594,0.044507495884334926
715,963,0.044498709997712854
843,799,0.044481500107268056
1143,754,0.044459941703372155
712,706,0.044444565787475195
834,784,0.0444429481792519
251,859,0.0444186345148891
1143,305,0.04439927464611457
1143,1131,0.04439788594771499
715,453,0.044393313563901575
715,806,0.04438403219533595
834,412,0.044376996782255006
834,980,0.044367663383155995
146,1109,0.04436466759613626
577,311,0.04436414025905855
834,1105,0.04436337857686755
712,338,0.044343853888191904
834,209,0.04433535566858702
577,854,0.044331955096631924
919,190,0.04433059369513687
834,598,0.04431314871162565
834,580,0.04431297080070692
834,1200,0.044310141059579373
577,1017,0.04430675062787502
712,61,0.04430307595579026
715,211,0.04430220611106038
834,94,0.04430000214551186
834,142,0.04428693457963186
834,384,0.04428091975423692
804,1115,0.044255483059322205
834,874,0.0442102800095306
834,1043,0.04419339066394714
712,590,0.04419133892267843
834,1182,0.044185517054341414
712,1097,0.044172633240395484
692,1082,0.04417247783000155
834,13,0.044138910097115965
577,687,0.04412307350702975
577,1132,0.04412232039852628
146,95,0.04411476007403405
146,785,0.04410329178140492
1143,91,0.04408951317052826
834,264,0.04407471916507179
1143,670,0.04407332419906854
144,391,0.04406205847029289
834,1008,0.04405361682344159
715,286,0.044033941999449655
834,160,0.04402079949868357
834,1094,0.04399831102011679
144,224,0.04399585741261649
1143,211,0.043994976803645565
834,373,0.04399475587604412
251,171,0.04399455093373751
577,998,0.04398041589847987
577,1179,0.04397556895538885
834,948,0.04397458746782491
834,1138,0.043945889366005506
692,382,0.04394576328306222
834,177,0.04392986914702349
251,156,0.043920018559599365
834,956,0.043913387277715175
692,224,0.04390646357448509
834,790,0.04389119235058184
712,850,0.043885996967805686
778,1118,0.043884178667850125
834,951,0.043877849358279875
712,483,0.04386629333127626
834,1122,0.04386478604917592
146,324,0.04386448738992033
834,128,0.04386402551976851
834,394,0.04382873722327047
146,1002,0.04379565097955669
712,39,0.043771193379018386
715,590,0.043763886747643914
834,260,0.04374544528084595
577,661,0.04374257342655368
834,241,0.04371359843212975
986,719,0.04366117384026442
146,625,0.04365170634723758
834,170,0.04365054853497393
834,360,0.043643735418237205
919,537,0.0436419195154813
834,499,0.04363975499228282
1143,1186,0.0436329575860213
712,518,0.04361142422266733
834,632,0.04360059414716559
715,706,0.043570938471845656
834,997,0.043566698726736956
146,154,0.04355364968553721
577,122,0.04355287343834544
919,799,0.043544828176740144
1143,338,0.04353127867192518
715,235,0.043530282395268384
715,609,0.0435255893462119
778,552,0.043523932013573255
834,943,0.043513449053917325
962,661,0.04350937265703817
834,268,0.043503039918768784
834,685,0.043502596961118266
1064,147,0.04349591888073847
834,295,0.04348683009439736
715,291,0.04348504730213233
834,217,0.04347247523429707
834,396,0.04340877900276844
715,987,0.04339971993143177
251,869,0.04339674155905049
146,859,0.04339322265199208
577,698,0.04336360689542959
962,888,0.04335624562913667
577,138,0.04335161698313458
834,336,0.04334580061448622
712,163,0.043290602438168325
715,802,0.043289553950221354
834,402,0.04327330390703188
715,854,0.043270117513932914
715,1172,0.04326041159312368
834,602,0.04325380568094132
144,456,0.04324131851273264
834,315,0.04323399423430806
715,515,0.043184011516585935
834,363,0.043182237049360146
834,870,0.04317233053145604
834,379,0.043168996569366874
834,332,0.043165734539631274
712,475,0.043164043840637135
834,740,0.04315958633110431
919,203,0.043155256225002034
712,273,0.043150355674967486
577,1112,0.043105728712337504
184,202,0.043100069274384076
804,693,0.04308403197445173
834,707,0.0430826917436521
146,186,0.0430735531559628
144,202,0.043062322796226474
834,682,0.04304160302815768
1143,284,0.04304049355400203
843,202,0.04301937060577449
144,95,0.04300909268414737
804,470,0.043001341191825596
715,1055,0.0430007994280013
715,654,0.042997865213330835
146,658,0.0429916730037569
834,560,0.04298478851991902
962,530,0.04296438672495018
843,1130,0.042953290545449926
712,588,0.04295253803736828
834,876,0.04294509189405745
184,1028,0.04294504636699933
834,714,0.042917855401666385
715,164,0.04289775079497645
251,553,0.042886392570829476
834,1065,0.04288404399495827
834,957,0.04288365855992478
834,819,0.042882901886563865
834,720,0.04286296335452852
692,203,0.04285720478393864
1143,348,0.0428408499818585
834,109,0.04282642133848894
834,1020,0.042826408623440206
834,891,0.04281785244530397
834,550,0.04281687946140096
834,954,0.042806763629971545
834,131,0.042803395032734046
834,1064,0.04279985835582695
1143,994,0.04279803722554635
715,39,0.04278887119642224
1143,188,0.042788058461964915
778,190,0.04277503743311161
251,139,0.04277236979307911
144,308,0.042767271614398694
834,974,0.04276400152010312
834,216,0.042758894185352815
834,329,0.042749303584627696
804,552,0.042747524903484
804,323,0.042743061003872304
251,224,0.042742831107436687
840,243,0.042724103389673834
843,842,0.0427174450409701
146,631,0.04271504758396763
712,856,0.042709586747178646
834,695,0.042698699913725914
1143,71,0.04268663881208393
840,799,0.04266248925774723
834,983,0.04264715265420873
834,312,0.0426376585583607
834,561,0.04262903938862086
834,821,0.04262011808814953
834,484,0.04261793886563773
144,1082,0.04261208896691162
715,973,0.04261071032934779
834,350,0.04260854209831146
712,636,0.0426074656317476
919,693,0.04260258101630427
712,654,0.04259132003209909
834,24,0.04259093411085764
715,1002,0.04257077532089982
712,138,0.04255568721590342
834,768,0.042552800540440534
715,222,0.04254957927997926
834,1026,0.04253499079289977
144,869,0.0425280500200264
1143,756,0.04252227159565276
834,871,0.042520008353177006
712,456,0.04251616385292262
834,1088,0.042506745790294974
251,1115,0.04249401340849335
840,1118,0.042493752804473185
1143,917,0.04247710683441785
834,229,0.04247134141368361
834,441,0.04247012378077083
184,203,0.042443833704364324
919,594,0.04242394619914227
251,1056,0.04242123561811625
919,147,0.04241439636127723
834,143,0.04241206693759344
1143,1109,0.0423928850337605
1143,892,0.04238613911961404
834,34,0.04238385733851794
712,472,0.042383790630423024
834,239,0.04238066727514479
692,842,0.04237089422335402
1143,1069,0.042360574111916474
834,662,0.04235146489077079
1143,791,0.0423430147775895
834,423,0.042315637568151626
834,153,0.042315519180531495
1143,478,0.04231512311224371
834,960,0.042312355068413236
715,156,0.04230517604013082
843,308,0.042304522792811924
834,48,0.042304081906539545
840,203,0.04230221476569128
715,196,0.04228457039463003
715,785,0.0422595335675355
1143,340,0.04225627377014438
840,452,0.04225601029870913
1143,600,0.04224968569745526
715,341,0.042247922506343315
834,513,0.0422471227236455
962,308,0.04224643332484724
834,729,0.0422447142789816
834,122,0.04224249862242802
834,893,0.04224178660310758
834,589,0.04223613205906354
712,348,0.042210118368833364
692,243,0.04220705084595314
184,1056,0.04219960224865208
715,483,0.042192626391362294
144,243,0.042173253588226094
834,161,0.04215868311966194
834,428,0.04215220281701299
1143,789,0.042149386780675466
834,823,0.04214718348811197
834,429,0.042133811493265894
834,587,0.04212888500972454
692,301,0.042127546495254194
834,828,0.04211965074842516
840,311,0.04211873933106369
834,788,0.04210583518100043
834,650,0.04210319611970398
715,852,0.042099287362848355
834,732,0.042083689529504004
843,869,0.04207044018218506
834,469,0.04206973480744615
834,895,0.04206449022009105
1143,1070,0.042062208551956984
834,191,0.04206088496691825
834,30,0.042046921951583056
715,856,0.0420359626513393
1143,1133,0.042034102289270965
834,959,0.04202315406059318
715,244,0.042018218460017256
834,1125,0.04200807031218535
834,2,0.04200173976013823
712,244,0.0420004615863149
146,633,0.041999691712379855
715,1195,0.04199767329217905
834,759,0.04199398206520318
1143,103,0.04196070491340835
834,1150,0.04194084478536307
1143,178,0.041920575770054536
715,1198,0.04189316509865023
251,95,0.041889344789248835
184,978,0.041888268919644825
834,64,0.04188541695748947
834,165,0.041850464540197585
834,922,0.04181669637843178
712,1055,0.04180740780170967
1143,461,0.041804627225386325
834,496,0.04177881522516666
840,470,0.04177856779486443
715,1116,0.04176674926233588
834,1067,0.04175232255223091
577,7,0.04174025639437285
834,628,0.041731105743549976
1143,875,0.04171016348541213
144,719,0.04170608895716463
712,291,0.041674855166029
834,622,0.04167340427461028
715,795,0.04166512410940236
834,538,0.0416633451596209
712,621,0.041646880764286305
1143,1160,0.04163904971079538
834,898,0.04163134060693092
962,1056,0.0416231710542976
577,466,0.04161740070555369
834,1167,0.04158804524952848
834,242,0.04158540563908793
712,29,0.04158254040416138
919,346,0.04158000650602872
251,243,0.041574520769828406
834,926,0.04157028983555456
146,510,0.04156991814872476
834,455,0.04155294868255878
834,464,0.04154739154337801
712,321,0.041546748208537154
715,1132,0.04153857825253294
184,869,0.04150835880080847
919,1082,0.04149939287708297
1143,61,0.04149056619724449
843,530,0.041482872618608585
1143,841,0.04146990193100107
715,863,0.04146828209674443
715,321,0.041465146813384236
840,537,0.041463237211278606
1143,777,0.04146181252968848
712,609,0.04143913768331588
577,227,0.041438998107450366
834,836,0.04143511732951501
1143,1195,0.04143009232012359
834,923,0.04141140174451954
1143,660,0.04141041205231094
692,452,0.04140119018602654
712,324,0.04138307441700191
962,1115,0.04137422214367631
840,530,0.041355069150907656
715,227,0.04134696203906589
834,157,0.041340554330246415
146,569,0.04133281259493805
1143,497,0.04133255806939318
834,194,0.04132580798389027
834,571,0.041317899441054316
834,1013,0.04131119550722528
577,978,0.041294330760081474
834,65,0.04127812191032628
184,1188,0.041245161362485246
843,1056,0.0412348831040878
834,831,0.04122969620648618
962,859,0.04122168635551137
715,495,0.04121787874237596
834,277,0.04119120137711295
712,1169,0.04116283920364365
834,112,0.04115243974988585
778,569,0.041133846620047515
834,335,0.041095695628820095
1143,1055,0.04108663221119193
840,262,0.04108656517558651
712,805,0.04107665689230928
577,156,0.04107661189633433
251,719,0.041065024010758566
834,130,0.0410595219942731
715,1109,0.04105906346943035
1143,321,0.04105801379497766
712,5,0.04104386596931478
1143,988,0.04100812777810175
834,439,0.04100153592930322
1143,421,0.040996507823565356
715,17,0.04099507951171825
834,465,0.04096522916601738
146,346,0.04096240549425736
712,730,0.040958628961906246
834,568,0.04095792519866273
962,95,0.04095426374113833
144,860,0.040952977575862415
834,648,0.04094546640565725
986,323,0.04094536735515287
834,307,0.040941311382842904
1143,1090,0.04093541745051721
692,592,0.04093235580883427
146,795,0.04093108069885118
834,1136,0.04092786779489019
251,202,0.04091959745888799
834,1005,0.04091896236104044
1143,483,0.04091492873874393
834,83,0.04091193632692072
834,1128,0.0409060573329421
144,452,0.0408924612789329
577,1055,0.04089032057351081
778,147,0.04088384702126477
986,1115,0.04087261460400313
778,262,0.04084973571784555
712,963,0.0408461984454793
1143,135,0.040846023093849375
834,674,0.04083378745605371
834,595,0.040821903246191255
146,398,0.04080920128801903
834,717,0.040786903409589015
834,535,0.04076976156192193
577,631,0.04075943522052162
712,223,0.04075843083390682
986,552,0.040748417907138325
834,261,0.040741359074561084
834,1054,0.04072083854674751
834,1004,0.0407143439899076
1143,562,0.040713528076486837
715,7,0.04071216161540924
712,1172,0.04070736554350947
834,392,0.04070163986831131
715,1144,0.04068691159252001
834,811,0.040674828528556514
1143,453,0.0406722218217535
834,63,0.04066342234815207
712,687,0.04063957295994134
834,1203,0.04061798425521306
715,183,0.040604302897742535
804,477,0.040594031198447914
834,1179,0.0405905978034482
834,471,0.04058759861406303
146,126,0.040584486769415125
834,1041,0.04057686908414087
712,305,0.040571280992045315
834,15,0.0405677204469164
146,866,0.04056743379929212
251,456,0.040562402213477594
834,296,0.04054724254332443
834,624,0.04052250435364099
1143,149,0.040500332099282214
184,1082,0.040491629283568406
715,625,0.04046209963631682
834,387,0.04046007149670182
834,399,0.04045688178163537
715,518,0.04045547745589562
834,1117,0.04044458506842011
146,639,0.04044093575326069
840,592,0.040438511560514034
834,1018,0.040434362721230126
834,49,0.04041306238786424
834,259,0.04039738877048463
1143,291,0.04039567147212578
712,286,0.04039536297764459
146,250,0.04039319999343283
834,716,0.04038626659104366
577,391,0.040376834121078176
1143,1187,0.040371419529017336
834,840,0.04035271865182973
834,113,0.040350951611636064
986,693,0.04032781188244417
834,846,0.04032779960750814
834,1196,0.04031981005818027
834,964,0.04031091564477805
577,382,0.040309065173583646
712,340,0.040308437580312995
834,358,0.040275273011635186
577,1164,0.040273616458689133
834,167,0.04026784080452129
715,805,0.04025685792294709
834,804,0.040235175209003306
834,132,0.0402310973234614
712,973,0.04022385249233157
834,12,0.0402208247805337
834,509,0.04022009515757234
577,1056,0.04021814004207107
184,592,0.040205444688068324
834,1021,0.04018044082961376
834,420,0.04017844294826642
251,532,0.04016926071164
834,111,0.04016906553361945
712,393,0.040163624153901116
712,344,0.04015290687735704
834,1102,0.040151987088121635
1143,344,0.040138356475005056
1143,1179,0.04013420308317413
144,631,0.040134062158247136
834,735,0.04012851221237873
834,44,0.040119048049079536
834,771,0.04011361901857201
834,567,0.04010995742000091
834,824,0.04009128125245644
834,212,0.040075984504816725
834,375,0.04007554070614226
251,382,0.040060519261475316
692,537,0.04004245549482989
1143,300,0.04004026345708469
919,1118,0.03997854765322614
834,426,0.03997775623595076
834,521,0.03997188436859929
834,107,0.039968989276487656
144,301,0.03996346134402666
834,1142,0.03995587530034105
1143,156,0.039941070614319174
834,565,0.039921027923565756
1143,214,0.03991919607112366
834,201,0.039912317155223885
712,658,0.03990126563295074
834,1133,0.039897781433067527
834,596,0.039896904480133735
834,175,0.03985839881627092
834,680,0.03984334612547626
834,79,0.03983027470573501
834,432,0.0398233235809743
712,881,0.03982144314108414
834,1052,0.03980764983834623
834,704,0.039803052064027435
834,172,0.03979278981156021
834,1007,0.039776901503083065
1143,588,0.039765569972543546
834,534,0.03976156802522479
834,733,0.03975295888674681
712,474,0.039748633117862954
834,152,0.03973483950417247
834,129,0.03972477199861614
834,976,0.03972308349684963
692,860,0.03971314897893097
834,985,0.03970723226872702
834,940,0.03970363489240769
834,133,0.03969234510118889
146,283,0.039686729658092036
834,272,0.03968489159555219
577,163,0.03967275444483206
962,799,0.039670382666742665
834,422,0.03966758082389287
1143,1171,0.03966595762294987
715,687,0.039654142310259405
1143,787,0.0396534268883498
144,139,0.03964283251950292
146,97,0.039610058992495305
577,139,0.039599633507643804
251,765,0.039589660017465354
715,658,0.03957715875601201
834,57,0.03956811672806902
1143,751,0.0395615156057979
1143,68,0.039554290160706655
1143,456,0.03954623782033526
834,947,0.03953330709224253
144,765,0.039503713518409096
1143,1120,0.03949747486384764
843,1115,0.03947849868430728
1143,362,0.03946389184368929
144,1115,0.03945648937004109
144,1028,0.0394381353311268
712,731,0.039434387669744005
834,673,0.03943045407484949
144,1056,0.03942031344085195
577,224,0.039419443102825004
834,981,0.03941299359334283
712,903,0.03937254602221481
834,1107,0.039361642267097874
834,758,0.03935667376805478
834,310,0.039353393637615953
834,440,0.039348743895502455
778,693,0.03930085298187339
778,311,0.039284704501522785
834,953,0.03927402136207017
834,506,0.03927333963327883
834,885,0.03925809466958978
834,121,0.03923597886335128
834,1045,0.03923449055758915
712,156,0.03922957851696061
692,799,0.039223467684271596
834,491,0.03921926124135641
577,470,0.03921657614969492
712,222,0.039201199696656204
986,311,0.039182960563641976
834,381,0.0391698066582406
1143,1180,0.03914866621803112
834,454,0.03914852515510749
834,345,0.03914836422293327
715,29,0.03913991817721384
834,256,0.0391289967381369
1143,26,0.03911689717947597
834,725,0.039104151485664186
1143,857,0.03909589009067232
834,1066,0.039092907393751264
834,917,0.039081951184751065
712,126,0.03907163265770321
834,247,0.03906808528501395
712,91,0.039049255490693914
144,382,0.03904635123698354
1143,1078,0.039032957700217426
804,262,0.03899950661878343
1143,23,0.03898950965736055
834,1124,0.03897055998896038
834,1079,0.038966057784782716
834,920,0.03895398981659696
834,808,0.03895066585709548
834,971,0.03894015845273181
834,21,0.038938973202036854
715,340,0.038931085022754094
834,158,0.03892422361078779
715,1032,0.03892239013218312
712,742,0.03892223140116489
843,998,0.03890943993761501
715,1058,0.038905328846120704
834,791,0.03888085671292885
712,1201,0.038874876487603856
834,562,0.03884996882225466
834,577,0.0388497225442975
919,323,0.03884368678757664
712,149,0.038842311893136666
712,1198,0.0388421572969864
834,1040,0.038826309968953664
712,1195,0.038815740980732635
834,611,0.038794356379524525
1143,1144,0.03878930194263626
251,1188,0.03878754153502469
834,356,0.03874735706417282
834,772,0.03873165163733666
804,311,0.038729986671786225
834,845,0.03870294765495797
1143,195,0.038697757907338766
715,84,0.038683512934191
834,1189,0.03866872211567692
834,269,0.03866426406555076
1143,1028,0.03866220786556676
919,262,0.03864593816266227
1143,551,0.03864012211654567
1143,341,0.038637798482403944
715,60,0.03863092772701789
715,1169,0.038598728371122284
834,59,0.038588238045463526
712,84,0.03857257056936343
715,888,0.03853986644230354
834,192,0.038525315195210026
1143,215,0.03852517466354227
804,190,0.03852186588953872
251,301,0.03851418925841148
834,55,0.03851080746110915
715,1112,0.03850292553938229
834,318,0.03849935014680574
577,483,0.038486329514721446
834,889,0.038481881061602746
834,1049,0.03847820927809638
834,40,0.03845455649697573
834,710,0.03844191017294609
834,858,0.038428082323172845
834,975,0.03842104302186805
1143,475,0.03841273121953044
834,35,0.03841119924794929
834,198,0.038393017449712484
715,171,0.038385626016406944
834,462,0.038376691635184805
144,592,0.038360577669571856
712,164,0.038356350479998226
834,726,0.03833652681455586
834,173,0.03831628014616131
577,262,0.03830796306856418
834,1047,0.03828444285485723
1143,881,0.03828337626710497
834,376,0.038269784617615515
834,752,0.038264209040687704
712,1109,0.038251050870171666
715,273,0.038240247083169115
834,225,0.03823029924200214
715,475,0.03822566523941432
834,1033,0.03820528144701396
715,903,0.038197546967425035
834,861,0.03815727922420175
834,817,0.0381452323813552
834,1025,0.03814014452301514
834,120,0.0381312361997767
1143,581,0.038129362097304255
834,556,0.038119863074118285
834,434,0.0381071971333097
962,631,0.03809796763331173
251,842,0.03807004647466264
577,553,0.03804538348855707
184,311,0.03802449935451966
834,193,0.03801303718646951
834,526,0.03800967322624075
834,608,0.03800620197910107
834,950,0.03800224984889976
715,605,0.03799000140473638
1143,867,0.03798075602007099
184,842,0.03795955553249065
834,961,0.037956749686169064
712,541,0.03795608211697671
834,588,0.037938678796799345
715,1201,0.03792792145987522
834,418,0.0379246786953572
834,1140,0.03791320623603406
834,105,0.03791100092966959
834,74,0.03790218401285347
712,300,0.037894162681073935
712,195,0.03789196551018073
1143,1172,0.03787962082862662
834,946,0.03787742607749145
834,14,0.037872270867186815
834,830,0.03785950869458145
834,409,0.03785401585484608
1143,528,0.03784963338681965
1143,273,0.03783855945757687
834,653,0.037837599700271465
715,730,0.03783261172556342
1143,687,0.03781815883377817
834,616,0.03781385669051091
919,1164,0.037793885116379676
712,863,0.037787176849737134
577,903,0.03778289851476385
712,407,0.03777230744758535
778,1164,0.037748507677072184
834,511,0.03772011268744863
712,183,0.03771518095542154
184,530,0.03771266054901379
146,84,0.03768796297048629
834,1027,0.03768098441332847
146,380,0.03767650860712376
843,1082,0.037675223195382954
986,147,0.037647102096086786
1143,60,0.03764390344391382
834,254,0.037636258588695105
834,1157,0.03762972820649051
712,806,0.03760531716183966
834,848,0.0376008746788747
834,929,0.03759504505239224
834,232,0.03755371285890789
712,723,0.037552679350902826
834,159,0.037549680060206654
834,763,0.0375436531783278
146,634,0.03754066235779307
144,842,0.0375174082584042
834,405,0.0375075180037309
834,750,0.03747301389910097
834,370,0.03746786953808766
834,237,0.03744408017091965
251,1028,0.037443867295174335
834,480,0.03740917717312183
715,532,0.03740116387018167
834,463,0.037398437862752806
986,262,0.03735982642438664
577,477,0.037308977659748485
834,174,0.03727050837746736
834,1134,0.03726017841094864
712,355,0.037247852461352766
834,660,0.0372318612337144
834,110,0.03721456637299448
834,1104,0.03719841450061984
834,119,0.03716638223595895
834,90,0.0371607555822378
834,1077,0.03715535831297398
986,190,0.03714889960181502
834,873,0.0371127648025391
834,1110,0.03709964604247535
1143,204,0.03707570682484445
144,203,0.037074837776391055
834,844,0.037065478847706466
834,150,0.037064769658220226
1143,223,0.037011487320861264
834,263,0.03697551929003983
843,552,0.03696979051721888
712,495,0.03696473533583505
144,470,0.03696464313144537
715,639,0.036946351224672005
184,799,0.036945120353268066
834,945,0.03692864390664932
577,569,0.036925401812091814
834,413,0.036899365367966085
834,757,0.03684846165390778
251,477,0.03684392242549858
834,683,0.0368349992271601
144,311,0.036829891019589486
715,126,0.03682286664837734
834,621,0.03681878288052305
1143,183,0.03681705039531134
1143,625,0.03677357730760178
834,1051,0.03674031240699535
834,930,0.03671662337313144
692,477,0.03670840449010645
1143,1032,0.036708382388593766
834,490,0.036692281289211
834,1166,0.03668935150032559
1143,474,0.03668362428733213
834,779,0.03666261922272814
834,197,0.03664708955519288
1143,785,0.03660188338811216
834,1001,0.03658968501222898
715,743,0.0365896617180316
715,250,0.03658400538883172
834,473,0.036577000753276225
834,458,0.036576582233295525
715,186,0.036562928015534533
715,203,0.036557229449329286
1143,806,0.03655696686848392
834,928,0.03655457851969127
1143,124,0.036553106846515235
692,552,0.03655281169046749
834,123,0.03654995222259758
692,311,0.03654526448164344
144,978,0.03654271337500058
834,85,0.036524719755053656
834,739,0.036516133629210086
834,760,0.03650978905437339
834,536,0.036503993167692254
712,883,0.036492696289346246
1143,472,0.03648059780137459
834,460,0.03646416911498041
834,958,0.03642357576404705
715,382,0.0364147479216064
834,1184,0.03639874986979491
715,324,0.0363878429012334
1143,731,0.03638241124130431
834,666,0.03638088476224203
251,452,0.03635179451039391
715,698,0.036345375948251955
712,987,0.036302714753668766
715,723,0.03628379194692418
834,803,0.036249456023114725
715,1028,0.03624817421750279
712,235,0.03623942583458834
1143,407,0.036209288346412925
712,196,0.03618011510791763
712,1002,0.03617470711817785
834,255,0.036172954224646475
146,869,0.0361628328894941
715,252,0.036138704202568574
962,842,0.03612541852031134
251,147,0.036110856178958574
834,585,0.03606213245158831
834,78,0.03606211508927054
712,60,0.03606112964829609
834,46,0.0360434340049965
834,867,0.03603880808494997
1143,39,0.03602045070857738
834,430,0.03599965786943144
834,755,0.03599215752885174
834,258,0.03596471971404632
834,257,0.03593633245956062
715,924,0.03591876653628877
715,633,0.035915503943580444
834,944,0.03590141551242059
834,574,0.035894501786823234
834,141,0.035894098758206885
834,178,0.03584790531310573
834,287,0.03584426583725141
834,1072,0.03584234401113658
577,190,0.03576604033147953
834,330,0.03573114546732662
712,866,0.035722297177836225
834,723,0.035707420379655345
834,702,0.03570514940076114
712,250,0.03570269271632963
715,154,0.035680842546250674
834,505,0.035664261843138714
184,477,0.035663451400121886
1143,518,0.035635230227881204
715,301,0.035620315682617316
577,1144,0.035616073472654455
834,444,0.03560725989704706
834,1152,0.03556699580901667
834,547,0.035560970879542346
184,552,0.03555818132318822
1143,196,0.03555327659539201
843,346,0.035543721104735596
251,1082,0.035540104788958436
251,346,0.03551822822705822
1143,856,0.03550799990321441
834,369,0.03549102805749191
1143,397,0.035474842783581456
184,569,0.03544484531051169
692,346,0.03544258068720744
834,949,0.03543560832801899
712,634,0.03543439163611985
834,66,0.03542719938392271
715,631,0.035421286880110994
834,313,0.035414785526085506
834,597,0.035409597151365164
712,888,0.03540126270507752
692,978,0.03539537794384132
834,699,0.03537340708968365
1143,1116,0.03537236332874453
577,452,0.03530092511749762
1143,1060,0.035287661579533426
144,1188,0.0352862855328709
712,1132,0.03526686647628436
834,137,0.035249292382251336
1143,1198,0.035245043013697686
834,328,0.03523955256829308
712,1032,0.03523802624678206
1143,355,0.03522979483122128
834,20,0.035216308849391004
834,641,0.03518811462245258
834,354,0.0351693677517323
834,231,0.03516701921442461
834,309,0.03515647717213789
843,594,0.03515323599643925
834,937,0.03513664220865016
712,1116,0.035123381659081035
715,452,0.03512098410656494
692,530,0.03510887760612627
712,203,0.035089701884385524
1143,324,0.035062115588262804
251,203,0.0350272612481553
712,1098,0.0350123758257565
834,1042,0.03500161050558765
843,477,0.03500055997989523
712,795,0.03498915923611712
146,308,0.034982311856617494
834,942,0.0349817908653676
1143,541,0.03496850224081981
1143,636,0.034941564876647575
692,470,0.03493819569246965
834,0,0.03491021364759848
834,56,0.03487490370461274
715,719,0.034871507997130624
184,346,0.034869923578596904
712,383,0.03486303923281376
834,292,0.03480665425901494
1143,244,0.03477623613626403
834,512,0.034751415212666864
712,637,0.03475082528659874
834,636,0.0347451554093155
577,301,0.03473941882309141
1143,631,0.034738014178966804
715,224,0.0346797294367978
834,884,0.03466838571633884
712,1058,0.034662451223112144
1143,963,0.03463534055681922
834,9,0.03463237134940962
1143,286,0.03462524856142076
834,93,0.03462439422047015
712,1056,0.03462417250923202
1143,883,0.03461770981640612
834,1183,0.0346147602318454
962,1082,0.034614370789858184
1143,252,0.03461298304895804
712,743,0.034606491952162095
715,398,0.034602150526136556
834,96,0.034596567238214276
577,532,0.034569382504640846
962,719,0.03455751348909854
712,17,0.034557289030092087
577,323,0.03454429996262055
834,607,0.03451430151675689
184,537,0.03451303068939677
834,58,0.03449338668440444
1143,253,0.034492906710956235
715,97,0.03448833430125525
834,327,0.03447139236208254
715,634,0.034466644862387597
712,633,0.03445787691835342
834,23,0.0344569757418138
834,936,0.03444875788183567
834,289,0.0344418367741398
692,190,0.03443435626845929
715,378,0.03441682169092652
577,147,0.03440991189367307
834,1151,0.0344007626050665
834,478,0.034373990465411175
834,489,0.034360224698659174
834,708,0.03435770633921809
834,508,0.03435693308236306
843,569,0.034336892503244086
712,785,0.034336239902363334
712,631,0.03432910286336868
715,553,0.034324573585262724
834,786,0.03429172627920791
834,351,0.03428497651915811
715,1098,0.03426360502323713
834,1044,0.03423361411482079
834,912,0.03422915472500097
146,1056,0.03422818274634872
1143,730,0.034205488569025576
834,494,0.03419652820408366
834,117,0.034184907233990244
778,323,0.034157854145276605
715,1083,0.03413775091564096
1143,126,0.034133331290753445
834,1039,0.034100713669850805
834,1,0.034084755168135715
834,352,0.034069338475832704
843,978,0.03406739788516562
843,311,0.03406675436692052
834,61,0.03405426152925006
692,1164,0.034018237285718046
144,552,0.03401780125006499
834,162,0.03399016005851464
712,243,0.033988960536519994
1143,658,0.033984732344142454
1143,903,0.033931536836090584
1143,17,0.03390807891226629
146,202,0.03390311711230112
1143,532,0.033859157267695866
834,291,0.033835486885969816
834,1177,0.033832544705729474
1143,235,0.03383153396712184
962,477,0.03377997521081514
146,1188,0.03376148339985354
834,563,0.033756839668222
834,493,0.03373652082332916
146,719,0.0337343656560417
834,16,0.03371295036285406
692,323,0.033702920754514275
834,400,0.03370008634159327
1143,383,0.03369796290245411
712,515,0.03369359811557417
251,190,0.03367570865905184
834,545,0.033666891740667254
184,594,0.03365955581962891
1143,609,0.03364511283851642
1143,1058,0.03363934576077225
715,1017,0.03361341673120635
144,190,0.03361078751623954
712,253,0.033600614787035556
834,188,0.03358795959729
712,398,0.03358044668650817
843,470,0.033571329796881634
834,1084,0.03352593940768737
834,557,0.03350256077914351
834,969,0.03348203995716368
834,555,0.03344038742239711
251,693,0.03344024146493949
184,1164,0.03341678087396421
144,799,0.03338316250929801
146,1082,0.033340217413214294
712,1028,0.03331616094364428
184,470,0.03331152797758917
834,519,0.0333113941250237
834,1071,0.03331089257391819
692,569,0.03327248373676459
144,537,0.03325127908537577
1143,1002,0.03324854041097347
146,1115,0.033226997283888664
715,765,0.03321517761997581
1143,987,0.03319901995865077
1143,1201,0.033185775135579666
834,214,0.033180283567216716
715,866,0.033170971037530396
712,661,0.033164120880119996
712,553,0.033163899980597066
1143,29,0.033160780516416334
1143,164,0.033131264644000534
834,104,0.03312974621377432
834,339,0.033080117910987986
834,868,0.03303827313866155
577,1082,0.033031898415203854
146,1130,0.03301207128569265
184,147,0.03300969636158091
144,346,0.03299567395814944
1143,805,0.03298039063941319
144,530,0.0329772234304528
715,592,0.03296678540902853
577,456,0.03296594308250672
251,537,0.03295859309459954
715,537,0.03294707792621605
712,605,0.032935866697404934
834,769,0.03291403697694874
834,507,0.03290748748851259
712,625,0.03290431734491899
577,842,0.032869157463254396
715,510,0.03283292291659243
834,748,0.03282436528612316
834,988,0.0327779174593067
834,837,0.03271936886838455
712,924,0.03271224641077231
251,592,0.03270671272714193
577,1028,0.032670903304135045
715,283,0.03265594101697806
1143,590,0.03263244808351933
184,323,0.032614034936867146
251,470,0.03259413920349174
144,262,0.0325874782183089
834,722,0.032572790473288274
712,382,0.0325616154954819
834,299,0.0325495426871621
144,1164,0.0324975642495973
712,532,0.03248444728293839
715,859,0.032455472627339915
1143,203,0.03244011277082988
712,639,0.03243316696887911
843,1164,0.03241973013864188
834,124,0.032406977040096804
715,661,0.03238843292378833
251,552,0.032372609536769334
834,1090,0.03235046727880296
712,859,0.032345749182651054
834,1146,0.03234225960066396
834,570,0.032302295012343545
144,569,0.03230020502667327
834,103,0.03224532879847133
692,594,0.03222579288231746
1143,852,0.03221370652974048
834,756,0.03220392067522438
1143,1132,0.0322000936584038
834,1175,0.032193214142453526
1143,605,0.032123146662323104
843,147,0.032103724619104414
843,190,0.03209525833392812
692,262,0.032083838284643375
577,693,0.032079402309620614
712,537,0.03205591572220447
834,1015,0.03202178689454076
834,667,0.03201749884022921
146,470,0.03201418716061868
834,600,0.03199108644005762
712,510,0.031983096776417176
1143,553,0.03194991157390367
834,385,0.03194593889206891
184,1118,0.03193629843048401
692,147,0.03193629592892722
712,1083,0.03193494142536337
692,1118,0.03193364648667192
834,777,0.03191952569633971
834,403,0.03187726351969143
251,262,0.03186936952973806
834,297,0.0318500773363156
146,594,0.03184902854964406
834,854,0.031808208336776424
834,514,0.03175538868850238
712,171,0.03175375436705166
715,243,0.03173213202721159
834,606,0.03173189458995596
1143,796,0.031722890970889504
251,799,0.031654646186772904
834,1120,0.03163508893204153
962,346,0.031631780321357536
1143,637,0.03163099816241724
715,380,0.031628147829136324
715,998,0.03162066534790516
1143,765,0.03160714716177447
144,477,0.03158862731253305
1143,802,0.03155586995318396
834,1006,0.03152876607062042
834,1003,0.03151946220758529
251,569,0.03151465693087095
834,1192,0.0314877250437442
834,1174,0.03145552914976374
834,407,0.03145279369127173
577,243,0.03144400994410679
144,1118,0.03143804331111686
834,436,0.031419796565843976
184,693,0.03135707077055798
577,765,0.03132485643283578
577,202,0.031286283718542474
834,453,0.03128131827186946
692,693,0.03127835074565839
1143,863,0.03126883152022795
715,860,0.031214715825059306
834,1057,0.031213105930681412
834,992,0.031210632565439406
834,1161,0.03120926075983117
834,404,0.031201355190128694
577,1118,0.0311879686652346
962,552,0.031165026380979618
962,311,0.0311598295337904
834,1180,0.031095822159187377
834,582,0.0310947447157515
251,311,0.03107662581918589
834,1186,0.031067735664893535
712,592,0.031049079461735716
184,190,0.0310446915858836
834,841,0.031021987455493394
834,523,0.030963202627474356
712,301,0.030921547091451812
1143,888,0.030895602837444504
715,95,0.03086780527611984
577,346,0.03083935714095291
834,1145,0.030834668640508708
1143,222,0.030825083505370558
834,163,0.030819135354815452
1143,633,0.030803479883768997
1143,661,0.030737138258472144
1143,186,0.030730566803257503
834,415,0.030688763772974387
1143,723,0.030686685725922046
251,1164,0.03064186875432122
712,1144,0.03063535213938686
962,569,0.030622443210449404
715,1130,0.030606710043840645
834,566,0.030567330997952908
715,456,0.030562653508909472
834,326,0.03053251838254842
962,470,0.03041018161516205
962,1164,0.03040888486426598
834,488,0.030401556287506192
834,593,0.030397769977193127
834,809,0.030352768388130235
146,477,0.03033458630612494
834,984,0.030306196065727473
834,654,0.030234822818344394
712,308,0.03021931077246548
1143,1169,0.03021713950468552
1143,84,0.030216240294234
834,466,0.030207019033448614
144,147,0.030174764525196584
834,1194,0.030144445614217922
146,1164,0.03013611268265808
834,579,0.030127604024890144
184,262,0.03012394452253514
834,314,0.03012391843633221
962,1188,0.030119791284708382
834,1091,0.030110111623297128
715,477,0.03010627944288977
1143,250,0.0301035959470094
834,1172,0.030094599720490466
843,1118,0.030089960149747887
715,799,0.030083452538092383
834,610,0.03007619087852859
834,1097,0.030062098205720898
1143,308,0.03003117822493989
834,116,0.0300230540220018
834,338,0.030019127650793766
834,487,0.030007544147386555
834,427,0.029959419016716473
712,1017,0.029949994547018233
712,154,0.029946399317266444
834,918,0.029931935038670594
834,4,0.029928659208301754
251,978,0.029928251010049527
834,850,0.029914714954067157
834,118,0.029905721788399314
144,594,0.029878366223498515
834,1069,0.029858204924690684
712,186,0.0297946681561457
962,978,0.029700148043782383
1143,510,0.02969460162742409
146,978,0.029690540556713396
712,698,0.02967895041871224
577,592,0.02966785334905729
834,677,0.02954326205367867
962,594,0.02953212283425189
834,377,0.029526651389054383
834,852,0.029497666610679464
962,147,0.029485142176170633
1143,537,0.029473305488359386
834,333,0.029459646246826322
834,388,0.02943543703121753
1143,924,0.029387532443752407
1143,515,0.029362134302947665
834,397,0.02931633652383809
577,860,0.02924042155200134
1143,698,0.029224475262856254
834,169,0.029218095882087385
1143,1017,0.029217134337369527
834,857,0.02919711136628868
577,799,0.029153943372472808
834,1185,0.02911542728130005
1143,97,0.02911057611176711
834,459,0.02908572893508352
712,224,0.029084816065063926
712,378,0.02906867893770377
834,1160,0.02906277907981597
577,530,0.029062740465553006
834,127,0.029052828291068974
834,892,0.02904027014307938
834,1187,0.02899767078841806
577,203,0.028967892864135234
843,262,0.028961828497174023
1143,639,0.028959621183425932
834,1131,0.028921063566747722
834,670,0.02889241484797461
251,323,0.028889699031408218
715,530,0.028846370204172567
715,1115,0.028813362003599675
1143,382,0.028768479225531135
834,383,0.02876471801843291
251,594,0.02876378723011629
1143,1098,0.028742426454242617
146,1118,0.028735094645857964
1143,378,0.028725781829649116
715,346,0.028724759954737677
712,869,0.028719558052800367
834,273,0.028690460941447227
712,97,0.028618379616296843
834,71,0.02859029118848533
715,308,0.028541658142633316
834,39,0.028514999859341302
834,139,0.028514689627740827
834,238,0.028508367162604346
834,901,0.0284689688153001
834,281,0.028391763666109338
834,342,0.02832788350419629
1143,154,0.02831490885116074
712,719,0.028271732510344635
834,135,0.02827046772864437
144,693,0.028245489865626368
1143,973,0.028243027638009628
146,552,0.028208392212854823
834,341,0.02818649870003255
1143,866,0.028175931238252093
712,998,0.028172055515624538
834,324,0.028162637141512067
1143,743,0.028151660316658104
834,789,0.02814153732681128
834,528,0.028129714570227456
834,472,0.028112131698645054
834,234,0.028083410233813937
1143,301,0.028076375606193523
834,1198,0.028053148550917364
843,693,0.028044418982747333
1143,452,0.028025380734782113
962,1118,0.027943393253635047
251,530,0.027931241179360734
834,1171,0.02792815777853895
1143,171,0.027839382133511784
834,186,0.0278218042389783
715,1082,0.027820386687684658
715,842,0.027795558334868405
712,765,0.027782299726634103
577,537,0.02775534313663249
834,1083,0.027738227278198264
144,323,0.027724265519939218
1143,634,0.027713036950765758
834,138,0.02757733468713495
834,1022,0.02755072319051795
146,693,0.02753499654751664
962,190,0.02753490188068619
834,497,0.02752603755622474
715,869,0.027524853988999398
1143,1083,0.027481918125450817
834,461,0.02747814513021465
712,283,0.027448180391993458
251,1118,0.027420101903105953
1143,283,0.027381067776218324
1143,795,0.027323652243664513
834,68,0.02730626556097473
712,799,0.027298336818714655
834,754,0.02725731181184877
712,452,0.02723719334298877
834,877,0.027207858243469323
834,344,0.027126383486553253
834,171,0.02710664054211499
146,262,0.027081307007411966
834,284,0.027079867112435308
834,483,0.027025656691350843
834,968,0.026978757602180103
843,323,0.0269506824549051
834,1112,0.02694520895294716
962,693,0.026933567121654865
834,495,0.026906963431759242
712,380,0.02679277506987709
834,994,0.026739378381534402
1143,592,0.026718605333339158
834,218,0.02668375295756439
962,262,0.02667592745924399
146,311,0.026643123090091765
1143,869,0.026611621609723423
834,227,0.02660554843970503
834,998,0.026577798142280208
712,552,0.02654655332857499
834,787,0.02654306093940322
834,875,0.02651359649975219
834,904,0.026484971152192595
1143,243,0.026467221001685
715,978,0.026466895313786872
834,29,0.026465451977076924
834,362,0.026422383909785144
834,658,0.02641171306080786
834,698,0.026408246760027777
834,1109,0.026400329320898377
834,204,0.02636108804623958
834,195,0.026360130921001503
834,987,0.026266804437083017
1143,860,0.0262458700065209
834,802,0.02618362863943458
834,605,0.026095418856050188
834,393,0.026063789219283356
577,594,0.026004530519973278
712,1130,0.026002693794800892
834,300,0.02594811339312078
834,395,0.025882640157132642
1143,398,0.02583955728460463
962,323,0.025831877641621866
834,348,0.02578345148702296
715,1188,0.025699935613677203
834,340,0.025692929221082596
834,183,0.025681364540077335
715,1056,0.02565104073701464
712,95,0.025645050374670682
1143,998,0.02563964513635172
1143,380,0.025627925526579096
712,530,0.025599701025730073
834,7,0.025522157356478694
834,421,0.025503303093687868
834,553,0.025442579260261503
712,842,0.025431740031211847
834,1070,0.02542537913040691
146,147,0.025372902705657053
834,26,0.025368248751124683
834,796,0.025363389399023273
834,590,0.02535787714674733
834,244,0.025332253376092403
1143,1056,0.025325981052595443
834,321,0.025281609751716293
146,190,0.025275299957441422
712,978,0.025200228631977836
834,510,0.025193897729730595
146,323,0.025166841584809325
834,581,0.025052702784470467
834,215,0.025021468201034878
834,223,0.025010082969800028
715,569,0.024958536779970633
834,633,0.024855181648004706
834,1169,0.024814434007331364
834,881,0.02481132958690027
712,1082,0.024799546721925154
834,475,0.024759842088291927
1143,224,0.024750240647819364
1143,552,0.024750183225582003
1143,95,0.024737726418733074
834,805,0.024736751786106254
712,860,0.024711739000176678
834,751,0.024696042753706127
712,1115,0.0245450796872868
834,706,0.024544646789132905
715,1164,0.024522132223292917
834,1002,0.02447662752892806
715,262,0.024410583172549745
834,963,0.024363360623475893
712,311,0.024356179997795695
834,1055,0.02434904462452589
834,431,0.0243060554507363
712,147,0.024215676463755033
1143,530,0.024211741327472513
712,1188,0.024180556694783344
834,1028,0.024154317179161038
834,515,0.02412917932637005
1143,859,0.02410430919025865
1143,719,0.024083320853213123
1143,1130,0.024027819004971626
834,532,0.023935667662837244
834,1060,0.023875553076365304
834,91,0.023829518115059102
834,398,0.02374137368252593
1143,477,0.02373568871248703
834,222,0.023728939049401616
834,743,0.023728090634556553
1143,799,0.023724746492865944
834,1132,0.02369798498743625
834,1078,0.023689293161041937
715,202,0.023686755467990005
1143,842,0.023672453729240043
834,888,0.023602422058443855
834,625,0.02355758255844263
712,470,0.023537387659076706
834,687,0.023482661645189407
834,1074,0.023339453679067874
834,252,0.023319081402705652
715,594,0.023308364093892475
834,637,0.023242879519309808
834,305,0.023151205931974617
712,202,0.023094908526852635
834,541,0.02298629148507527
712,477,0.02298404852851278
715,552,0.02298200819887672
834,235,0.022790380666172963
834,731,0.02272922395343276
834,806,0.022566129662035403
834,164,0.022501117906335296
834,355,0.02245296088174153
712,190,0.022437562417176114
712,569,0.022388247370130836
834,551,0.022387798656026154
834,286,0.02237196800948263
834,866,0.02234916300738767
834,518,0.022212353691346536
715,1118,0.022152364090318497
712,262,0.022123061716069932
834,1116,0.02209562598608355
712,594,0.02196938601109333
712,346,0.02193174112786088
834,156,0.021912385504152095
834,149,0.021897170541312617
834,5,0.021864772282405506
715,311,0.02177087164775297
834,856,0.02176150142598668
834,661,0.02170066879849924
1143,202,0.021676045396069245
834,474,0.021616996250935005
834,1201,0.02154871831738812
834,301,0.021543298145218086
715,693,0.02138198609504223
834,859,0.021374225934542017
834,60,0.021251074329327345
834,1032,0.02123104259084849
834,730,0.021130457373843108
715,190,0.02112958318185069
834,382,0.02112080939664655
712,1164,0.02109539207636698
834,196,0.020919595732660456
834,795,0.020916789491999165
1143,1082,0.02090565996498641
834,452,0.020890567984636337
834,924,0.02087376795677063
834,785,0.020863213783743076
712,693,0.020733145501925267
715,470,0.020708253692554413
834,253,0.0206635526973748
1143,147,0.020599060713358028
834,609,0.020524640571375125
834,84,0.020433750308147508
1143,1188,0.020426451038781483
1143,311,0.02040211776618331
834,765,0.02036357598396473
712,1118,0.020363239271287484
1143,1115,0.02033424779174392
834,250,0.02032845459148142
834,799,0.020242770349584792
834,1144,0.020068493996486747
834,973,0.019886504831691496
834,456,0.019791418975792334
712,323,0.019654154328197556
834,903,0.019642282806629774
834,742,0.0196333608943872
1143,569,0.01958553009044655
834,537,0.01946939854727878
715,147,0.019453401843979742
1143,190,0.01933223640158861
1143,470,0.01930534376022914
834,17,0.019214913787739343
834,1195,0.01915804037395807
834,883,0.019137757910935846
715,323,0.01903052690785052
834,391,0.018889588434420852
1143,978,0.018878878304668594
834,1058,0.018867682474963943
834,860,0.01884042300791305
834,97,0.018742660698095825
834,224,0.01867929576516809
834,842,0.018634293283168263
834,154,0.018601394663173974
1143,594,0.01845894550133891
834,634,0.01840810380087502
834,592,0.01830024003019203
834,1098,0.018267250425799353
1143,346,0.018264908021439687
834,639,0.01818604106440174
834,243,0.01770773001186475
834,869,0.017596237553171717
834,283,0.01757232327923161
834,631,0.017549221909281404
834,863,0.017519993313250614
1143,1118,0.017512931785668543
834,1082,0.017407074546061715
834,380,0.01739691670621999
834,203,0.017352262909894823
1143,262,0.017301625635202565
834,1056,0.01728535913729857
834,126,0.017144465668555965
1143,1164,0.0171059337559915
834,530,0.017054264678444276
1143,323,0.017011475896359634
834,202,0.016928048132742877
1143,693,0.016802849334926675
834,978,0.01651594463302457
834,378,0.01641789863258654
834,594,0.016223676168500612
834,1130,0.016216794353231704
834,95,0.015211478235494926
834,719,0.015074855412945192
834,693,0.01466875550880044
834,1017,0.014482038090720187
834,308,0.014365106745311102
834,190,0.0143106653394478
834,311,0.014157594922844933
834,346,0.01386412233291712
834,1115,0.013863145701484132
834,569,0.013728857668399437
834,147,0.013360760218454401
834,477,0.013345990657872626
834,470,0.012950149750754028
834,1188,0.01271595776038002
834,1164,0.012543834400702418
834,1118,0.012345640073667676
834,323,0.01180339154854669
834,552,0.010911907740757235
834,262,0.010103762506690686
